Rose
0.0096
0.0697
0.0096
0.0004
0.0096
0.0075
0.7578
0.0070
0.7452
0.0096
0.0044
0.7595
0.0041
0.7463
0.0096
0.4991
0.8016
0.5060
0.7895
0.0096
0.5072
0.8044
0.5132
0.7898
0.0096
0.6616
0.8244
0.6601
0.8128
0.0096
0.6730
0.8248
0.6622
0.8131
0.0096
0.7539
0.8510
0.7566
0.8458
0.0092
0.8011
0.8682
0.8042
0.8653
0.0030
0.8490
0.8606
0.8499
0.8566
0.6789
0.8491
0.8751
0.8496
0.8717
0.6773
0.8459
0.8628
0.8469
0.8570
0.1365
0.8459
0.8628
0.8469
0.8570
0.1365
0.8378
0.8618
0.8397
0.8558
0.0037
0.7837
0.8372
0.7835
0.8201
0.0082
0.6698
0.8348
0.6714
0.8173
0.0086
0.6522
0.7608
0.6501
0.7114
0.0087
0.2359
0.6738
0.1930
0.5545
0.0087
0.2008
0.6632
0.1585
0.5540
0.0087
0.0005
0.5843
0.0016
0.4506
0.0087
0.0012
0.5740
0.0029
0.4467
0.0087
0.0084
0.4140
0.0083
0.1515
0.0087
0.0084
0.4123
0.0083
0.1515
0.0087
0.0084
0.4123
0.0083
0.1515
0.0087
FairView
0.0096
0.0697
0.0096
0.0004
0.0096
0.0075
0.7578
0.0070
0.7452
0.0096
0.0044
0.7595
0.0041
0.7463
0.0096
0.4991
0.8016
0.5060
0.7895
0.0096
0.5072
0.8044
0.5132
0.7898
0.0096
0.6616
0.8244
0.6601
0.8128
0.0096
0.6730
0.8248
0.6622
0.8131
0.0096
0.7539
0.8510
0.7566
0.8458
0.0092
0.8011
0.8682
0.8042
0.8653
0.0030
0.8490
0.8606
0.8499
0.8566
0.6789
0.8491
0.8751
0.8496
0.8717
0.6773
0.8459
0.8628
0.8469
0.8570
0.1365
0.8459
0.8628
0.8469
0.8570
0.1365
0.8378
0.8618
0.8397
0.8558
0.0037
0.7837
0.8372
0.7835
0.8201
0.0082
0.6698
0.8348
0.6714
0.8173
0.0086
0.6522
0.7608
0.6501
0.7114
0.0087
0.2359
0.6738
0.1930
0.5545
0.0087
0.2008
0.6632
0.1585
0.5540
0.0087
0.0005
0.5843
0.0016
0.4506
0.0087
0.0012
0.5740
0.0029
0.4467
0.0087
0.0084
0.4140
0.0083
0.1515
0.0087
0.0084
0.4123
0.0083
0.1515
0.0087
0.0084
0.4123
0.0083
0.1515
0.0087
Bell
0.0096
0.0697
0.0096
0.0004
0.0096
0.0075
0.7578
0.0070
0.7452
0.0096
0.0044
0.7595
0.0041
0.7463
0.0096
0.4991
0.8016
0.5060
0.7895
0.0096
0.5072
0.8044
0.5132
0.7898
0.0096
0.6616
0.8244
0.6601
0.8128
0.0096
0.6730
0.8248
0.6622
0.8131
0.0096
0.7539
0.8510
0.7566
0.8458
0.0092
0.8011
0.8682
0.8042
0.8653
0.0030
0.8490
0.8606
0.8499
0.8566
0.6789
0.8491
0.8751
0.8496
0.8717
0.6773
0.8459
0.8628
0.8469
0.8570
0.1365
0.8459
0.8628
0.8469
0.8570
0.1365
0.8378
0.8618
0.8397
0.8558
0.0037
0.7837
0.8372
0.7835
0.8201
0.0082
0.6698
0.8348
0.6714
0.8173
0.0086
0.6522
0.7608
0.6501
0.7114
0.0087
0.2359
0.6738
0.1930
0.5545
0.0087
0.2008
0.6632
0.1585
0.5540
0.0087
0.0005
0.5843
0.0016
0.4506
0.0087
0.0012
0.5740
0.0029
0.4467
0.0087
0.0084
0.4140
0.0083
0.1515
0.0087
0.0084
0.4123
0.0083
0.1515
0.0087
0.0084
0.4123
0.0083
0.1515
0.0087
IngramN
0.0096
0.0697
0.0096
0.0004
0.0096
0.0075
0.7578
0.0070
0.7452
0.0096
0.0044
0.7595
0.0041
0.7463
0.0096
0.4991
0.8016
0.5060
0.7895
0.0096
0.5072
0.8044
0.5132
0.7898
0.0096
0.6616
0.8244
0.6601
0.8128
0.0096
0.6730
0.8248
0.6622
0.8131
0.0096
0.7539
0.8510
0.7566
0.8458
0.0092
0.8011
0.8682
0.8042
0.8653
0.0030
0.8490
0.8606
0.8499
0.8566
0.6789
0.8491
0.8751
0.8496
0.8717
0.6773
0.8459
0.8628
0.8469
0.8570
0.1365
0.8459
0.8628
0.8469
0.8570
0.1365
0.8378
0.8618
0.8397
0.8558
0.0037
0.7837
0.8372
0.7835
0.8201
0.0082
0.6698
0.8348
0.6714
0.8173
0.0086
0.6522
0.7608
0.6501
0.7114
0.0087
0.2359
0.6738
0.1930
0.5545
0.0087
0.2008
0.6632
0.1585
0.5540
0.0087
0.0005
0.5843
0.0016
0.4506
0.0087
0.0012
0.5740
0.0029
0.4467
0.0087
0.0084
0.4140
0.0083
0.1515
0.0087
0.0084
0.4123
0.0083
0.1515
0.0087
0.0084
0.4123
0.0083
0.1515
0.0087
IngramS
0.0096
0.0697
0.0096
0.0004
0.0096
0.0075
0.7578
0.0070
0.7452
0.0096
0.0044
0.7595
0.0041
0.7463
0.0096
0.4991
0.8016
0.5060
0.7895
0.0096
0.5072
0.8044
0.5132
0.7898
0.0096
0.6616
0.8244
0.6601
0.8128
0.0096
0.6730
0.8248
0.6622
0.8131
0.0096
0.7539
0.8510
0.7566
0.8458
0.0092
0.8011
0.8682
0.8042
0.8653
0.0030
0.8490
0.8606
0.8499
0.8566
0.6789
0.8491
0.8751
0.8496
0.8717
0.6773
0.8459
0.8628
0.8469
0.8570
0.1365
0.8459
0.8628
0.8469
0.8570
0.1365
0.8378
0.8618
0.8397
0.8558
0.0037
0.7837
0.8372
0.7835
0.8201
0.0082
0.6698
0.8348
0.6714
0.8173
0.0086
0.6522
0.7608
0.6501
0.7114
0.0087
0.2359
0.6738
0.1930
0.5545
0.0087
0.2008
0.6632
0.1585
0.5540
0.0087
0.0005
0.5843
0.0016
0.4506
0.0087
0.0012
0.5740
0.0029
0.4467
0.0087
0.0084
0.4140
0.0083
0.1515
0.0087
0.0084
0.4123
0.0083
0.1515
0.0087
0.0084
0.4123
0.0083
0.1515
0.0087
ParkingServ
0.0096
0.0697
0.0096
0.0004
0.0096
0.0075
0.7578
0.0070
0.7452
0.0096
0.0044
0.7595
0.0041
0.7463
0.0096
0.4991
0.8016
0.5060
0.7895
0.0096
0.5072
0.8044
0.5132
0.7898
0.0096
0.6616
0.8244
0.6601
0.8128
0.0096
0.6730
0.8248
0.6622
0.8131
0.0096
0.7539
0.8510
0.7566
0.8458
0.0092
0.8011
0.8682
0.8042
0.8653
0.0030
0.8490
0.8606
0.8499
0.8566
0.6789
0.8491
0.8751
0.8496
0.8717
0.6773
0.8459
0.8628
0.8469
0.8570
0.1365
0.8459
0.8628
0.8469
0.8570
0.1365
0.8378
0.8618
0.8397
0.8558
0.0037
0.7837
0.8372
0.7835
0.8201
0.0082
0.6698
0.8348
0.6714
0.8173
0.0086
0.6522
0.7608
0.6501
0.7114
0.0087
0.2359
0.6738
0.1930
0.5545
0.0087
0.2008
0.6632
0.1585
0.5540
0.0087
0.0005
0.5843
0.0016
0.4506
0.0087
0.0012
0.5740
0.0029
0.4467
0.0087
0.0084
0.4140
0.0083
0.1515
0.0087
0.0084
0.4123
0.0083
0.1515
0.0087
0.0084
0.4123
0.0083
0.1515
0.0087
MainSt
0.0096
0.0697
0.0096
0.0004
0.0096
0.0075
0.7578
0.0070
0.7452
0.0096
0.0044
0.7595
0.0041
0.7463
0.0096
0.4991
0.8016
0.5060
0.7895
0.0096
0.5072
0.8044
0.5132
0.7898
0.0096
0.6616
0.8244
0.6601
0.8128
0.0096
0.6730
0.8248
0.6622
0.8131
0.0096
0.7539
0.8510
0.7566
0.8458
0.0092
0.8011
0.8682
0.8042
0.8653
0.0030
0.8490
0.8606
0.8499
0.8566
0.6789
0.8491
0.8751
0.8496
0.8717
0.6773
0.8459
0.8628
0.8469
0.8570
0.1365
0.8459
0.8628
0.8469
0.8570
0.1365
0.8378
0.8618
0.8397
0.8558
0.0037
0.7837
0.8372
0.7835
0.8201
0.0082
0.6698
0.8348
0.6714
0.8173
0.0086
0.6522
0.7608
0.6501
0.7114
0.0087
0.2359
0.6738
0.1930
0.5545
0.0087
0.2008
0.6632
0.1585
0.5540
0.0087
0.0005
0.5843
0.0016
0.4506
0.0087
0.0012
0.5740
0.0029
0.4467
0.0087
0.0084
0.4140
0.0083
0.1515
0.0087
0.0084
0.4123
0.0083
0.1515
0.0087
0.0084
0.4123
0.0083
0.1515
0.0087
PublicSafety
0.0096
0.0697
0.0096
0.0004
0.0096
0.0075
0.7578
0.0070
0.7452
0.0096
0.0044
0.7595
0.0041
0.7463
0.0096
0.4991
0.8016
0.5060
0.7895
0.0096
0.5072
0.8044
0.5132
0.7898
0.0096
0.6616
0.8244
0.6601
0.8128
0.0096
0.6730
0.8248
0.6622
0.8131
0.0096
0.7539
0.8510
0.7566
0.8458
0.0092
0.8011
0.8682
0.8042
0.8653
0.0030
0.8490
0.8606
0.8499
0.8566
0.6789
0.8491
0.8751
0.8496
0.8717
0.6773
0.8459
0.8628
0.8469
0.8570
0.1365
0.8459
0.8628
0.8469
0.8570
0.1365
0.8378
0.8618
0.8397
0.8558
0.0037
0.7837
0.8372
0.7835
0.8201
0.0082
0.6698
0.8348
0.6714
0.8173
0.0086
0.6522
0.7608
0.6501
0.7114
0.0087
0.2359
0.6738
0.1930
0.5545
0.0087
0.2008
0.6632
0.1585
0.5540
0.0087
0.0005
0.5843
0.0016
0.4506
0.0087
0.0012
0.5740
0.0029
0.4467
0.0087
0.0084
0.4140
0.0083
0.1515
0.0087
0.0084
0.4123
0.0083
0.1515
0.0087
0.0084
0.4123
0.0083
0.1515
0.0087
CollegeHeights
0.0096
0.0697
0.0096
0.0004
0.0096
0.0075
0.7578
0.0070
0.7452
0.0096
0.0044
0.7595
0.0041
0.7463
0.0096
0.4991
0.8016
0.5060
0.7895
0.0096
0.5072
0.8044
0.5132
0.7898
0.0096
0.6616
0.8244
0.6601
0.8128
0.0096
0.6730
0.8248
0.6622
0.8131
0.0096
0.7539
0.8510
0.7566
0.8458
0.0092
0.8011
0.8682
0.8042
0.8653
0.0030
0.8490
0.8606
0.8499
0.8566
0.6789
0.8491
0.8751
0.8496
0.8717
0.6773
0.8459
0.8628
0.8469
0.8570
0.1365
0.8459
0.8628
0.8469
0.8570
0.1365
0.8378
0.8618
0.8397
0.8558
0.0037
0.7837
0.8372
0.7835
0.8201
0.0082
0.6698
0.8348
0.6714
0.8173
0.0086
0.6522
0.7608
0.6501
0.7114
0.0087
0.2359
0.6738
0.1930
0.5545
0.0087
0.2008
0.6632
0.1585
0.5540
0.0087
0.0005
0.5843
0.0016
0.4506
0.0087
0.0012
0.5740
0.0029
0.4467
0.0087
0.0084
0.4140
0.0083
0.1515
0.0087
0.0084
0.4123
0.0083
0.1515
0.0087
0.0084
0.4123
0.0083
0.1515
0.0087
SportsPlex
0.0096
0.0697
0.0096
0.0004
0.0096
0.0075
0.7578
0.0070
0.7452
0.0096
0.0044
0.7595
0.0041
0.7463
0.0096
0.4991
0.8016
0.5060
0.7895
0.0096
0.5072
0.8044
0.5132
0.7898
0.0096
0.6616
0.8244
0.6601
0.8128
0.0096
0.6730
0.8248
0.6622
0.8131
0.0096
0.7539
0.8510
0.7566
0.8458
0.0092
0.8011
0.8682
0.8042
0.8653
0.0030
0.8490
0.8606
0.8499
0.8566
0.6789
0.8491
0.8751
0.8496
0.8717
0.6773
0.8459
0.8628
0.8469
0.8570
0.1365
0.8459
0.8628
0.8469
0.8570
0.1365
0.8378
0.8618
0.8397
0.8558
0.0037
0.7837
0.8372
0.7835
0.8201
0.0082
0.6698
0.8348
0.6714
0.8173
0.0086
0.6522
0.7608
0.6501
0.7114
0.0087
0.2359
0.6738
0.1930
0.5545
0.0087
0.2008
0.6632
0.1585
0.5540
0.0087
0.0005
0.5843
0.0016
0.4506
0.0087
0.0012
0.5740
0.0029
0.4467
0.0087
0.0084
0.4140
0.0083
0.1515
0.0087
0.0084
0.4123
0.0083
0.1515
0.0087
0.0084
0.4123
0.0083
0.1515
0.0087
CityView
0.0096
0.0697
0.0096
0.0004
0.0096
0.0075
0.7578
0.0070
0.7452
0.0096
0.0044
0.7595
0.0041
0.7463
0.0096
0.4991
0.8016
0.5060
0.7895
0.0096
0.5072
0.8044
0.5132
0.7898
0.0096
0.6616
0.8244
0.6601
0.8128
0.0096
0.6730
0.8248
0.6622
0.8131
0.0096
0.7539
0.8510
0.7566
0.8458
0.0092
0.8011
0.8682
0.8042
0.8653
0.0030
0.8490
0.8606
0.8499
0.8566
0.6789
0.8491
0.8751
0.8496
0.8717
0.6773
0.8459
0.8628
0.8469
0.8570
0.1365
0.8459
0.8628
0.8469
0.8570
0.1365
0.8378
0.8618
0.8397
0.8558
0.0037
0.7837
0.8372
0.7835
0.8201
0.0082
0.6698
0.8348
0.6714
0.8173
0.0086
0.6522
0.7608
0.6501
0.7114
0.0087
0.2359
0.6738
0.1930
0.5545
0.0087
0.2008
0.6632
0.1585
0.5540
0.0087
0.0005
0.5843
0.0016
0.4506
0.0087
0.0012
0.5740
0.0029
0.4467
0.0087
0.0084
0.4140
0.0083
0.1515
0.0087
0.0084
0.4123
0.0083
0.1515
0.0087
0.0084
0.4123
0.0083
0.1515
0.0087
GreekRow
0.0096
0.0697
0.0096
0.0004
0.0096
0.0075
0.7578
0.0070
0.7452
0.0096
0.0044
0.7595
0.0041
0.7463
0.0096
0.4991
0.8016
0.5060
0.7895
0.0096
0.5072
0.8044
0.5132
0.7898
0.0096
0.6616
0.8244
0.6601
0.8128
0.0096
0.6730
0.8248
0.6622
0.8131
0.0096
0.7539
0.8510
0.7566
0.8458
0.0092
0.8011
0.8682
0.8042
0.8653
0.0030
0.8490
0.8606
0.8499
0.8566
0.6789
0.8491
0.8751
0.8496
0.8717
0.6773
0.8459
0.8628
0.8469
0.8570
0.1365
0.8459
0.8628
0.8469
0.8570
0.1365
0.8378
0.8618
0.8397
0.8558
0.0037
0.7837
0.8372
0.7835
0.8201
0.0082
0.6698
0.8348
0.6714
0.8173
0.0086
0.6522
0.7608
0.6501
0.7114
0.0087
0.2359
0.6738
0.1930
0.5545
0.0087
0.2008
0.6632
0.1585
0.5540
0.0087
0.0005
0.5843
0.0016
0.4506
0.0087
0.0012
0.5740
0.0029
0.4467
0.0087
0.0084
0.4140
0.0083
0.1515
0.0087
0.0084
0.4123
0.0083
0.1515
0.0087
0.0084
0.4123
0.0083
0.1515
0.0087
Rutherford
0.0096
0.0697
0.0096
0.0004
0.0096
0.0075
0.7578
0.0070
0.7452
0.0096
0.0044
0.7595
0.0041
0.7463
0.0096
0.4991
0.8016
0.5060
0.7895
0.0096
0.5072
0.8044
0.5132
0.7898
0.0096
0.6616
0.8244
0.6601
0.8128
0.0096
0.6730
0.8248
0.6622
0.8131
0.0096
0.7539
0.8510
0.7566
0.8458
0.0092
0.8011
0.8682
0.8042
0.8653
0.0030
0.8490
0.8606
0.8499
0.8566
0.6789
0.8491
0.8751
0.8496
0.8717
0.6773
0.8459
0.8628
0.8469
0.8570
0.1365
0.8459
0.8628
0.8469
0.8570
0.1365
0.8378
0.8618
0.8397
0.8558
0.0037
0.7837
0.8372
0.7835
0.8201
0.0082
0.6698
0.8348
0.6714
0.8173
0.0086
0.6522
0.7608
0.6501
0.7114
0.0087
0.2359
0.6738
0.1930
0.5545
0.0087
0.2008
0.6632
0.1585
0.5540
0.0087
0.0005
0.5843
0.0016
0.4506
0.0087
0.0012
0.5740
0.0029
0.4467
0.0087
0.0084
0.4140
0.0083
0.1515
0.0087
0.0084
0.4123
0.0083
0.1515
0.0087
0.0084
0.4123
0.0083
0.1515
0.0087
Softball
0.0096
0.0697
0.0096
0.0004
0.0096
0.0075
0.7578
0.0070
0.7452
0.0096
0.0044
0.7595
0.0041
0.7463
0.0096
0.4991
0.8016
0.5060
0.7895
0.0096
0.5072
0.8044
0.5132
0.7898
0.0096
0.6616
0.8244
0.6601
0.8128
0.0096
0.6730
0.8248
0.6622
0.8131
0.0096
0.7539
0.8510
0.7566
0.8458
0.0092
0.8011
0.8682
0.8042
0.8653
0.0030
0.8490
0.8606
0.8499
0.8566
0.6789
0.8491
0.8751
0.8496
0.8717
0.6773
0.8459
0.8628
0.8469
0.8570
0.1365
0.8459
0.8628
0.8469
0.8570
0.1365
0.8378
0.8618
0.8397
0.8558
0.0037
0.7837
0.8372
0.7835
0.8201
0.0082
0.6698
0.8348
0.6714
0.8173
0.0086
0.6522
0.7608
0.6501
0.7114
0.0087
0.2359
0.6738
0.1930
0.5545
0.0087
0.2008
0.6632
0.1585
0.5540
0.0087
0.0005
0.5843
0.0016
0.4506
0.0087
0.0012
0.5740
0.0029
0.4467
0.0087
0.0084
0.4140
0.0083
0.1515
0.0087
0.0084
0.4123
0.0083
0.1515
0.0087
0.0084
0.4123
0.0083
0.1515
0.0087
Ezell
0.0096
0.0697
0.0096
0.0004
0.0096
0.0075
0.7578
0.0070
0.7452
0.0096
0.0044
0.7595
0.0041
0.7463
0.0096
0.4991
0.8016
0.5060
0.7895
0.0096
0.5072
0.8044
0.5132
0.7898
0.0096
0.6616
0.8244
0.6601
0.8128
0.0096
0.6730
0.8248
0.6622
0.8131
0.0096
0.7539
0.8510
0.7566
0.8458
0.0092
0.8011
0.8682
0.8042
0.8653
0.0030
0.8490
0.8606
0.8499
0.8566
0.6789
0.8491
0.8751
0.8496
0.8717
0.6773
0.8459
0.8628
0.8469
0.8570
0.1365
0.8459
0.8628
0.8469
0.8570
0.1365
0.8378
0.8618
0.8397
0.8558
0.0037
0.7837
0.8372
0.7835
0.8201
0.0082
0.6698
0.8348
0.6714
0.8173
0.0086
0.6522
0.7608
0.6501
0.7114
0.0087
0.2359
0.6738
0.1930
0.5545
0.0087
0.2008
0.6632
0.1585
0.5540
0.0087
0.0005
0.5843
0.0016
0.4506
0.0087
0.0012
0.5740
0.0029
0.4467
0.0087
0.0084
0.4140
0.0083
0.1515
0.0087
0.0084
0.4123
0.0083
0.1515
0.0087
0.0084
0.4123
0.0083
0.1515
0.0087
MtsuBlvdG
0.0096
0.0697
0.0096
0.0004
0.0096
0.0075
0.7578
0.0070
0.7452
0.0096
0.0044
0.7595
0.0041
0.7463
0.0096
0.4991
0.8016
0.5060
0.7895
0.0096
0.5072
0.8044
0.5132
0.7898
0.0096
0.6616
0.8244
0.6601
0.8128
0.0096
0.6730
0.8248
0.6622
0.8131
0.0096
0.7539
0.8510
0.7566
0.8458
0.0092
0.8011
0.8682
0.8042
0.8653
0.0030
0.8490
0.8606
0.8499
0.8566
0.6789
0.8491
0.8751
0.8496
0.8717
0.6773
0.8459
0.8628
0.8469
0.8570
0.1365
0.8459
0.8628
0.8469
0.8570
0.1365
0.8378
0.8618
0.8397
0.8558
0.0037
0.7837
0.8372
0.7835
0.8201
0.0082
0.6698
0.8348
0.6714
0.8173
0.0086
0.6522
0.7608
0.6501
0.7114
0.0087
0.2359
0.6738
0.1930
0.5545
0.0087
0.2008
0.6632
0.1585
0.5540
0.0087
0.0005
0.5843
0.0016
0.4506
0.0087
0.0012
0.5740
0.0029
0.4467
0.0087
0.0084
0.4140
0.0083
0.1515
0.0087
0.0084
0.4123
0.0083
0.1515
0.0087
0.0084
0.4123
0.0083
0.1515
0.0087
Rec
0.0096
0.0697
0.0096
0.0004
0.0096
0.0075
0.7578
0.0070
0.7452
0.0096
0.0044
0.7595
0.0041
0.7463
0.0096
0.4991
0.8016
0.5060
0.7895
0.0096
0.5072
0.8044
0.5132
0.7898
0.0096
0.6616
0.8244
0.6601
0.8128
0.0096
0.6730
0.8248
0.6622
0.8131
0.0096
0.7539
0.8510
0.7566
0.8458
0.0092
0.8011
0.8682
0.8042
0.8653
0.0030
0.8490
0.8606
0.8499
0.8566
0.6789
0.8491
0.8751
0.8496
0.8717
0.6773
0.8459
0.8628
0.8469
0.8570
0.1365
0.8459
0.8628
0.8469
0.8570
0.1365
0.8378
0.8618
0.8397
0.8558
0.0037
0.7837
0.8372
0.7835
0.8201
0.0082
0.6698
0.8348
0.6714
0.8173
0.0086
0.6522
0.7608
0.6501
0.7114
0.0087
0.2359
0.6738
0.1930
0.5545
0.0087
0.2008
0.6632
0.1585
0.5540
0.0087
0.0005
0.5843
0.0016
0.4506
0.0087
0.0012
0.5740
0.0029
0.4467
0.0087
0.0084
0.4140
0.0083
0.1515
0.0087
0.0084
0.4123
0.0083
0.1515
0.0087
0.0084
0.4123
0.0083
0.1515
0.0087
Abernathy
0.0096
0.0697
0.0096
0.0004
0.0096
0.0075
0.7578
0.0070
0.7452
0.0096
0.0044
0.7595
0.0041
0.7463
0.0096
0.4991
0.8016
0.5060
0.7895
0.0096
0.5072
0.8044
0.5132
0.7898
0.0096
0.6616
0.8244
0.6601
0.8128
0.0096
0.6730
0.8248
0.6622
0.8131
0.0096
0.7539
0.8510
0.7566
0.8458
0.0092
0.8011
0.8682
0.8042
0.8653
0.0030
0.8490
0.8606
0.8499
0.8566
0.6789
0.8491
0.8751
0.8496
0.8717
0.6773
0.8459
0.8628
0.8469
0.8570
0.1365
0.8459
0.8628
0.8469
0.8570
0.1365
0.8378
0.8618
0.8397
0.8558
0.0037
0.7837
0.8372
0.7835
0.8201
0.0082
0.6698
0.8348
0.6714
0.8173
0.0086
0.6522
0.7608
0.6501
0.7114
0.0087
0.2359
0.6738
0.1930
0.5545
0.0087
0.2008
0.6632
0.1585
0.5540
0.0087
0.0005
0.5843
0.0016
0.4506
0.0087
0.0012
0.5740
0.0029
0.4467
0.0087
0.0084
0.4140
0.0083
0.1515
0.0087
0.0084
0.4123
0.0083
0.1515
0.0087
0.0084
0.4123
0.0083
0.1515
0.0087
MTSU
0.0096
0.0697
0.0096
0.0004
0.0096
0.0075
0.7578
0.0070
0.7452
0.0096
0.0044
0.7595
0.0041
0.7463
0.0096
0.4991
0.8016
0.5060
0.7895
0.0096
0.5072
0.8044
0.5132
0.7898
0.0096
0.6616
0.8244
0.6601
0.8128
0.0096
0.6730
0.8248
0.6622
0.8131
0.0096
0.7539
0.8510
0.7566
0.8458
0.0092
0.8011
0.8682
0.8042
0.8653
0.0030
0.8490
0.8606
0.8499
0.8566
0.6789
0.8491
0.8751
0.8496
0.8717
0.6773
0.8459
0.8628
0.8469
0.8570
0.1365
0.8459
0.8628
0.8469
0.8570
0.1365
0.8378
0.8618
0.8397
0.8558
0.0037
0.7837
0.8372
0.7835
0.8201
0.0082
0.6698
0.8348
0.6714
0.8173
0.0086
0.6522
0.7608
0.6501
0.7114
0.0087
0.2359
0.6738
0.1930
0.5545
0.0087
0.2008
0.6632
0.1585
0.5540
0.0087
0.0005
0.5843
0.0016
0.4506
0.0087
0.0012
0.5740
0.0029
0.4467
0.0087
0.0084
0.4140
0.0083
0.1515
0.0087
0.0084
0.4123
0.0083
0.1515
0.0087
0.0084
0.4123
0.0083
0.1515
0.0087
Highland
0.0096
0.0697
0.0096
0.0004
0.0096
0.0075
0.7578
0.0070
0.7452
0.0096
0.0044
0.7595
0.0041
0.7463
0.0096
0.4991
0.8016
0.5060
0.7895
0.0096
0.5072
0.8044
0.5132
0.7898
0.0096
0.6616
0.8244
0.6601
0.8128
0.0096
0.6730
0.8248
0.6622
0.8131
0.0096
0.7539
0.8510
0.7566
0.8458
0.0092
0.8011
0.8682
0.8042
0.8653
0.0030
0.8490
0.8606
0.8499
0.8566
0.6789
0.8491
0.8751
0.8496
0.8717
0.6773
0.8459
0.8628
0.8469
0.8570
0.1365
0.8459
0.8628
0.8469
0.8570
0.1365
0.8378
0.8618
0.8397
0.8558
0.0037
0.7837
0.8372
0.7835
0.8201
0.0082
0.6698
0.8348
0.6714
0.8173
0.0086
0.6522
0.7608
0.6501
0.7114
0.0087
0.2359
0.6738
0.1930
0.5545
0.0087
0.2008
0.6632
0.1585
0.5540
0.0087
0.0005
0.5843
0.0016
0.4506
0.0087
0.0012
0.5740
0.0029
0.4467
0.0087
0.0084
0.4140
0.0083
0.1515
0.0087
0.0084
0.4123
0.0083
0.1515
0.0087
0.0084
0.4123
0.0083
0.1515
0.0087
MEC
0.0096
0.0697
0.0096
0.0004
0.0096
0.0075
0.7578
0.0070
0.7452
0.0096
0.0044
0.7595
0.0041
0.7463
0.0096
0.4991
0.8016
0.5060
0.7895
0.0096
0.5072
0.8044
0.5132
0.7898
0.0096
0.6616
0.8244
0.6601
0.8128
0.0096
0.6730
0.8248
0.6622
0.8131
0.0096
0.7539
0.8510
0.7566
0.8458
0.0092
0.8011
0.8682
0.8042
0.8653
0.0030
0.8490
0.8606
0.8499
0.8566
0.6789
0.8491
0.8751
0.8496
0.8717
0.6773
0.8459
0.8628
0.8469
0.8570
0.1365
0.8459
0.8628
0.8469
0.8570
0.1365
0.8378
0.8618
0.8397
0.8558
0.0037
0.7837
0.8372
0.7835
0.8201
0.0082
0.6698
0.8348
0.6714
0.8173
0.0086
0.6522
0.7608
0.6501
0.7114
0.0087
0.2359
0.6738
0.1930
0.5545
0.0087
0.2008
0.6632
0.1585
0.5540
0.0087
0.0005
0.5843
0.0016
0.4506
0.0087
0.0012
0.5740
0.0029
0.4467
0.0087
0.0084
0.4140
0.0083
0.1515
0.0087
0.0084
0.4123
0.0083
0.1515
0.0087
0.0084
0.4123
0.0083
0.1515
0.0087
Jackson
0.0096
0.0697
0.0096
0.0004
0.0096
0.0075
0.7578
0.0070
0.7452
0.0096
0.0044
0.7595
0.0041
0.7463
0.0096
0.4991
0.8016
0.5060
0.7895
0.0096
0.5072
0.8044
0.5132
0.7898
0.0096
0.6616
0.8244
0.6601
0.8128
0.0096
0.6730
0.8248
0.6622
0.8131
0.0096
0.7539
0.8510
0.7566
0.8458
0.0092
0.8011
0.8682
0.8042
0.8653
0.0030
0.8490
0.8606
0.8499
0.8566
0.6789
0.8491
0.8751
0.8496
0.8717
0.6773
0.8459
0.8628
0.8469
0.8570
0.1365
0.8459
0.8628
0.8469
0.8570
0.1365
0.8378
0.8618
0.8397
0.8558
0.0037
0.7837
0.8372
0.7835
0.8201
0.0082
0.6698
0.8348
0.6714
0.8173
0.0086
0.6522
0.7608
0.6501
0.7114
0.0087
0.2359
0.6738
0.1930
0.5545
0.0087
0.2008
0.6632
0.1585
0.5540
0.0087
0.0005
0.5843
0.0016
0.4506
0.0087
0.0012
0.5740
0.0029
0.4467
0.0087
0.0084
0.4140
0.0083
0.1515
0.0087
0.0084
0.4123
0.0083
0.1515
0.0087
0.0084
0.4123
0.0083
0.1515
0.0087
Livestock
0.0096
0.0697
0.0096
0.0004
0.0096
0.0075
0.7578
0.0070
0.7452
0.0096
0.0044
0.7595
0.0041
0.7463
0.0096
0.4991
0.8016
0.5060
0.7895
0.0096
0.5072
0.8044
0.5132
0.7898
0.0096
0.6616
0.8244
0.6601
0.8128
0.0096
0.6730
0.8248
0.6622
0.8131
0.0096
0.7539
0.8510
0.7566
0.8458
0.0092
0.8011
0.8682
0.8042
0.8653
0.0030
0.8490
0.8606
0.8499
0.8566
0.6789
0.8491
0.8751
0.8496
0.8717
0.6773
0.8459
0.8628
0.8469
0.8570
0.1365
0.8459
0.8628
0.8469
0.8570
0.1365
0.8378
0.8618
0.8397
0.8558
0.0037
0.7837
0.8372
0.7835
0.8201
0.0082
0.6698
0.8348
0.6714
0.8173
0.0086
0.6522
0.7608
0.6501
0.7114
0.0087
0.2359
0.6738
0.1930
0.5545
0.0087
0.2008
0.6632
0.1585
0.5540
0.0087
0.0005
0.5843
0.0016
0.4506
0.0087
0.0012
0.5740
0.0029
0.4467
0.0087
0.0084
0.4140
0.0083
0.1515
0.0087
0.0084
0.4123
0.0083
0.1515
0.0087
0.0084
0.4123
0.0083
0.1515
0.0087
Greenhouse
0.0096
0.0697
0.0096
0.0004
0.0096
0.0075
0.7578
0.0070
0.7452
0.0096
0.0044
0.7595
0.0041
0.7463
0.0096
0.4991
0.8016
0.5060
0.7895
0.0096
0.5072
0.8044
0.5132
0.7898
0.0096
0.6616
0.8244
0.6601
0.8128
0.0096
0.6730
0.8248
0.6622
0.8131
0.0096
0.7539
0.8510
0.7566
0.8458
0.0092
0.8011
0.8682
0.8042
0.8653
0.0030
0.8490
0.8606
0.8499
0.8566
0.6789
0.8491
0.8751
0.8496
0.8717
0.6773
0.8459
0.8628
0.8469
0.8570
0.1365
0.8459
0.8628
0.8469
0.8570
0.1365
0.8378
0.8618
0.8397
0.8558
0.0037
0.7837
0.8372
0.7835
0.8201
0.0082
0.6698
0.8348
0.6714
0.8173
0.0086
0.6522
0.7608
0.6501
0.7114
0.0087
0.2359
0.6738
0.1930
0.5545
0.0087
0.2008
0.6632
0.1585
0.5540
0.0087
0.0005
0.5843
0.0016
0.4506
0.0087
0.0012
0.5740
0.0029
0.4467
0.0087
0.0084
0.4140
0.0083
0.1515
0.0087
0.0084
0.4123
0.0083
0.1515
0.0087
0.0084
0.4123
0.0083
0.1515
0.0087
ChampionWayG
0.0096
0.0697
0.0096
0.0004
0.0096
0.0075
0.7578
0.0070
0.7452
0.0096
0.0044
0.7595
0.0041
0.7463
0.0096
0.4991
0.8016
0.5060
0.7895
0.0096
0.5072
0.8044
0.5132
0.7898
0.0096
0.6616
0.8244
0.6601
0.8128
0.0096
0.6730
0.8248
0.6622
0.8131
0.0096
0.7539
0.8510
0.7566
0.8458
0.0092
0.8011
0.8682
0.8042
0.8653
0.0030
0.8490
0.8606
0.8499
0.8566
0.6789
0.8491
0.8751
0.8496
0.8717
0.6773
0.8459
0.8628
0.8469
0.8570
0.1365
0.8459
0.8628
0.8469
0.8570
0.1365
0.8378
0.8618
0.8397
0.8558
0.0037
0.7837
0.8372
0.7835
0.8201
0.0082
0.6698
0.8348
0.6714
0.8173
0.0086
0.6522
0.7608
0.6501
0.7114
0.0087
0.2359
0.6738
0.1930
0.5545
0.0087
0.2008
0.6632
0.1585
0.5540
0.0087
0.0005
0.5843
0.0016
0.4506
0.0087
0.0012
0.5740
0.0029
0.4467
0.0087
0.0084
0.4140
0.0083
0.1515
0.0087
0.0084
0.4123
0.0083
0.1515
0.0087
0.0084
0.4123
0.0083
0.1515
0.0087
Greenland
0.0096
0.0697
0.0096
0.0004
0.0096
0.0075
0.7578
0.0070
0.7452
0.0096
0.0044
0.7595
0.0041
0.7463
0.0096
0.4991
0.8016
0.5060
0.7895
0.0096
0.5072
0.8044
0.5132
0.7898
0.0096
0.6616
0.8244
0.6601
0.8128
0.0096
0.6730
0.8248
0.6622
0.8131
0.0096
0.7539
0.8510
0.7566
0.8458
0.0092
0.8011
0.8682
0.8042
0.8653
0.0030
0.8490
0.8606
0.8499
0.8566
0.6789
0.8491
0.8751
0.8496
0.8717
0.6773
0.8459
0.8628
0.8469
0.8570
0.1365
0.8459
0.8628
0.8469
0.8570
0.1365
0.8378
0.8618
0.8397
0.8558
0.0037
0.7837
0.8372
0.7835
0.8201
0.0082
0.6698
0.8348
0.6714
0.8173
0.0086
0.6522
0.7608
0.6501
0.7114
0.0087
0.2359
0.6738
0.1930
0.5545
0.0087
0.2008
0.6632
0.1585
0.5540
0.0087
0.0005
0.5843
0.0016
0.4506
0.0087
0.0012
0.5740
0.0029
0.4467
0.0087
0.0084
0.4140
0.0083
0.1515
0.0087
0.0084
0.4123
0.0083
0.1515
0.0087
0.0084
0.4123
0.0083
0.1515
0.0087
MiddleTN
0.0096
0.0697
0.0096
0.0004
0.0096
0.0075
0.7578
0.0070
0.7452
0.0096
0.0044
0.7595
0.0041
0.7463
0.0096
0.4991
0.8016
0.5060
0.7895
0.0096
0.5072
0.8044
0.5132
0.7898
0.0096
0.6616
0.8244
0.6601
0.8128
0.0096
0.6730
0.8248
0.6622
0.8131
0.0096
0.7539
0.8510
0.7566
0.8458
0.0092
0.8011
0.8682
0.8042
0.8653
0.0030
0.8490
0.8606
0.8499
0.8566
0.6789
0.8491
0.8751
0.8496
0.8717
0.6773
0.8459
0.8628
0.8469
0.8570
0.1365
0.8459
0.8628
0.8469
0.8570
0.1365
0.8378
0.8618
0.8397
0.8558
0.0037
0.7837
0.8372
0.7835
0.8201
0.0082
0.6698
0.8348
0.6714
0.8173
0.0086
0.6522
0.7608
0.6501
0.7114
0.0087
0.2359
0.6738
0.1930
0.5545
0.0087
0.2008
0.6632
0.1585
0.5540
0.0087
0.0005
0.5843
0.0016
0.4506
0.0087
0.0012
0.5740
0.0029
0.4467
0.0087
0.0084
0.4140
0.0083
0.1515
0.0087
0.0084
0.4123
0.0083
0.1515
0.0087
0.0084
0.4123
0.0083
0.1515
0.0087
