Rose
0.0
0.0094
0.0
0.0
0.0
0.0
0.7705
0.0
0.7579
0.0
0.0
0.7723
0.0
0.759
0.0
0.5085
0.8144
0.5168
0.8023
0.0
0.5183
0.8173
0.5254
0.8026
0.0
0.6741
0.8374
0.6726
0.8257
0.0
0.6855
0.8377
0.6747
0.826
0.0
0.7666
0.8635
0.7693
0.8583
0.0
0.8139
0.8806
0.817
0.8777
0.0
0.8615
0.8731
0.8624
0.8691
0.6914
0.8617
0.8875
0.8621
0.8841
0.6898
0.8585
0.8753
0.8595
0.8695
0.0772
0.8585
0.8753
0.8595
0.8695
0.0772
0.8508
0.8743
0.8522
0.8683
0.0
0.7965
0.8502
0.7963
0.833
0.0
0.6824
0.8478
0.6839
0.8302
0.0
0.6647
0.7736
0.6625
0.724
0.0
0.1798
0.6864
0.1353
0.5669
0.0
0.1434
0.6758
0.0998
0.5664
0.0
0.0
0.5967
0.0
0.4488
0.0
0.0
0.5865
0.0
0.4439
0.0
0.0
0.4023
0.0
0.0927
0.0
0.0
0.4002
0.0
0.0927
0.0
0.0
0.4002
0.0
0.0927
0.0
FairView
0.0377
0.0068
0.0377
0.0015
0.0378
0.0309
0.7389
0.0293
0.7266
0.0377
0.0198
0.7405
0.0187
0.7277
0.0377
0.4854
0.7813
0.4935
0.7696
0.0377
0.4949
0.7841
0.5018
0.7699
0.0377
0.6456
0.8035
0.6441
0.7922
0.0377
0.6567
0.8039
0.6462
0.7925
0.0377
0.7351
0.8288
0.7377
0.8238
0.0366
0.7809
0.8454
0.7839
0.8426
0.0142
0.8269
0.8381
0.8278
0.8342
0.6624
0.8271
0.8521
0.8276
0.8489
0.6608
0.824
0.8402
0.825
0.8346
0.0713
0.824
0.8402
0.825
0.8346
0.0713
0.8166
0.8393
0.818
0.8335
0.0169
0.7641
0.8159
0.7639
0.7993
0.0336
0.6536
0.8136
0.6551
0.7966
0.0353
0.6365
0.7418
0.6344
0.6939
0.0355
0.1687
0.6574
0.1265
0.5418
0.0356
0.1341
0.6472
0.0928
0.5413
0.0356
0.0056
0.5707
0.0093
0.4276
0.0356
0.0082
0.5607
0.0142
0.4229
0.0356
0.035
0.3825
0.0348
0.0859
0.0356
0.035
0.3804
0.0348
0.0859
0.0356
0.035
0.3804
0.0348
0.0859
0.0356
Bell
0.3629
0.0002
0.3629
0.0293
0.3633
0.3054
0.4726
0.2904
0.4641
0.3631
0.2001
0.4737
0.1897
0.4648
0.3626
0.2959
0.5021
0.3016
0.4939
0.3626
0.3025
0.504
0.3073
0.4941
0.3626
0.4075
0.5176
0.4065
0.5097
0.3626
0.4152
0.5178
0.4079
0.5099
0.3626
0.4699
0.5354
0.4717
0.5318
0.3548
0.5018
0.5472
0.5038
0.5452
0.1481
0.534
0.542
0.5346
0.5393
0.4192
0.5342
0.552
0.5345
0.5497
0.4181
0.532
0.5435
0.5326
0.5395
0.0345
0.532
0.5435
0.5326
0.5395
0.0345
0.5267
0.5429
0.5276
0.5387
0.1726
0.4901
0.5262
0.4899
0.5146
0.3308
0.4131
0.5246
0.4141
0.5127
0.3455
0.4012
0.4745
0.3997
0.4411
0.347
0.0866
0.4158
0.0639
0.3354
0.3475
0.0682
0.4087
0.0459
0.335
0.3475
0.0663
0.3555
0.101
0.2559
0.3475
0.0911
0.3485
0.1472
0.2526
0.3475
0.3432
0.2243
0.3422
0.0424
0.3475
0.3432
0.2229
0.3422
0.0424
0.3475
0.3432
0.2229
0.3422
0.0424
0.3475
IngramN
0.7333
0.0
0.7333
0.0681
0.734
0.6221
0.1726
0.5919
0.1684
0.7338
0.4104
0.1732
0.3896
0.1688
0.7328
0.0852
0.1872
0.088
0.1832
0.7328
0.0884
0.1882
0.0908
0.1833
0.7328
0.1404
0.1949
0.1398
0.191
0.7328
0.1442
0.195
0.1405
0.1911
0.7328
0.1712
0.2039
0.1721
0.202
0.7189
0.187
0.2101
0.188
0.209
0.3069
0.2031
0.2074
0.2034
0.2059
0.1462
0.2031
0.2126
0.2033
0.2114
0.1456
0.202
0.2082
0.2024
0.2061
0.0
0.202
0.2082
0.2024
0.2061
0.0
0.1992
0.2078
0.1997
0.2056
0.3553
0.1811
0.1991
0.181
0.1934
0.673
0.1431
0.1983
0.1436
0.1924
0.702
0.1372
0.1737
0.1364
0.1571
0.7045
0.0
0.1447
0.0
0.1048
0.7055
0.0
0.1411
0.0
0.1046
0.7055
0.1419
0.1148
0.2118
0.0655
0.7055
0.1917
0.1114
0.3045
0.0639
0.7055
0.6975
0.0502
0.6958
0.0
0.7055
0.6975
0.0495
0.6958
0.0
0.7055
0.6975
0.0495
0.6958
0.0
0.7055
IngramS
1.0
0.0978
1.0
0.1893
1.0
0.9049
0.0
0.866
0.0
1.0
0.6317
0.0
0.6049
0.0
1.0
0.0
0.0
0.0
0.0
1.0
0.0
0.0
0.0
0.0
1.0
0.0
0.0
0.0
0.0
1.0
0.0
0.0
0.0
0.0
1.0
0.0
0.0
0.0
0.0
1.0
0.0
0.0
0.0
0.0
0.498
0.0
0.0
0.0
0.0
0.0
0.0
0.0
0.0
0.0
0.0
0.0
0.0
0.0
0.0
0.0718
0.0
0.0
0.0
0.0
0.0718
0.0
0.0
0.0
0.0
0.5607
0.0
0.0
0.0
0.0
0.9706
0.0
0.0
0.0
0.0
1.0
0.0
0.0
0.0
0.0
1.0
0.0314
0.0
0.0491
0.0
1.0
0.0457
0.0
0.063
0.0
1.0
0.2851
0.0
0.3756
0.0
1.0
0.3495
0.0
0.4952
0.0
1.0
1.0
0.0
1.0
0.0654
1.0
1.0
0.0
1.0
0.0654
1.0
1.0
0.0
1.0
0.0654
1.0
ParkingServ
0.5783
0.7068
0.5783
0.7259
0.572
0.8817
0.6109
0.8731
0.6129
0.5737
0.8218
0.6106
0.8159
0.6127
0.5821
0.6505
0.6043
0.6493
0.6062
0.5821
0.649
0.6039
0.648
0.6061
0.5821
0.6254
0.6008
0.6256
0.6026
0.5821
0.6237
0.6007
0.6253
0.6026
0.5821
0.6113
0.5935
0.6109
0.5956
0.7031
0.6042
0.5866
0.6037
0.5878
0.7931
0.5941
0.5896
0.5937
0.5912
0.6228
0.594
0.5838
0.5938
0.5851
0.6229
0.5954
0.5888
0.595
0.5911
0.707
0.5954
0.5888
0.595
0.5911
0.707
0.5985
0.5892
0.5979
0.5916
0.8061
0.6067
0.5989
0.6068
0.6014
0.8959
0.6241
0.5992
0.6239
0.6018
0.8487
0.6268
0.6107
0.6271
0.6181
0.8265
0.7083
0.6241
0.7079
0.6421
0.8183
0.7079
0.6256
0.7075
0.6421
0.8183
0.7461
0.6376
0.7659
0.66
0.8183
0.7602
0.6393
0.7921
0.6608
0.8183
0.8866
0.6676
0.902
0.7076
0.8183
0.8866
0.668
0.902
0.7076
0.8183
0.8866
0.668
0.902
0.7076
0.8183
MainSt
0.4825
0.7429
0.4825
0.7503
0.4758
0.8197
0.7045
0.8159
0.7057
0.4776
0.7928
0.7043
0.7901
0.7056
0.4866
0.7293
0.7004
0.7286
0.7016
0.4866
0.7284
0.7001
0.7278
0.7015
0.4866
0.7135
0.6981
0.7137
0.6993
0.4866
0.7124
0.6981
0.7135
0.6993
0.4866
0.7047
0.6921
0.7044
0.694
0.616
0.7002
0.6858
0.6999
0.6869
0.7803
0.6926
0.6885
0.6923
0.69
0.7119
0.6924
0.6833
0.6923
0.6845
0.7119
0.6938
0.6878
0.6934
0.6899
0.7513
0.6938
0.6878
0.6934
0.6899
0.7513
0.6965
0.6882
0.696
0.6903
0.7857
0.7018
0.6969
0.7018
0.6985
0.826
0.7127
0.6972
0.7126
0.6988
0.7716
0.7144
0.7045
0.7147
0.7091
0.7478
0.7649
0.7129
0.7592
0.7242
0.7391
0.7601
0.7139
0.7546
0.7243
0.7391
0.7589
0.7215
0.7679
0.7355
0.7391
0.7653
0.7225
0.7796
0.736
0.7391
0.8121
0.7406
0.8286
0.7538
0.7391
0.8121
0.7408
0.8286
0.7538
0.7391
0.8121
0.7408
0.8286
0.7538
0.7391
PublicSafety
0.526
1.0
0.5259
1.0
0.5167
1.0
0.7831
1.0
0.7878
0.5192
1.0
0.7825
1.0
0.7874
0.5316
0.8786
0.7671
0.8756
0.7716
0.5316
0.8751
0.7661
0.8725
0.7714
0.5316
0.8183
0.7587
0.8188
0.763
0.5316
0.8141
0.7586
0.818
0.7629
0.5316
0.7844
0.7444
0.7834
0.7482
0.7084
0.7672
0.7319
0.7661
0.7341
1.0
0.7458
0.7374
0.7452
0.7404
0.8119
0.7457
0.7269
0.7454
0.7294
0.8125
0.7481
0.7358
0.7474
0.7401
1.0
0.7481
0.7358
0.7474
0.7401
1.0
0.7538
0.7365
0.7527
0.741
1.0
0.7736
0.7541
0.7737
0.7603
1.0
0.8152
0.755
0.8146
0.7614
0.9214
0.8217
0.7821
0.8225
0.8001
0.889
1.0
0.814
1.0
0.8577
0.877
1.0
0.8179
1.0
0.8579
0.877
1.0
0.8468
1.0
0.9008
0.877
1.0
0.8505
1.0
0.9026
0.877
0.977
0.9178
0.9995
1.0
0.877
0.977
0.9186
0.9995
1.0
0.877
0.977
0.9186
0.9995
1.0
0.877
CollegeHeights
0.3509
0.7841
0.3509
0.7758
0.3437
0.7301
0.8294
0.7324
0.8296
0.3456
0.7472
0.8293
0.7489
0.8295
0.3554
0.8321
0.829
0.832
0.8292
0.3554
0.8319
0.829
0.832
0.8291
0.3554
0.8303
0.8287
0.8303
0.8288
0.3554
0.8302
0.8287
0.8303
0.8288
0.3554
0.8293
0.8246
0.8293
0.8262
0.4948
0.8288
0.8194
0.8287
0.8203
0.7565
0.825
0.8216
0.8247
0.8229
0.8302
0.8248
0.8173
0.8247
0.8183
0.8301
0.8259
0.8211
0.8256
0.8228
0.8042
0.8259
0.8211
0.8256
0.8228
0.8042
0.8282
0.8213
0.8278
0.8231
0.7517
0.8288
0.8286
0.8288
0.8287
0.7257
0.8302
0.8286
0.8302
0.8287
0.6621
0.8304
0.8297
0.8305
0.8301
0.6365
0.8348
0.8307
0.8217
0.8318
0.6271
0.8239
0.8308
0.8111
0.8318
0.6271
0.769
0.8317
0.7636
0.8331
0.6271
0.765
0.8318
0.7559
0.8332
0.6271
0.7058
0.8344
0.7235
0.809
0.6271
0.7058
0.8344
0.7235
0.809
0.6271
0.7058
0.8344
0.7235
0.809
0.6271
SportsPlex
0.2118
0.9148
0.2117
0.8857
0.203
0.6839
1.0
0.6948
1.0
0.2054
0.7613
1.0
0.7688
1.0
0.2171
1.0
1.0
1.0
1.0
0.2171
1.0
1.0
1.0
1.0
0.2171
1.0
1.0
1.0
1.0
0.2171
1.0
1.0
1.0
1.0
0.2171
1.0
0.9955
1.0
0.9973
0.3833
1.0
0.9896
1.0
0.9906
0.7991
0.9962
0.9922
0.996
0.9936
1.0
0.9962
0.9873
0.996
0.9884
1.0
0.9973
0.9915
0.997
0.9935
0.9462
0.9973
0.9915
0.997
0.9935
0.9462
1.0
0.9918
0.9995
0.9939
0.7816
1.0
1.0
1.0
1.0
0.6654
1.0
1.0
1.0
1.0
0.5831
1.0
1.0
1.0
1.0
0.5527
0.9922
1.0
0.972
1.0
0.5415
0.9757
1.0
0.9559
1.0
0.5415
0.8589
1.0
0.8334
1.0
0.5415
0.8407
1.0
0.7995
1.0
0.5415
0.6355
1.0
0.6565
0.9525
0.5415
0.6355
1.0
0.6565
0.9525
0.5415
0.6355
1.0
0.6565
0.9525
0.5415
CityView
0.1761
0.7894
0.176
0.7623
0.1686
0.5836
0.9734
0.5932
0.9716
0.1706
0.6522
0.9736
0.6588
0.9717
0.1807
0.9355
0.9798
0.9367
0.978
0.1807
0.9369
0.9802
0.938
0.9781
0.1807
0.9594
0.9831
0.9592
0.9814
0.1807
0.9611
0.9831
0.9595
0.9814
0.1807
0.9728
0.983
0.9733
0.9838
0.3241
0.9797
0.9804
0.9801
0.9808
0.6859
0.9833
0.9815
0.9832
0.9821
0.962
0.9832
0.9793
0.9832
0.9798
0.9617
0.9837
0.9812
0.9836
0.9821
0.8265
0.9837
0.9812
0.9836
0.9821
0.8265
0.9849
0.9813
0.9847
0.9822
0.6701
0.9771
0.9849
0.9771
0.9824
0.5672
0.9607
0.9846
0.9609
0.982
0.4962
0.9581
0.9739
0.9578
0.9667
0.4699
0.881
0.9613
0.8572
0.9439
0.4602
0.8614
0.9597
0.838
0.9438
0.4602
0.7385
0.9483
0.7159
0.9268
0.4602
0.7223
0.9468
0.6859
0.9261
0.4602
0.5412
0.9204
0.5594
0.834
0.4602
0.5412
0.92
0.5594
0.834
0.4602
0.5412
0.92
0.5594
0.834
0.4602
GreekRow
0.1349
0.6487
0.1348
0.6238
0.1287
0.4701
0.9445
0.4784
0.9407
0.1303
0.5291
0.9451
0.5347
0.941
0.1386
0.8639
0.9581
0.8665
0.9544
0.1386
0.8669
0.959
0.8691
0.9545
0.1386
0.9148
0.9651
0.9144
0.9616
0.1386
0.9184
0.9653
0.915
0.9616
0.1386
0.9434
0.97
0.9442
0.9697
0.2564
0.9579
0.9711
0.9589
0.9709
0.5584
0.9698
0.9706
0.9699
0.9703
0.9203
0.9698
0.9715
0.9699
0.9713
0.9197
0.9696
0.9707
0.9697
0.9704
0.6924
0.9696
0.9707
0.9697
0.9704
0.6924
0.9691
0.9707
0.9692
0.9703
0.5445
0.9524
0.9691
0.9524
0.9638
0.456
0.9174
0.9684
0.9179
0.9629
0.3974
0.912
0.9456
0.9113
0.9303
0.3759
0.7566
0.9187
0.7286
0.8818
0.3679
0.7335
0.9154
0.706
0.8816
0.3679
0.6031
0.891
0.5838
0.8453
0.3679
0.5893
0.8879
0.558
0.8438
0.3679
0.4344
0.8315
0.4493
0.7013
0.3679
0.4344
0.8309
0.4493
0.7013
0.3679
0.4344
0.8309
0.4493
0.7013
0.3679
Rutherford
0.1239
0.7059
0.1239
0.6772
0.1172
0.4926
0.9787
0.5026
0.9753
0.119
0.5634
0.9791
0.5702
0.9756
0.128
0.9087
0.9904
0.911
0.9872
0.128
0.9113
0.9912
0.9132
0.9872
0.128
0.9529
0.9965
0.9525
0.9934
0.128
0.956
0.9966
0.9531
0.9935
0.128
0.9776
1.0
0.9783
1.0
0.2566
0.9902
1.0
0.9911
1.0
0.5981
1.0
1.0
1.0
1.0
0.9576
1.0
1.0
1.0
1.0
0.9571
1.0
1.0
1.0
1.0
0.7493
1.0
1.0
1.0
1.0
0.7493
1.0
1.0
1.0
1.0
0.5819
0.9855
0.9999
0.9855
0.9953
0.4757
0.9551
0.9993
0.9555
0.9946
0.4109
0.9504
0.9795
0.9498
0.9663
0.3874
0.8137
0.9562
0.7856
0.9243
0.3787
0.7906
0.9534
0.7631
0.9241
0.3787
0.6526
0.9323
0.6292
0.8927
0.3787
0.6359
0.9296
0.5983
0.8914
0.3787
0.4514
0.8806
0.4677
0.7584
0.3787
0.4514
0.88
0.4677
0.7584
0.3787
0.4514
0.88
0.4677
0.7584
0.3787
Softball
0.1207
0.5759
0.1206
0.553
0.1152
0.4176
0.9239
0.4247
0.919
0.1167
0.4695
0.9245
0.4744
0.9194
0.124
0.8229
0.9409
0.8261
0.9362
0.124
0.8266
0.942
0.8294
0.9363
0.124
0.8866
0.9497
0.8861
0.9452
0.124
0.8911
0.9498
0.8869
0.9453
0.124
0.9224
0.9569
0.9235
0.956
0.2285
0.9406
0.9598
0.9418
0.9593
0.4955
0.9565
0.9585
0.9567
0.9578
0.8935
0.9565
0.9609
0.9566
0.9603
0.8927
0.956
0.9589
0.9561
0.9579
0.6224
0.956
0.9589
0.9561
0.9579
0.6224
0.9546
0.9587
0.9549
0.9577
0.4832
0.9337
0.9547
0.9337
0.948
0.4051
0.8899
0.9537
0.8905
0.9469
0.3533
0.8831
0.9252
0.8823
0.906
0.3341
0.6906
0.8915
0.6609
0.8452
0.3271
0.666
0.8874
0.6369
0.845
0.3271
0.5346
0.8568
0.5177
0.7995
0.3271
0.5224
0.8529
0.4949
0.7976
0.3271
0.386
0.7823
0.3992
0.6318
0.3271
0.386
0.7814
0.3992
0.6318
0.3271
0.386
0.7814
0.3992
0.6318
0.3271
Ezell
0.1854
0.5717
0.1854
0.5557
0.18
0.4705
0.8697
0.4748
0.8656
0.1815
0.5031
0.8703
0.5062
0.8659
0.1887
0.7832
0.8843
0.786
0.8803
0.1887
0.7864
0.8853
0.7888
0.8804
0.1887
0.8378
0.8918
0.8373
0.888
0.1887
0.8416
0.8919
0.838
0.8881
0.1887
0.8685
0.8977
0.8695
0.8971
0.2915
0.884
0.8996
0.8851
0.8992
0.5204
0.8972
0.8987
0.8974
0.8982
0.8438
0.8971
0.9004
0.8973
0.8999
0.843
0.8968
0.899
0.897
0.8983
0.6124
0.8968
0.899
0.897
0.8983
0.6124
0.8958
0.8989
0.896
0.8981
0.5119
0.878
0.8962
0.8779
0.8904
0.4625
0.8406
0.8953
0.8412
0.8894
0.4136
0.8347
0.8711
0.8341
0.8546
0.3948
0.6713
0.8421
0.6457
0.8023
0.3878
0.6498
0.8386
0.6249
0.8021
0.3878
0.5437
0.8124
0.5334
0.7631
0.3878
0.5361
0.809
0.5189
0.7615
0.3878
0.4457
0.749
0.4587
0.6203
0.3878
0.4457
0.7482
0.4587
0.6203
0.3878
0.4457
0.7482
0.4587
0.6203
0.3878
MtsuBlvdG
0.136
0.5404
0.136
0.5207
0.1309
0.4109
0.8958
0.4166
0.8907
0.1323
0.453
0.8965
0.457
0.8911
0.1391
0.7902
0.9136
0.7935
0.9087
0.1391
0.7941
0.9147
0.797
0.9088
0.1391
0.8568
0.9228
0.8563
0.9181
0.1391
0.8615
0.9229
0.8571
0.9182
0.1391
0.8943
0.9307
0.8954
0.9296
0.2368
0.9133
0.934
0.9146
0.9334
0.4746
0.9302
0.9325
0.9304
0.9317
0.8641
0.9301
0.9354
0.9302
0.9347
0.8633
0.9295
0.933
0.9297
0.9318
0.5863
0.9295
0.933
0.9297
0.9318
0.5863
0.9279
0.9328
0.9282
0.9315
0.4642
0.906
0.928
0.906
0.921
0.4008
0.8603
0.927
0.861
0.9198
0.3531
0.8531
0.8973
0.8523
0.8772
0.3352
0.6532
0.8619
0.6241
0.8134
0.3286
0.6289
0.8576
0.6005
0.8132
0.3286
0.5056
0.8256
0.4921
0.7656
0.3286
0.4957
0.8215
0.4735
0.7637
0.3286
0.3836
0.7478
0.396
0.5953
0.3286
0.3836
0.747
0.396
0.5953
0.3286
0.3836
0.747
0.396
0.5953
0.3286
Rec
0.1639
0.5695
0.1638
0.5514
0.1584
0.4509
0.8862
0.4561
0.8818
0.1599
0.4894
0.8868
0.4931
0.8822
0.1671
0.7941
0.9017
0.797
0.8975
0.1671
0.7975
0.9028
0.8
0.8976
0.1671
0.8522
0.9097
0.8517
0.9057
0.1671
0.8563
0.9099
0.8525
0.9058
0.1671
0.8849
0.9162
0.8859
0.9154
0.2698
0.9014
0.9185
0.9026
0.918
0.5094
0.9158
0.9174
0.9159
0.9169
0.8586
0.9157
0.9194
0.9158
0.9189
0.8578
0.9153
0.9178
0.9154
0.9169
0.6124
0.9153
0.9178
0.9154
0.9169
0.6124
0.9141
0.9176
0.9144
0.9167
0.4997
0.8951
0.9144
0.895
0.9082
0.4416
0.8552
0.9135
0.8559
0.9072
0.392
0.849
0.8876
0.8483
0.87
0.3732
0.6744
0.8567
0.6474
0.8143
0.3663
0.6518
0.8529
0.6255
0.8141
0.3663
0.5375
0.825
0.5252
0.7726
0.3663
0.5285
0.8215
0.5082
0.7709
0.3663
0.4241
0.7573
0.4371
0.6206
0.3663
0.4241
0.7566
0.4371
0.6206
0.3663
0.4241
0.7566
0.4371
0.6206
0.3663
Abernathy
0.2289
0.6682
0.2289
0.6523
0.2226
0.5613
0.8771
0.566
0.8745
0.2243
0.596
0.8774
0.5993
0.8748
0.2327
0.8235
0.8862
0.8252
0.8837
0.2327
0.8254
0.8868
0.827
0.8838
0.2327
0.8572
0.8908
0.857
0.8884
0.2327
0.8596
0.8909
0.8574
0.8885
0.2327
0.8763
0.8929
0.8769
0.8931
0.3528
0.8859
0.892
0.8866
0.8921
0.6142
0.8928
0.8924
0.8928
0.8925
0.8611
0.8926
0.8917
0.8927
0.8918
0.8605
0.8929
0.8923
0.8928
0.8925
0.7026
0.8929
0.8923
0.8928
0.8925
0.7026
0.8931
0.8924
0.8931
0.8926
0.6052
0.8821
0.8935
0.8821
0.8899
0.5528
0.859
0.893
0.8594
0.8893
0.496
0.8554
0.8781
0.855
0.8678
0.474
0.753
0.8602
0.7312
0.8354
0.4659
0.7347
0.8579
0.7134
0.8353
0.4659
0.6396
0.8417
0.6285
0.8112
0.4659
0.6314
0.8397
0.6131
0.8102
0.4659
0.5335
0.8027
0.5487
0.7096
0.4659
0.5335
0.8023
0.5487
0.7096
0.4659
0.5335
0.8023
0.5487
0.7096
0.4659
MTSU
0.0857
0.5116
0.0856
0.4879
0.0808
0.3519
0.9237
0.3591
0.9177
0.0821
0.404
0.9245
0.409
0.9182
0.0886
0.7993
0.9446
0.8032
0.9389
0.0886
0.8039
0.946
0.8073
0.939
0.0886
0.8778
0.9555
0.8771
0.95
0.0886
0.8833
0.9557
0.8781
0.9501
0.0886
0.9219
0.9654
0.9232
0.9639
0.1816
0.9443
0.9702
0.9458
0.9693
0.4301
0.9647
0.9681
0.965
0.9669
0.8862
0.9647
0.9721
0.9649
0.9711
0.8853
0.9639
0.9687
0.9641
0.967
0.5624
0.9639
0.9687
0.9641
0.967
0.5624
0.9617
0.9684
0.9621
0.9667
0.4177
0.9359
0.9616
0.9358
0.9534
0.3394
0.8818
0.9604
0.8826
0.9521
0.2926
0.8734
0.9253
0.8724
0.9017
0.2756
0.6376
0.8838
0.6048
0.8268
0.2693
0.6106
0.8788
0.5785
0.8266
0.2693
0.4695
0.8411
0.4525
0.7706
0.2693
0.4573
0.8363
0.4296
0.7683
0.2693
0.3217
0.7492
0.3335
0.573
0.2693
0.3217
0.7481
0.3335
0.573
0.2693
0.3217
0.7481
0.3335
0.573
0.2693
Highland
0.1268
0.4502
0.1267
0.4337
0.1225
0.3534
0.8629
0.358
0.8566
0.1237
0.3843
0.8637
0.3874
0.8572
0.1293
0.7341
0.8843
0.7383
0.8783
0.1293
0.739
0.8857
0.7425
0.8785
0.1293
0.8155
0.8956
0.8148
0.8899
0.1293
0.8211
0.8958
0.8158
0.89
0.1293
0.8609
0.9063
0.8621
0.9046
0.2095
0.8842
0.9119
0.8856
0.911
0.3983
0.9058
0.9095
0.906
0.9082
0.8238
0.906
0.9142
0.9061
0.9131
0.8232
0.9049
0.9101
0.9052
0.9083
0.4975
0.9049
0.9101
0.9052
0.9083
0.4975
0.9025
0.9099
0.9029
0.908
0.3921
0.8758
0.9019
0.8757
0.8935
0.3461
0.8195
0.9007
0.8202
0.8922
0.3068
0.8109
0.8641
0.8097
0.8399
0.2922
0.5701
0.8216
0.5383
0.7631
0.2868
0.5445
0.8164
0.5134
0.7629
0.2868
0.4235
0.7777
0.4129
0.7054
0.2868
0.4162
0.7727
0.3996
0.703
0.2868
0.3324
0.6818
0.3425
0.5089
0.2868
0.3324
0.6807
0.3425
0.5089
0.2868
0.3324
0.6807
0.3425
0.5089
0.2868
MEC
0.1117
0.3423
0.1116
0.3291
0.1085
0.2805
0.8273
0.2833
0.8197
0.1093
0.2993
0.8284
0.3012
0.8204
0.1136
0.6698
0.8536
0.6749
0.8463
0.1136
0.6757
0.8553
0.68
0.8465
0.1136
0.7694
0.8674
0.7685
0.8604
0.1136
0.7763
0.8677
0.7697
0.8606
0.1136
0.8249
0.8815
0.8265
0.879
0.1738
0.8534
0.8898
0.8552
0.8884
0.3076
0.8807
0.8861
0.8811
0.8842
0.7796
0.8809
0.893
0.8811
0.8915
0.7788
0.8793
0.8871
0.8798
0.8844
0.3931
0.8793
0.8871
0.8798
0.8844
0.3931
0.8758
0.8867
0.8764
0.8839
0.3039
0.8431
0.8751
0.843
0.8649
0.2761
0.7743
0.8737
0.7752
0.8632
0.2471
0.7637
0.829
0.7623
0.7993
0.2361
0.4708
0.7768
0.4369
0.7052
0.232
0.4434
0.7705
0.4102
0.7049
0.232
0.3231
0.7231
0.3166
0.6344
0.232
0.3187
0.7169
0.3086
0.6315
0.232
0.2663
0.6059
0.2739
0.4052
0.232
0.2663
0.6046
0.2739
0.4052
0.232
0.2663
0.6046
0.2739
0.4052
0.232
Jackson
0.0955
0.3629
0.0955
0.3471
0.0921
0.2781
0.8495
0.2821
0.842
0.093
0.3047
0.8506
0.3074
0.8426
0.0976
0.6929
0.8757
0.698
0.8684
0.0976
0.6988
0.8774
0.7031
0.8686
0.0976
0.7919
0.8894
0.791
0.8824
0.0976
0.7988
0.8897
0.7923
0.8826
0.0976
0.8472
0.9033
0.8487
0.9009
0.1619
0.8754
0.9113
0.8772
0.91
0.3167
0.9025
0.9078
0.9029
0.9059
0.8021
0.9027
0.9145
0.9028
0.913
0.8013
0.9011
0.9088
0.9016
0.9061
0.4148
0.9011
0.9088
0.9016
0.9061
0.4148
0.8977
0.9084
0.8983
0.9056
0.3113
0.8652
0.8971
0.8651
0.8868
0.2718
0.7968
0.8956
0.7976
0.8852
0.2401
0.7863
0.8512
0.7849
0.8216
0.2284
0.4942
0.7993
0.4595
0.7281
0.2241
0.4662
0.793
0.4322
0.7278
0.2241
0.3384
0.7459
0.3293
0.6578
0.2241
0.3321
0.7398
0.3178
0.6548
0.2241
0.2607
0.6294
0.2688
0.4272
0.2241
0.2607
0.6281
0.2688
0.4272
0.2241
0.2607
0.6281
0.2688
0.4272
0.2241
Livestock
0.0381
0.2184
0.0381
0.2034
0.036
0.1484
0.8324
0.1511
0.8226
0.0366
0.1695
0.8338
0.1713
0.8234
0.0393
0.6283
0.8667
0.6347
0.8573
0.0393
0.6358
0.869
0.6414
0.8575
0.0393
0.7572
0.8845
0.756
0.8755
0.0393
0.7662
0.8849
0.7577
0.8757
0.0393
0.8295
0.9039
0.8316
0.9002
0.0782
0.8662
0.9158
0.8687
0.9137
0.1805
0.9024
0.9105
0.903
0.9077
0.7709
0.9024
0.9206
0.9028
0.9182
0.7695
0.9002
0.9121
0.9009
0.908
0.2793
0.9002
0.9121
0.9009
0.908
0.2793
0.8948
0.9114
0.8958
0.9071
0.1752
0.8525
0.8946
0.8524
0.8811
0.1435
0.7638
0.8926
0.765
0.8789
0.1241
0.75
0.835
0.7483
0.7963
0.1169
0.3696
0.7668
0.3304
0.6734
0.1143
0.3372
0.7585
0.2989
0.673
0.1143
0.1956
0.6967
0.189
0.5812
0.1143
0.1907
0.6887
0.1796
0.5774
0.1143
0.1361
0.5456
0.141
0.292
0.1143
0.1361
0.5439
0.141
0.292
0.1143
0.1361
0.5439
0.141
0.292
0.1143
Greenhouse
0.0956
0.3558
0.0956
0.3404
0.0922
0.2738
0.8468
0.2771
0.8392
0.0931
0.2995
0.8479
0.3017
0.8399
0.0976
0.6886
0.8735
0.6935
0.8662
0.0976
0.6944
0.8752
0.6987
0.8664
0.0976
0.7885
0.8873
0.7876
0.8803
0.0976
0.7954
0.8875
0.7889
0.8804
0.0976
0.8446
0.9013
0.8463
0.8989
0.1615
0.8731
0.9094
0.875
0.908
0.3131
0.9003
0.9058
0.9007
0.9039
0.7993
0.9003
0.9126
0.9005
0.911
0.7981
0.8988
0.9069
0.8993
0.9041
0.4092
0.8988
0.9069
0.8993
0.9041
0.4092
0.8951
0.9064
0.8958
0.9035
0.3065
0.8623
0.8951
0.8622
0.8846
0.2678
0.7936
0.8936
0.7946
0.8829
0.2369
0.7829
0.8489
0.7817
0.8189
0.2252
0.487
0.7959
0.4531
0.7234
0.2209
0.4588
0.7895
0.4258
0.723
0.2209
0.331
0.7415
0.323
0.6517
0.2209
0.325
0.7353
0.3117
0.6487
0.2209
0.2567
0.6246
0.2648
0.4195
0.2209
0.2567
0.6233
0.2648
0.4195
0.2209
0.2567
0.6233
0.2648
0.4195
0.2209
ChampionWayG
0.0742
0.1975
0.0741
0.1872
0.0723
0.1677
0.794
0.1684
0.7843
0.0728
0.1753
0.7953
0.1756
0.7851
0.0753
0.5937
0.8277
0.5999
0.8184
0.0753
0.6012
0.8298
0.6065
0.8186
0.0753
0.7202
0.8451
0.719
0.8363
0.0753
0.729
0.8454
0.7206
0.8365
0.0753
0.7911
0.8642
0.7932
0.8606
0.1096
0.8272
0.876
0.8296
0.874
0.1798
0.8627
0.8708
0.8633
0.868
0.7337
0.8627
0.8808
0.8631
0.8784
0.7323
0.8606
0.8723
0.8613
0.8683
0.2556
0.8606
0.8723
0.8613
0.8683
0.2556
0.8552
0.8716
0.8562
0.8674
0.1777
0.8138
0.8549
0.8136
0.8418
0.1661
0.7267
0.853
0.7279
0.8396
0.1502
0.7132
0.7964
0.7115
0.7585
0.1438
0.3414
0.7294
0.3042
0.6379
0.1415
0.3106
0.7213
0.2742
0.6375
0.1415
0.1842
0.6606
0.1821
0.5472
0.1415
0.1824
0.6527
0.1786
0.5435
0.1415
0.1607
0.5122
0.165
0.2672
0.1415
0.1607
0.5105
0.165
0.2672
0.1415
0.1607
0.5105
0.165
0.2672
0.1415
Greenland
0.0269
0.0629
0.0269
0.0539
0.0264
0.0527
0.7725
0.0526
0.7608
0.0265
0.0532
0.7742
0.0531
0.7618
0.0272
0.5295
0.8133
0.5372
0.8021
0.0272
0.5386
0.816
0.5451
0.8024
0.0272
0.6831
0.8346
0.6816
0.8238
0.0272
0.6937
0.8349
0.6836
0.824
0.0272
0.769
0.8585
0.7715
0.8538
0.037
0.8128
0.8741
0.8157
0.8714
0.0538
0.8567
0.8672
0.8575
0.8636
0.6993
0.8568
0.8803
0.8573
0.8772
0.6977
0.8539
0.8692
0.8548
0.864
0.1276
0.8539
0.8692
0.8548
0.864
0.1276
0.847
0.8683
0.8483
0.8628
0.0535
0.7966
0.8464
0.7964
0.8305
0.0527
0.6908
0.8442
0.6923
0.8279
0.0483
0.6744
0.7754
0.6724
0.7295
0.0465
0.2244
0.6943
0.1824
0.5834
0.0458
0.1899
0.6845
0.1488
0.583
0.0458
0.0535
0.611
0.0536
0.4738
0.0458
0.0534
0.6015
0.0533
0.4692
0.0458
0.0513
0.4307
0.0525
0.1415
0.0458
0.0513
0.4287
0.0525
0.1415
0.0458
0.0513
0.4287
0.0525
0.1415
0.0458
MiddleTN
0.0095
0.0091
0.0095
0.0007
0.0095
0.008
0.7627
0.0076
0.7502
0.0095
0.0053
0.7644
0.005
0.7513
0.0095
0.5029
0.8063
0.5112
0.7942
0.0095
0.5126
0.8091
0.5197
0.7945
0.0095
0.6671
0.829
0.6656
0.8174
0.0095
0.6784
0.8294
0.6677
0.8177
0.0095
0.7589
0.8549
0.7616
0.8497
0.0093
0.8057
0.8719
0.8089
0.869
0.004
0.8529
0.8644
0.8538
0.8604
0.6843
0.8531
0.8787
0.8536
0.8754
0.6827
0.8499
0.8666
0.8509
0.8608
0.0762
0.8499
0.8666
0.8509
0.8608
0.0762
0.8423
0.8656
0.8437
0.8596
0.0046
0.7885
0.8417
0.7883
0.8247
0.0087
0.6753
0.8393
0.6769
0.8219
0.0091
0.6578
0.7657
0.6557
0.7166
0.0091
0.1773
0.6792
0.1334
0.5608
0.0091
0.1414
0.6688
0.0984
0.5603
0.0091
0.0017
0.5903
0.0027
0.4437
0.0091
0.0023
0.5802
0.0039
0.4388
0.0091
0.009
0.3976
0.009
0.0912
0.0091
0.009
0.3955
0.009
0.0912
0.0091
0.009
0.3955
0.009
0.0912
0.0091
