Rose
0.0
0.0981
0.0
0.0959
0.0
0.0674
0.1767
0.0696
0.172
0.0
0.0808
0.1773
0.082
0.1724
0.0
0.1168
0.1958
0.1174
0.1901
0.0
0.1174
0.1972
0.118
0.1902
0.0
0.1466
0.2077
0.1462
0.2015
0.0
0.1495
0.208
0.1467
0.2016
0.0
0.1752
0.2261
0.1762
0.2216
0.0264
0.1954
0.2424
0.197
0.2394
0.086
0.2242
0.2349
0.225
0.2311
0.1511
0.2243
0.2499
0.2247
0.2461
0.1506
0.2216
0.2371
0.2224
0.2315
0.0998
0.2216
0.2371
0.2224
0.2315
0.0998
0.2153
0.2361
0.2165
0.2303
0.0836
0.1873
0.2152
0.1872
0.2053
0.0635
0.1487
0.2138
0.1491
0.2038
0.0559
0.1443
0.178
0.1438
0.1607
0.0531
0.1032
0.15
0.1016
0.1247
0.0519
0.102
0.1472
0.1006
0.1246
0.0519
0.0934
0.13
0.0904
0.1137
0.0519
0.0914
0.1282
0.0862
0.1135
0.0519
0.0602
0.1115
0.0617
0.1006
0.0519
0.0602
0.1114
0.0617
0.1006
0.0519
0.0602
0.1114
0.0617
0.1006
0.0519
FairView
0.2545
0.0293
0.2546
0.0325
0.2686
0.0659
0.0
0.0635
0.0
0.2647
0.0505
0.0
0.0493
0.0
0.2464
0.0015
0.0
0.0007
0.0
0.2464
0.0006
0.0
0.0
0.0
0.2464
0.0
0.0
0.0
0.0
0.2464
0.0
0.0
0.0
0.0
0.2464
0.0
0.0
0.0
0.0
0.1125
0.0
0.0
0.0
0.0
0.0441
0.0
0.0
0.0
0.0
0.0
0.0
0.0
0.0
0.0
0.0
0.0
0.0
0.0
0.0
0.0264
0.0
0.0
0.0
0.0
0.0264
0.0
0.0
0.0
0.0
0.0471
0.0
0.0
0.0
0.0
0.0704
0.0
0.0
0.0
0.0
0.079
0.0
0.0
0.0
0.0
0.0824
0.0219
0.0
0.0239
0.0
0.0837
0.0236
0.0
0.0255
0.0
0.0837
0.0362
0.0
0.0394
0.0065
0.0837
0.0385
0.0
0.0443
0.0068
0.0837
0.0743
0.0095
0.0726
0.0258
0.0837
0.0743
0.0096
0.0726
0.0258
0.0837
0.0743
0.0096
0.0726
0.0258
0.0837
Bell
0.9866
0.586
0.9866
0.5963
0.9963
0.6767
0.3921
0.6709
0.4002
0.9936
0.6403
0.3909
0.6373
0.3995
0.981
0.497
0.3594
0.4947
0.3691
0.981
0.4942
0.357
0.4922
0.3689
0.981
0.4432
0.339
0.4437
0.3496
0.981
0.4382
0.3386
0.4428
0.3494
0.981
0.3943
0.3075
0.3922
0.315
0.7871
0.3596
0.2797
0.3567
0.2848
0.6254
0.3104
0.2925
0.3089
0.299
0.4352
0.3104
0.267
0.3094
0.2733
0.4361
0.3151
0.2888
0.3135
0.2983
0.5762
0.3151
0.2888
0.3135
0.2983
0.5762
0.3258
0.2904
0.3237
0.3002
0.6323
0.3737
0.3261
0.3737
0.343
0.6873
0.4395
0.3286
0.4386
0.3456
0.7078
0.447
0.3898
0.4477
0.4193
0.7156
0.5619
0.4382
0.5681
0.4814
0.7188
0.5673
0.4429
0.5732
0.4816
0.7188
0.6063
0.4723
0.6139
0.5133
0.7188
0.6118
0.4755
0.6255
0.5145
0.7188
0.6964
0.5231
0.6924
0.5747
0.7188
0.6964
0.5235
0.6924
0.5747
0.7188
0.6964
0.5235
0.6924
0.5747
0.7188
IngramN
1.0
0.7571
1.0
0.7658
1.0
0.8192
0.5914
0.8154
0.5985
1.0
0.7956
0.5904
0.7936
0.5979
1.0
0.6828
0.5629
0.6808
0.5714
1.0
0.6805
0.5608
0.6787
0.5712
1.0
0.636
0.5451
0.6364
0.5544
1.0
0.6316
0.5448
0.6356
0.5542
1.0
0.5933
0.5176
0.5915
0.5242
0.8907
0.5631
0.4934
0.5605
0.4978
0.7859
0.5201
0.5045
0.5187
0.5102
0.629
0.52
0.4823
0.5191
0.4878
0.6297
0.5242
0.5013
0.5228
0.5096
0.7488
0.5242
0.5013
0.5228
0.5096
0.7488
0.5336
0.5027
0.5317
0.5113
0.7903
0.5754
0.5339
0.5754
0.5486
0.826
0.6327
0.5361
0.6319
0.5508
0.8393
0.6394
0.5895
0.6399
0.6152
0.8444
0.7369
0.6318
0.7421
0.6695
0.8465
0.7415
0.6358
0.7463
0.6696
0.8465
0.7736
0.6616
0.7784
0.6965
0.8465
0.7771
0.6644
0.7859
0.6975
0.8465
0.832
0.7047
0.8293
0.7477
0.8465
0.832
0.7051
0.8293
0.7477
0.8465
0.832
0.7051
0.8293
0.7477
0.8465
IngramS
0.9594
0.8224
0.9593
0.8296
0.9538
0.8638
0.6845
0.8615
0.6904
0.9554
0.8493
0.6836
0.8481
0.6899
0.9625
0.7609
0.6606
0.7593
0.6677
0.9625
0.759
0.6588
0.7576
0.6675
0.9625
0.7218
0.6457
0.7222
0.6534
0.9625
0.7182
0.6454
0.7215
0.6533
0.9625
0.686
0.6226
0.6845
0.6282
0.9077
0.6608
0.6024
0.6586
0.6061
0.8431
0.6248
0.6118
0.6237
0.6165
0.7159
0.6248
0.5931
0.624
0.5978
0.7165
0.6283
0.609
0.6271
0.616
0.8154
0.6283
0.609
0.6271
0.616
0.8154
0.6362
0.6102
0.6346
0.6174
0.846
0.6711
0.6363
0.6711
0.6486
0.8681
0.7191
0.6381
0.7184
0.6505
0.8762
0.7246
0.6827
0.7251
0.7044
0.8794
0.8057
0.7182
0.8099
0.7499
0.8807
0.8095
0.7217
0.8135
0.75
0.8807
0.8357
0.7432
0.8387
0.7724
0.8807
0.8379
0.7456
0.8433
0.7731
0.8807
0.8717
0.779
0.8701
0.8146
0.8807
0.8717
0.7793
0.8701
0.8146
0.8807
0.8717
0.7793
0.8701
0.8146
0.8807
ParkingServ
0.9801
0.9076
0.9801
0.9142
0.9704
0.9376
0.7785
0.9361
0.7842
0.9731
0.9281
0.7777
0.9273
0.7837
0.9857
0.8511
0.7559
0.8497
0.7627
0.9857
0.8493
0.7542
0.848
0.7625
0.9857
0.814
0.7417
0.8144
0.7491
0.9857
0.8105
0.7414
0.8137
0.749
0.9857
0.78
0.7197
0.7785
0.725
0.9664
0.7559
0.7004
0.7539
0.7039
0.9244
0.7216
0.7093
0.7205
0.7138
0.8084
0.7215
0.6916
0.7208
0.696
0.809
0.7249
0.7068
0.7238
0.7133
0.901
0.7249
0.7068
0.7238
0.7133
0.901
0.7323
0.7079
0.7309
0.7147
0.926
0.7657
0.7328
0.7657
0.7444
0.9403
0.8114
0.7345
0.8108
0.7462
0.9457
0.8167
0.7772
0.8172
0.7976
0.9477
0.8921
0.8108
0.8961
0.8408
0.9485
0.8956
0.8141
0.8994
0.8409
0.9485
0.9193
0.8345
0.9213
0.8616
0.9485
0.9208
0.8368
0.9243
0.8623
0.9485
0.9427
0.868
0.9417
0.9004
0.9485
0.9427
0.8683
0.9417
0.9004
0.9485
0.9427
0.8683
0.9417
0.9004
0.9485
MainSt
0.9634
0.9162
0.9634
0.9224
0.9525
0.9411
0.7951
0.9399
0.8004
0.9556
0.9337
0.7943
0.9331
0.7999
0.9697
0.8632
0.7738
0.8618
0.7802
0.9697
0.8615
0.7723
0.8603
0.7801
0.9697
0.8283
0.7605
0.8287
0.7675
0.9697
0.8251
0.7602
0.8281
0.7673
0.9697
0.7964
0.7398
0.7951
0.7448
0.9631
0.7738
0.7216
0.7719
0.725
0.9311
0.7415
0.73
0.7405
0.7342
0.8231
0.7413
0.7134
0.7407
0.7175
0.8236
0.7446
0.7277
0.7436
0.7338
0.91
0.7446
0.7277
0.7436
0.7338
0.91
0.7516
0.7287
0.7502
0.7351
0.9321
0.7829
0.7521
0.7829
0.7631
0.9431
0.8259
0.7538
0.8254
0.7648
0.9472
0.8309
0.7939
0.8314
0.813
0.9487
0.9016
0.8254
0.9054
0.8535
0.9494
0.9049
0.8285
0.9085
0.8536
0.9494
0.927
0.8476
0.9286
0.873
0.9494
0.9281
0.8498
0.9309
0.8737
0.9494
0.9449
0.8791
0.9441
0.9095
0.9494
0.9449
0.8794
0.9441
0.9095
0.9494
0.9449
0.8794
0.9441
0.9095
0.9494
PublicSafety
0.9517
0.9913
0.9516
0.9964
0.9358
1.0
0.8891
1.0
0.8937
0.9402
1.0
0.8885
1.0
0.8933
0.9608
0.9477
0.8708
0.9466
0.8763
0.9608
0.9463
0.8694
0.9453
0.8761
0.9608
0.9178
0.8593
0.9181
0.8653
0.9608
0.915
0.8591
0.9176
0.8652
0.9608
0.8903
0.8416
0.8892
0.8459
1.0
0.8709
0.8261
0.8693
0.8289
1.0
0.8432
0.8332
0.8424
0.8369
0.9133
0.8432
0.8189
0.8427
0.8225
0.9138
0.8459
0.8312
0.845
0.8365
0.9863
0.8459
0.8312
0.845
0.8365
0.9863
0.852
0.8321
0.8508
0.8376
1.0
0.8789
0.8521
0.8789
0.8616
1.0
0.9157
0.8536
0.9152
0.8631
1.0
0.92
0.8879
0.9204
0.9045
1.0
0.9794
0.9151
0.9825
0.9394
1.0
0.9821
0.9178
0.985
0.9395
1.0
1.0
0.9343
1.0
0.9558
1.0
1.0
0.9361
1.0
0.9564
1.0
1.0
0.9606
1.0
0.9858
1.0
1.0
0.9608
1.0
0.9858
1.0
1.0
0.9608
1.0
0.9858
1.0
CollegeHeights
0.8964
0.9309
0.8964
0.9357
0.8819
0.9387
0.8378
0.9387
0.8419
0.886
0.9387
0.8372
0.9387
0.8415
0.9047
0.89
0.8215
0.889
0.8264
0.9047
0.8887
0.8203
0.8878
0.8263
0.9047
0.8632
0.8112
0.8635
0.8166
0.9047
0.8607
0.811
0.8631
0.8165
0.9047
0.8388
0.7954
0.8378
0.7992
0.9389
0.8214
0.7813
0.82
0.7839
0.9392
0.7965
0.7878
0.7958
0.791
0.8594
0.7963
0.775
0.7959
0.7781
0.8596
0.7989
0.7861
0.7981
0.7907
0.9261
0.7989
0.7861
0.7981
0.7907
0.9261
0.8042
0.7869
0.8032
0.7917
0.9388
0.8283
0.8049
0.8283
0.8132
0.9386
0.8614
0.8062
0.861
0.8145
0.9386
0.8652
0.837
0.8656
0.8516
0.9385
0.9196
0.8612
0.9226
0.8826
0.9385
0.9221
0.8635
0.925
0.8827
0.9385
0.9388
0.8782
0.9389
0.8976
0.9385
0.9388
0.8798
0.9388
0.8981
0.9385
0.9385
0.9026
0.9386
0.9257
0.9385
0.9385
0.9028
0.9386
0.9257
0.9385
0.9385
0.9028
0.9386
0.9257
0.9385
SportsPlex
0.6826
1.0
0.6823
1.0
0.6553
0.9496
1.0
0.9535
1.0
0.6629
0.975
1.0
0.977
1.0
0.6981
1.0
1.0
1.0
1.0
0.6981
1.0
1.0
1.0
1.0
0.6981
1.0
1.0
1.0
1.0
0.6981
1.0
1.0
1.0
1.0
0.6981
1.0
1.0
1.0
1.0
0.8733
1.0
1.0
1.0
1.0
0.9853
1.0
1.0
1.0
1.0
1.0
1.0
1.0
1.0
1.0
1.0
1.0
1.0
1.0
1.0
1.0
1.0
1.0
1.0
1.0
1.0
1.0
1.0
1.0
1.0
0.9806
1.0
1.0
1.0
1.0
0.9423
1.0
1.0
1.0
1.0
0.928
1.0
1.0
1.0
1.0
0.9225
1.0
1.0
1.0
1.0
0.9203
1.0
1.0
1.0
1.0
0.9203
0.9984
1.0
0.9931
1.0
0.9203
0.9945
1.0
0.985
1.0
0.9203
0.9359
1.0
0.9387
1.0
0.9203
0.9359
1.0
0.9387
1.0
0.9203
0.9359
1.0
0.9387
1.0
0.9203
CityView
0.6087
0.9362
0.6084
0.9355
0.5823
0.8816
0.9513
0.8858
0.9506
0.5896
0.9085
0.9514
0.9107
0.9506
0.6236
0.9415
0.9545
0.9417
0.9536
0.6236
0.9417
0.9547
0.9418
0.9536
0.6236
0.9464
0.9564
0.9464
0.9554
0.6236
0.9469
0.9564
0.9465
0.9554
0.6236
0.9511
0.9593
0.9513
0.9586
0.801
0.9544
0.9619
0.9546
0.9614
0.9195
0.959
0.9607
0.9591
0.9601
0.9473
0.9589
0.9632
0.959
0.9625
0.9471
0.9585
0.9611
0.9587
0.9602
0.9368
0.9585
0.9611
0.9587
0.9602
0.9368
0.9575
0.961
0.9577
0.96
0.9145
0.953
0.9576
0.953
0.956
0.8738
0.9468
0.9574
0.9469
0.9557
0.8587
0.9461
0.9517
0.946
0.9488
0.8529
0.9375
0.9471
0.9372
0.9429
0.8505
0.9372
0.9466
0.9369
0.9428
0.8505
0.9332
0.9438
0.9276
0.9405
0.8505
0.9292
0.9435
0.9191
0.9404
0.8505
0.8671
0.9401
0.87
0.9368
0.8505
0.8671
0.9401
0.87
0.9368
0.8505
0.8671
0.9401
0.87
0.9368
0.8505
GreekRow
0.5097
0.853
0.5094
0.8515
0.4843
0.7925
0.889
0.797
0.8872
0.4914
0.8216
0.8892
0.8239
0.8873
0.524
0.8658
0.8964
0.8662
0.8942
0.524
0.8662
0.8969
0.8666
0.8942
0.524
0.8775
0.9009
0.8773
0.8985
0.524
0.8786
0.901
0.8775
0.8986
0.524
0.8885
0.9079
0.8889
0.9062
0.7054
0.8961
0.914
0.8968
0.9129
0.8337
0.907
0.9112
0.9074
0.9097
0.8794
0.9069
0.9169
0.9072
0.9154
0.8791
0.906
0.9121
0.9063
0.9099
0.8545
0.906
0.9121
0.9063
0.9099
0.8545
0.9035
0.9117
0.904
0.9094
0.8281
0.8928
0.9038
0.8928
0.8999
0.7841
0.8783
0.9032
0.8785
0.8993
0.7677
0.8766
0.8897
0.8765
0.883
0.7614
0.8564
0.8788
0.8555
0.869
0.7589
0.8556
0.8777
0.8548
0.8689
0.7589
0.8484
0.8711
0.8423
0.8634
0.7589
0.844
0.8704
0.8331
0.8633
0.7589
0.7767
0.8624
0.78
0.8546
0.7589
0.7767
0.8623
0.78
0.8546
0.7589
0.7767
0.8623
0.78
0.8546
0.7589
Rutherford
0.4651
0.8878
0.4648
0.8851
0.4359
0.8114
0.947
0.8171
0.9442
0.444
0.8474
0.9474
0.8504
0.9444
0.4817
0.911
0.9583
0.9117
0.9549
0.4817
0.9118
0.9591
0.9123
0.955
0.4817
0.9292
0.9653
0.929
0.9616
0.4817
0.931
0.9655
0.9293
0.9617
0.4817
0.9461
0.9762
0.9468
0.9735
0.703
0.9581
0.9858
0.959
0.984
0.862
0.9751
0.9814
0.9755
0.9791
0.932
0.9751
0.9902
0.9754
0.988
0.9316
0.9735
0.9827
0.974
0.9793
0.8902
0.9735
0.9827
0.974
0.9793
0.8902
0.9698
0.9821
0.9704
0.9787
0.8554
0.9532
0.9698
0.9532
0.9639
0.801
0.9305
0.9689
0.9308
0.963
0.7807
0.9279
0.9478
0.9276
0.9375
0.773
0.8941
0.9312
0.8923
0.9162
0.7699
0.8926
0.9295
0.891
0.9161
0.7699
0.8807
0.9194
0.8731
0.9069
0.7699
0.8753
0.9183
0.8617
0.9066
0.7699
0.792
0.9044
0.796
0.8908
0.7699
0.792
0.9042
0.796
0.8908
0.7699
0.792
0.9042
0.796
0.8908
0.7699
Softball
0.4767
0.8044
0.4764
0.8029
0.4529
0.7457
0.8433
0.75
0.8413
0.4595
0.7739
0.8436
0.7761
0.8415
0.4901
0.8177
0.8515
0.8181
0.8491
0.4901
0.8181
0.8521
0.8185
0.8492
0.4901
0.8305
0.8565
0.8304
0.8539
0.4901
0.8318
0.8566
0.8306
0.8539
0.4901
0.8427
0.8643
0.8432
0.8624
0.6617
0.8512
0.871
0.8519
0.8697
0.7856
0.8633
0.8679
0.8636
0.8662
0.8327
0.8631
0.8742
0.8634
0.8725
0.8323
0.8621
0.8689
0.8625
0.8664
0.806
0.8621
0.8689
0.8625
0.8664
0.806
0.8593
0.8684
0.8598
0.8659
0.7801
0.8475
0.8598
0.8475
0.8555
0.7376
0.8315
0.8591
0.8317
0.8548
0.7218
0.8296
0.8442
0.8294
0.8366
0.7156
0.8078
0.832
0.807
0.8211
0.7132
0.807
0.8308
0.8062
0.821
0.7132
0.7997
0.8235
0.7939
0.8151
0.7132
0.7954
0.8227
0.7849
0.8149
0.7132
0.7305
0.8141
0.7336
0.806
0.7132
0.7305
0.8141
0.7336
0.806
0.7132
0.7305
0.8141
0.7336
0.806
0.7132
Ezell
0.6768
0.809
0.6767
0.8111
0.6607
0.7922
0.7745
0.7936
0.7758
0.6652
0.8024
0.7744
0.8032
0.7757
0.6858
0.7912
0.7696
0.7908
0.7712
0.6858
0.7906
0.7693
0.7903
0.7711
0.6858
0.7824
0.7663
0.7826
0.768
0.6858
0.7817
0.7662
0.7825
0.768
0.6858
0.775
0.7613
0.7748
0.7625
0.7629
0.7693
0.7566
0.769
0.7574
0.8075
0.7613
0.7587
0.7611
0.7597
0.7816
0.7609
0.7547
0.761
0.7555
0.7814
0.7618
0.7583
0.7617
0.7596
0.8074
0.7618
0.7583
0.7617
0.7596
0.8074
0.7633
0.7585
0.7631
0.7598
0.8049
0.7711
0.7645
0.7711
0.7669
0.7891
0.782
0.7648
0.782
0.7672
0.7834
0.7831
0.7748
0.7833
0.7791
0.781
0.8038
0.782
0.8055
0.7883
0.7801
0.8049
0.7827
0.8065
0.7884
0.7801
0.8115
0.7872
0.8097
0.794
0.7801
0.81
0.7877
0.8063
0.7943
0.7801
0.7864
0.7971
0.7877
0.8066
0.7801
0.7864
0.7971
0.7877
0.8066
0.7801
0.7864
0.7971
0.7877
0.8066
0.7801
MtsuBlvdG
0.5376
0.7808
0.5374
0.7807
0.5176
0.7394
0.7926
0.7425
0.7918
0.5232
0.7601
0.7927
0.7617
0.7918
0.5488
0.7822
0.7961
0.7823
0.7951
0.5488
0.7822
0.7964
0.7823
0.7951
0.5488
0.7872
0.7981
0.7872
0.797
0.5488
0.7878
0.7981
0.7873
0.7971
0.5488
0.7924
0.8012
0.7927
0.8005
0.6785
0.7958
0.8039
0.7962
0.8033
0.7691
0.8006
0.8026
0.8008
0.8019
0.7884
0.8004
0.8052
0.8006
0.8044
0.788
0.8
0.8032
0.8002
0.802
0.7812
0.8
0.8032
0.8002
0.802
0.7812
0.7988
0.8029
0.799
0.8018
0.7648
0.794
0.7995
0.794
0.7976
0.7334
0.7877
0.7992
0.7879
0.7973
0.7218
0.7869
0.7933
0.7869
0.79
0.7173
0.7809
0.788
0.7811
0.7832
0.7155
0.7808
0.7875
0.781
0.7832
0.7155
0.7789
0.7844
0.7747
0.7816
0.7155
0.7757
0.7841
0.7681
0.7816
0.7155
0.7282
0.7822
0.7305
0.7808
0.7155
0.7282
0.7822
0.7305
0.7808
0.7155
0.7282
0.7822
0.7305
0.7808
0.7155
Rec
0.6173
0.8044
0.6171
0.8055
0.5991
0.7757
0.7912
0.7779
0.7915
0.6041
0.7911
0.7911
0.7922
0.7915
0.6275
0.7956
0.7901
0.7954
0.7905
0.6275
0.7953
0.79
0.7952
0.7905
0.6275
0.7931
0.7892
0.7932
0.7897
0.6275
0.7929
0.7891
0.7931
0.7896
0.6275
0.7914
0.7879
0.7914
0.7882
0.731
0.7898
0.7865
0.7898
0.7867
0.7981
0.7876
0.7871
0.7876
0.7873
0.7932
0.7873
0.7861
0.7874
0.7861
0.7929
0.7876
0.7871
0.7876
0.7873
0.8038
0.7876
0.7871
0.7876
0.7873
0.8038
0.7879
0.7871
0.7879
0.7873
0.7946
0.79
0.7888
0.79
0.7893
0.7712
0.7931
0.7889
0.7931
0.7893
0.7627
0.7933
0.7916
0.7934
0.7925
0.7592
0.8017
0.7932
0.8027
0.7945
0.7579
0.8023
0.7933
0.8032
0.7945
0.7579
0.8049
0.7944
0.8019
0.7968
0.7579
0.8025
0.7945
0.7969
0.7969
0.7579
0.7673
0.7987
0.7691
0.8032
0.7579
0.7673
0.7987
0.7691
0.8032
0.7579
0.7673
0.7987
0.7691
0.8032
0.7579
Abernathy
0.7528
0.8715
0.7528
0.8743
0.7361
0.8595
0.8207
0.8607
0.8228
0.7408
0.8678
0.8203
0.8685
0.8226
0.7623
0.8477
0.8124
0.8471
0.8149
0.7623
0.8469
0.8118
0.8464
0.8149
0.7623
0.8337
0.807
0.8339
0.8099
0.7623
0.8324
0.8069
0.8337
0.8098
0.7623
0.8212
0.7988
0.8208
0.8008
0.8353
0.8122
0.7914
0.8115
0.7927
0.872
0.7992
0.7948
0.7989
0.7965
0.8319
0.7989
0.7882
0.7988
0.7897
0.8319
0.8003
0.794
0.7999
0.7963
0.869
0.8003
0.794
0.7999
0.7963
0.869
0.8029
0.7944
0.8025
0.7968
0.8698
0.8154
0.8039
0.8155
0.808
0.8569
0.8328
0.8045
0.8327
0.8087
0.8523
0.8347
0.8206
0.835
0.828
0.8503
0.8648
0.8328
0.8667
0.8436
0.8496
0.8662
0.834
0.8681
0.8436
0.8496
0.8754
0.8415
0.8738
0.8519
0.8496
0.8741
0.8423
0.8711
0.8522
0.8496
0.8548
0.8553
0.8558
0.8684
0.8496
0.8548
0.8554
0.8558
0.8684
0.8496
0.8548
0.8554
0.8558
0.8684
0.8496
MTSU
0.3613
0.7564
0.3611
0.7533
0.3359
0.6818
0.8288
0.6872
0.8252
0.343
0.7165
0.8293
0.7193
0.8255
0.3757
0.7831
0.8433
0.7838
0.839
0.3757
0.7839
0.8444
0.7846
0.8391
0.3757
0.8061
0.8522
0.8058
0.8475
0.3757
0.8083
0.8524
0.8062
0.8476
0.3757
0.8277
0.8661
0.8286
0.8627
0.5777
0.8429
0.8782
0.8441
0.876
0.7308
0.8645
0.8726
0.8651
0.8697
0.8097
0.8644
0.8839
0.8648
0.8809
0.8092
0.8624
0.8743
0.8631
0.87
0.7592
0.8624
0.8743
0.8631
0.87
0.7592
0.8576
0.8736
0.8585
0.8691
0.7242
0.8366
0.858
0.8365
0.8504
0.6718
0.8078
0.8568
0.8081
0.8492
0.6523
0.8044
0.83
0.804
0.8168
0.6448
0.7635
0.8087
0.7616
0.7894
0.6418
0.7618
0.8066
0.76
0.7893
0.6418
0.7485
0.7935
0.7412
0.7781
0.6418
0.7433
0.7921
0.7302
0.7778
0.6418
0.6631
0.7756
0.6669
0.7597
0.6418
0.6631
0.7754
0.6669
0.7597
0.6418
0.6631
0.7754
0.6669
0.7597
0.6418
Highland
0.4138
0.766
0.4135
0.7637
0.3901
0.7012
0.8199
0.7063
0.8172
0.3967
0.7317
0.8203
0.7344
0.8174
0.4274
0.7849
0.8307
0.7855
0.8274
0.4274
0.7856
0.8315
0.786
0.8275
0.4274
0.8026
0.8377
0.8023
0.834
0.4274
0.8043
0.8378
0.8026
0.8341
0.4274
0.8189
0.8483
0.8193
0.8457
0.6077
0.8307
0.858
0.8314
0.8562
0.7432
0.8475
0.8536
0.8478
0.8513
0.8049
0.8478
0.8622
0.8479
0.8602
0.8048
0.8462
0.8547
0.8466
0.8516
0.7674
0.8462
0.8547
0.8466
0.8516
0.7674
0.8427
0.8542
0.8432
0.851
0.7382
0.8264
0.8419
0.8263
0.8363
0.6924
0.8037
0.8411
0.8038
0.8355
0.6751
0.8012
0.8203
0.8007
0.8104
0.6687
0.7713
0.8045
0.7694
0.7902
0.6661
0.7702
0.803
0.7683
0.7902
0.6661
0.7603
0.7932
0.7535
0.7822
0.6661
0.7557
0.7921
0.744
0.7819
0.6661
0.6849
0.7793
0.6882
0.7686
0.6661
0.6849
0.7792
0.6882
0.7686
0.6661
0.6849
0.7792
0.6882
0.7686
0.6661
MEC
0.3883
0.6986
0.388
0.6966
0.3676
0.6407
0.749
0.6453
0.7463
0.3734
0.6681
0.7494
0.6704
0.7466
0.4001
0.7149
0.7596
0.7155
0.7563
0.4001
0.7155
0.7603
0.716
0.7564
0.4001
0.7321
0.7664
0.7318
0.7627
0.4001
0.7337
0.7665
0.7321
0.7628
0.4001
0.748
0.7767
0.7484
0.7741
0.557
0.7595
0.7861
0.7602
0.7844
0.6782
0.7759
0.7818
0.7762
0.7796
0.7343
0.7761
0.7903
0.7762
0.7883
0.7343
0.7746
0.7829
0.775
0.7799
0.6997
0.7746
0.7829
0.775
0.7799
0.6997
0.7712
0.7824
0.7717
0.7793
0.6738
0.7553
0.7705
0.7551
0.765
0.6329
0.7332
0.7697
0.7332
0.7642
0.6174
0.7307
0.7494
0.7303
0.7397
0.6117
0.7032
0.734
0.7016
0.72
0.6093
0.7022
0.7326
0.7006
0.72
0.6093
0.6937
0.723
0.6875
0.7127
0.6093
0.6895
0.7219
0.6791
0.7125
0.6093
0.6261
0.7101
0.6291
0.7009
0.6093
0.6261
0.71
0.6291
0.7009
0.6093
0.6261
0.71
0.6291
0.7009
0.6093
Jackson
0.3409
0.7071
0.3406
0.7041
0.3179
0.6375
0.7767
0.6429
0.7732
0.3243
0.6698
0.7772
0.6726
0.7735
0.3541
0.7317
0.7907
0.7324
0.7864
0.3541
0.7325
0.7917
0.7332
0.7865
0.3541
0.7544
0.7997
0.7541
0.7949
0.3541
0.7566
0.7998
0.7545
0.795
0.3541
0.7755
0.8133
0.776
0.8099
0.5385
0.7906
0.8256
0.7916
0.8234
0.682
0.8122
0.82
0.8126
0.8171
0.7575
0.8124
0.8311
0.8126
0.8284
0.7573
0.8104
0.8215
0.8109
0.8174
0.7091
0.8104
0.8215
0.8109
0.8174
0.7091
0.8059
0.8208
0.8066
0.8167
0.6767
0.7849
0.8051
0.7848
0.7979
0.6282
0.7559
0.8041
0.756
0.7968
0.6099
0.7527
0.7773
0.7521
0.7646
0.6031
0.714
0.757
0.7117
0.7384
0.6003
0.7124
0.755
0.7102
0.7384
0.6003
0.7002
0.7424
0.6929
0.728
0.6003
0.6952
0.741
0.6829
0.7277
0.6003
0.6202
0.7245
0.6237
0.7105
0.6003
0.6202
0.7243
0.6237
0.7105
0.6003
0.6202
0.7243
0.6237
0.7105
0.6003
Livestock
0.2118
0.4425
0.2117
0.4403
0.1993
0.3935
0.5097
0.3968
0.506
0.2028
0.4161
0.5103
0.4178
0.5063
0.2188
0.462
0.5252
0.4624
0.5207
0.2188
0.4626
0.5263
0.4631
0.5208
0.2188
0.4858
0.5345
0.4854
0.5296
0.2188
0.4882
0.5347
0.4859
0.5298
0.2188
0.5087
0.5491
0.5096
0.5456
0.3266
0.5247
0.5618
0.526
0.5595
0.4259
0.5473
0.5559
0.5479
0.5529
0.4897
0.5471
0.5677
0.5475
0.5646
0.4891
0.5451
0.5577
0.5458
0.5532
0.4448
0.5451
0.5577
0.5458
0.5532
0.4448
0.5399
0.5569
0.5409
0.5522
0.4213
0.5178
0.5405
0.5177
0.5325
0.3871
0.4877
0.5393
0.488
0.5312
0.3745
0.4841
0.5111
0.4837
0.4972
0.3695
0.4476
0.4883
0.4463
0.4679
0.3675
0.4463
0.4861
0.4452
0.4679
0.3675
0.4367
0.4722
0.4321
0.458
0.3675
0.4333
0.4707
0.4249
0.4577
0.3675
0.3814
0.4565
0.3839
0.4447
0.3675
0.3814
0.4564
0.3839
0.4447
0.3675
0.3814
0.4564
0.3839
0.4447
0.3675
Greenhouse
0.4451
0.6161
0.445
0.6161
0.4313
0.5851
0.6304
0.5872
0.6293
0.4352
0.6008
0.6306
0.6018
0.6294
0.4528
0.6161
0.6354
0.616
0.634
0.4528
0.616
0.6358
0.616
0.6341
0.4528
0.623
0.6382
0.6228
0.6367
0.4528
0.6237
0.6382
0.623
0.6368
0.4528
0.6302
0.6427
0.6306
0.6416
0.5399
0.6351
0.6464
0.6356
0.6456
0.608
0.6418
0.6446
0.6421
0.6437
0.6246
0.6415
0.6482
0.6418
0.6471
0.6241
0.641
0.6453
0.6412
0.6438
0.6166
0.641
0.6453
0.6412
0.6438
0.6166
0.6392
0.645
0.6396
0.6434
0.6045
0.6326
0.6401
0.6325
0.6375
0.5807
0.6237
0.6397
0.6239
0.637
0.572
0.6225
0.6313
0.6225
0.6267
0.5684
0.6158
0.6238
0.6161
0.6171
0.5671
0.6157
0.623
0.6161
0.6171
0.5671
0.6147
0.6186
0.6117
0.6153
0.5671
0.6123
0.6182
0.6066
0.6153
0.5671
0.5766
0.6164
0.5784
0.6157
0.5671
0.5766
0.6163
0.5784
0.6157
0.5671
0.5766
0.6163
0.5784
0.6157
0.5671
ChampionWayG
0.4255
0.3807
0.4255
0.3832
0.4251
0.3889
0.3566
0.388
0.3569
0.4252
0.387
0.3566
0.3864
0.3569
0.4256
0.3608
0.3561
0.36
0.3564
0.4256
0.3601
0.356
0.3595
0.3564
0.4256
0.3581
0.3552
0.358
0.3557
0.4256
0.358
0.3552
0.358
0.3557
0.4256
0.3569
0.3543
0.357
0.3547
0.3968
0.3557
0.3532
0.3558
0.3534
0.3872
0.3538
0.3537
0.3539
0.3539
0.3583
0.3535
0.3527
0.3536
0.3528
0.3579
0.354
0.3536
0.3539
0.3538
0.3792
0.354
0.3536
0.3539
0.3538
0.3792
0.3541
0.3535
0.354
0.3537
0.387
0.3557
0.3548
0.3556
0.3552
0.3897
0.3583
0.3547
0.3583
0.3552
0.3909
0.3584
0.3569
0.3585
0.3577
0.3911
0.3751
0.3575
0.377
0.3586
0.3912
0.3763
0.3576
0.3781
0.3586
0.3912
0.3846
0.3582
0.3854
0.3633
0.3912
0.3848
0.3583
0.3858
0.3635
0.3912
0.39
0.3663
0.3897
0.3776
0.3912
0.39
0.3664
0.3897
0.3776
0.3912
0.39
0.3664
0.3897
0.3776
0.3912
Greenland
0.1871
0.036
0.1872
0.038
0.198
0.0566
0.0334
0.0549
0.0322
0.195
0.048
0.0336
0.047
0.0323
0.1807
0.0196
0.0385
0.019
0.0371
0.1807
0.019
0.0388
0.0186
0.0371
0.1807
0.0258
0.0413
0.0257
0.0399
0.1807
0.0265
0.0414
0.0258
0.0399
0.1807
0.0331
0.046
0.0335
0.045
0.0839
0.0381
0.0498
0.0386
0.0491
0.0451
0.0451
0.048
0.0453
0.0471
0.0272
0.0448
0.0516
0.0451
0.0506
0.0269
0.0444
0.0485
0.0446
0.0471
0.0346
0.0444
0.0485
0.0446
0.0471
0.0346
0.0426
0.0481
0.043
0.0467
0.0464
0.0357
0.0431
0.0357
0.0406
0.0593
0.0265
0.0426
0.0267
0.0402
0.0642
0.0254
0.0339
0.0253
0.0296
0.0659
0.0313
0.0263
0.0329
0.0199
0.0666
0.0323
0.0256
0.0338
0.0199
0.0666
0.0396
0.021
0.0417
0.0218
0.0666
0.0409
0.0205
0.0443
0.022
0.0666
0.0613
0.024
0.0603
0.0335
0.0666
0.0613
0.0241
0.0603
0.0335
0.0666
0.0613
0.0241
0.0603
0.0335
0.0666
MiddleTN
0.0589
0.0
0.059
0.0
0.0671
0.0
0.0378
0.0
0.0348
0.0648
0.0
0.0382
0.0
0.035
0.0543
0.0
0.0502
0.0
0.0465
0.0543
0.0
0.0511
0.0001
0.0466
0.0543
0.0185
0.0578
0.0182
0.0538
0.0543
0.0204
0.0579
0.0186
0.0539
0.0543
0.0369
0.0696
0.0376
0.0668
0.0
0.0499
0.08
0.0509
0.0781
0.0
0.0683
0.0752
0.0688
0.0728
0.0215
0.0682
0.0848
0.0686
0.0823
0.0211
0.0666
0.0766
0.0671
0.073
0.0
0.0666
0.0766
0.0671
0.073
0.0
0.0625
0.0759
0.0633
0.0722
0.0
0.0445
0.0626
0.0445
0.0562
0.0
0.0199
0.0616
0.0202
0.0552
0.0
0.017
0.0387
0.0167
0.0276
0.0
0.0
0.0206
0.0
0.0043
0.0
0.0
0.0188
0.0
0.0042
0.0
0.0
0.0077
0.0
0.0
0.0
0.0
0.0065
0.0
0.0
0.0
0.0
0.0
0.0
0.0
0.0
0.0
0.0
0.0
0.0
0.0
0.0
0.0
0.0
0.0
0.0
