Rose
0.0210
0.3134
0.0210
0.2996
0.0221
0.1451
0.5946
0.1583
0.5795
0.0218
0.2195
0.5967
0.2261
0.5808
0.0203
0.4276
0.6401
0.4310
0.6313
0.0203
0.4313
0.6422
0.4342
0.6316
0.0203
0.5101
0.6576
0.5091
0.6486
0.0203
0.5180
0.6579
0.5105
0.6488
0.0203
0.5894
0.6821
0.5922
0.6763
0.0240
0.6398
0.7020
0.6420
0.6985
0.2458
0.6800
0.6930
0.6809
0.6884
0.5217
0.6803
0.7104
0.6808
0.7063
0.5209
0.6768
0.6955
0.6778
0.6889
0.3238
0.6768
0.6955
0.6778
0.6889
0.3238
0.6687
0.6944
0.6702
0.6876
0.2342
0.6278
0.6677
0.6276
0.6542
0.1221
0.5155
0.6658
0.5164
0.6521
0.0890
0.5038
0.5975
0.5021
0.5475
0.0803
0.3449
0.5192
0.3353
0.4524
0.0767
0.3378
0.5120
0.3287
0.4522
0.0767
0.2858
0.4665
0.2702
0.4093
0.0767
0.2754
0.4615
0.2487
0.4078
0.0767
0.1032
0.3947
0.1106
0.3288
0.0767
0.1032
0.3941
0.1106
0.3288
0.0767
0.1032
0.3941
0.1106
0.3288
0.0767
FairView
0.0210
0.3134
0.0210
0.2996
0.0221
0.1451
0.5946
0.1583
0.5795
0.0218
0.2195
0.5967
0.2261
0.5808
0.0203
0.4276
0.6401
0.4310
0.6313
0.0203
0.4313
0.6422
0.4342
0.6316
0.0203
0.5101
0.6576
0.5091
0.6486
0.0203
0.5180
0.6579
0.5105
0.6488
0.0203
0.5894
0.6821
0.5922
0.6763
0.0240
0.6398
0.7020
0.6420
0.6985
0.2458
0.6800
0.6930
0.6809
0.6884
0.5217
0.6803
0.7104
0.6808
0.7063
0.5209
0.6768
0.6955
0.6778
0.6889
0.3238
0.6768
0.6955
0.6778
0.6889
0.3238
0.6687
0.6944
0.6702
0.6876
0.2342
0.6278
0.6677
0.6276
0.6542
0.1221
0.5155
0.6658
0.5164
0.6521
0.0890
0.5038
0.5975
0.5021
0.5475
0.0803
0.3449
0.5192
0.3353
0.4524
0.0767
0.3378
0.5120
0.3287
0.4522
0.0767
0.2858
0.4665
0.2702
0.4093
0.0767
0.2754
0.4615
0.2487
0.4078
0.0767
0.1032
0.3947
0.1106
0.3288
0.0767
0.1032
0.3941
0.1106
0.3288
0.0767
0.1032
0.3941
0.1106
0.3288
0.0767
Bell
0.0210
0.3134
0.0210
0.2996
0.0221
0.1451
0.5946
0.1583
0.5795
0.0218
0.2195
0.5967
0.2261
0.5808
0.0203
0.4276
0.6401
0.4310
0.6313
0.0203
0.4313
0.6422
0.4342
0.6316
0.0203
0.5101
0.6576
0.5091
0.6486
0.0203
0.5180
0.6579
0.5105
0.6488
0.0203
0.5894
0.6821
0.5922
0.6763
0.0240
0.6398
0.7020
0.6420
0.6985
0.2458
0.6800
0.6930
0.6809
0.6884
0.5217
0.6803
0.7104
0.6808
0.7063
0.5209
0.6768
0.6955
0.6778
0.6889
0.3238
0.6768
0.6955
0.6778
0.6889
0.3238
0.6687
0.6944
0.6702
0.6876
0.2342
0.6278
0.6677
0.6276
0.6542
0.1221
0.5155
0.6658
0.5164
0.6521
0.0890
0.5038
0.5975
0.5021
0.5475
0.0803
0.3449
0.5192
0.3353
0.4524
0.0767
0.3378
0.5120
0.3287
0.4522
0.0767
0.2858
0.4665
0.2702
0.4093
0.0767
0.2754
0.4615
0.2487
0.4078
0.0767
0.1032
0.3947
0.1106
0.3288
0.0767
0.1032
0.3941
0.1106
0.3288
0.0767
0.1032
0.3941
0.1106
0.3288
0.0767
IngramN
0.0210
0.3134
0.0210
0.2996
0.0221
0.1451
0.5946
0.1583
0.5795
0.0218
0.2195
0.5967
0.2261
0.5808
0.0203
0.4276
0.6401
0.4310
0.6313
0.0203
0.4313
0.6422
0.4342
0.6316
0.0203
0.5101
0.6576
0.5091
0.6486
0.0203
0.5180
0.6579
0.5105
0.6488
0.0203
0.5894
0.6821
0.5922
0.6763
0.0240
0.6398
0.7020
0.6420
0.6985
0.2458
0.6800
0.6930
0.6809
0.6884
0.5217
0.6803
0.7104
0.6808
0.7063
0.5209
0.6768
0.6955
0.6778
0.6889
0.3238
0.6768
0.6955
0.6778
0.6889
0.3238
0.6687
0.6944
0.6702
0.6876
0.2342
0.6278
0.6677
0.6276
0.6542
0.1221
0.5155
0.6658
0.5164
0.6521
0.0890
0.5038
0.5975
0.5021
0.5475
0.0803
0.3449
0.5192
0.3353
0.4524
0.0767
0.3378
0.5120
0.3287
0.4522
0.0767
0.2858
0.4665
0.2702
0.4093
0.0767
0.2754
0.4615
0.2487
0.4078
0.0767
0.1032
0.3947
0.1106
0.3288
0.0767
0.1032
0.3941
0.1106
0.3288
0.0767
0.1032
0.3941
0.1106
0.3288
0.0767
IngramS
0.0210
0.3134
0.0210
0.2996
0.0221
0.1451
0.5946
0.1583
0.5795
0.0218
0.2195
0.5967
0.2261
0.5808
0.0203
0.4276
0.6401
0.4310
0.6313
0.0203
0.4313
0.6422
0.4342
0.6316
0.0203
0.5101
0.6576
0.5091
0.6486
0.0203
0.5180
0.6579
0.5105
0.6488
0.0203
0.5894
0.6821
0.5922
0.6763
0.0240
0.6398
0.7020
0.6420
0.6985
0.2458
0.6800
0.6930
0.6809
0.6884
0.5217
0.6803
0.7104
0.6808
0.7063
0.5209
0.6768
0.6955
0.6778
0.6889
0.3238
0.6768
0.6955
0.6778
0.6889
0.3238
0.6687
0.6944
0.6702
0.6876
0.2342
0.6278
0.6677
0.6276
0.6542
0.1221
0.5155
0.6658
0.5164
0.6521
0.0890
0.5038
0.5975
0.5021
0.5475
0.0803
0.3449
0.5192
0.3353
0.4524
0.0767
0.3378
0.5120
0.3287
0.4522
0.0767
0.2858
0.4665
0.2702
0.4093
0.0767
0.2754
0.4615
0.2487
0.4078
0.0767
0.1032
0.3947
0.1106
0.3288
0.0767
0.1032
0.3941
0.1106
0.3288
0.0767
0.1032
0.3941
0.1106
0.3288
0.0767
ParkingServ
0.0210
0.3134
0.0210
0.2996
0.0221
0.1451
0.5946
0.1583
0.5795
0.0218
0.2195
0.5967
0.2261
0.5808
0.0203
0.4276
0.6401
0.4310
0.6313
0.0203
0.4313
0.6422
0.4342
0.6316
0.0203
0.5101
0.6576
0.5091
0.6486
0.0203
0.5180
0.6579
0.5105
0.6488
0.0203
0.5894
0.6821
0.5922
0.6763
0.0240
0.6398
0.7020
0.6420
0.6985
0.2458
0.6800
0.6930
0.6809
0.6884
0.5217
0.6803
0.7104
0.6808
0.7063
0.5209
0.6768
0.6955
0.6778
0.6889
0.3238
0.6768
0.6955
0.6778
0.6889
0.3238
0.6687
0.6944
0.6702
0.6876
0.2342
0.6278
0.6677
0.6276
0.6542
0.1221
0.5155
0.6658
0.5164
0.6521
0.0890
0.5038
0.5975
0.5021
0.5475
0.0803
0.3449
0.5192
0.3353
0.4524
0.0767
0.3378
0.5120
0.3287
0.4522
0.0767
0.2858
0.4665
0.2702
0.4093
0.0767
0.2754
0.4615
0.2487
0.4078
0.0767
0.1032
0.3947
0.1106
0.3288
0.0767
0.1032
0.3941
0.1106
0.3288
0.0767
0.1032
0.3941
0.1106
0.3288
0.0767
MainSt
0.0210
0.3134
0.0210
0.2996
0.0221
0.1451
0.5946
0.1583
0.5795
0.0218
0.2195
0.5967
0.2261
0.5808
0.0203
0.4276
0.6401
0.4310
0.6313
0.0203
0.4313
0.6422
0.4342
0.6316
0.0203
0.5101
0.6576
0.5091
0.6486
0.0203
0.5180
0.6579
0.5105
0.6488
0.0203
0.5894
0.6821
0.5922
0.6763
0.0240
0.6398
0.7020
0.6420
0.6985
0.2458
0.6800
0.6930
0.6809
0.6884
0.5217
0.6803
0.7104
0.6808
0.7063
0.5209
0.6768
0.6955
0.6778
0.6889
0.3238
0.6768
0.6955
0.6778
0.6889
0.3238
0.6687
0.6944
0.6702
0.6876
0.2342
0.6278
0.6677
0.6276
0.6542
0.1221
0.5155
0.6658
0.5164
0.6521
0.0890
0.5038
0.5975
0.5021
0.5475
0.0803
0.3449
0.5192
0.3353
0.4524
0.0767
0.3378
0.5120
0.3287
0.4522
0.0767
0.2858
0.4665
0.2702
0.4093
0.0767
0.2754
0.4615
0.2487
0.4078
0.0767
0.1032
0.3947
0.1106
0.3288
0.0767
0.1032
0.3941
0.1106
0.3288
0.0767
0.1032
0.3941
0.1106
0.3288
0.0767
PublicSafety
0.0210
0.3134
0.0210
0.2996
0.0221
0.1451
0.5946
0.1583
0.5795
0.0218
0.2195
0.5967
0.2261
0.5808
0.0203
0.4276
0.6401
0.4310
0.6313
0.0203
0.4313
0.6422
0.4342
0.6316
0.0203
0.5101
0.6576
0.5091
0.6486
0.0203
0.5180
0.6579
0.5105
0.6488
0.0203
0.5894
0.6821
0.5922
0.6763
0.0240
0.6398
0.7020
0.6420
0.6985
0.2458
0.6800
0.6930
0.6809
0.6884
0.5217
0.6803
0.7104
0.6808
0.7063
0.5209
0.6768
0.6955
0.6778
0.6889
0.3238
0.6768
0.6955
0.6778
0.6889
0.3238
0.6687
0.6944
0.6702
0.6876
0.2342
0.6278
0.6677
0.6276
0.6542
0.1221
0.5155
0.6658
0.5164
0.6521
0.0890
0.5038
0.5975
0.5021
0.5475
0.0803
0.3449
0.5192
0.3353
0.4524
0.0767
0.3378
0.5120
0.3287
0.4522
0.0767
0.2858
0.4665
0.2702
0.4093
0.0767
0.2754
0.4615
0.2487
0.4078
0.0767
0.1032
0.3947
0.1106
0.3288
0.0767
0.1032
0.3941
0.1106
0.3288
0.0767
0.1032
0.3941
0.1106
0.3288
0.0767
CollegeHeights
0.0210
0.3134
0.0210
0.2996
0.0221
0.1451
0.5946
0.1583
0.5795
0.0218
0.2195
0.5967
0.2261
0.5808
0.0203
0.4276
0.6401
0.4310
0.6313
0.0203
0.4313
0.6422
0.4342
0.6316
0.0203
0.5101
0.6576
0.5091
0.6486
0.0203
0.5180
0.6579
0.5105
0.6488
0.0203
0.5894
0.6821
0.5922
0.6763
0.0240
0.6398
0.7020
0.6420
0.6985
0.2458
0.6800
0.6930
0.6809
0.6884
0.5217
0.6803
0.7104
0.6808
0.7063
0.5209
0.6768
0.6955
0.6778
0.6889
0.3238
0.6768
0.6955
0.6778
0.6889
0.3238
0.6687
0.6944
0.6702
0.6876
0.2342
0.6278
0.6677
0.6276
0.6542
0.1221
0.5155
0.6658
0.5164
0.6521
0.0890
0.5038
0.5975
0.5021
0.5475
0.0803
0.3449
0.5192
0.3353
0.4524
0.0767
0.3378
0.5120
0.3287
0.4522
0.0767
0.2858
0.4665
0.2702
0.4093
0.0767
0.2754
0.4615
0.2487
0.4078
0.0767
0.1032
0.3947
0.1106
0.3288
0.0767
0.1032
0.3941
0.1106
0.3288
0.0767
0.1032
0.3941
0.1106
0.3288
0.0767
SportsPlex
0.0210
0.3134
0.0210
0.2996
0.0221
0.1451
0.5946
0.1583
0.5795
0.0218
0.2195
0.5967
0.2261
0.5808
0.0203
0.4276
0.6401
0.4310
0.6313
0.0203
0.4313
0.6422
0.4342
0.6316
0.0203
0.5101
0.6576
0.5091
0.6486
0.0203
0.5180
0.6579
0.5105
0.6488
0.0203
0.5894
0.6821
0.5922
0.6763
0.0240
0.6398
0.7020
0.6420
0.6985
0.2458
0.6800
0.6930
0.6809
0.6884
0.5217
0.6803
0.7104
0.6808
0.7063
0.5209
0.6768
0.6955
0.6778
0.6889
0.3238
0.6768
0.6955
0.6778
0.6889
0.3238
0.6687
0.6944
0.6702
0.6876
0.2342
0.6278
0.6677
0.6276
0.6542
0.1221
0.5155
0.6658
0.5164
0.6521
0.0890
0.5038
0.5975
0.5021
0.5475
0.0803
0.3449
0.5192
0.3353
0.4524
0.0767
0.3378
0.5120
0.3287
0.4522
0.0767
0.2858
0.4665
0.2702
0.4093
0.0767
0.2754
0.4615
0.2487
0.4078
0.0767
0.1032
0.3947
0.1106
0.3288
0.0767
0.1032
0.3941
0.1106
0.3288
0.0767
0.1032
0.3941
0.1106
0.3288
0.0767
CityView
0.0210
0.3134
0.0210
0.2996
0.0221
0.1451
0.5946
0.1583
0.5795
0.0218
0.2195
0.5967
0.2261
0.5808
0.0203
0.4276
0.6401
0.4310
0.6313
0.0203
0.4313
0.6422
0.4342
0.6316
0.0203
0.5101
0.6576
0.5091
0.6486
0.0203
0.5180
0.6579
0.5105
0.6488
0.0203
0.5894
0.6821
0.5922
0.6763
0.0240
0.6398
0.7020
0.6420
0.6985
0.2458
0.6800
0.6930
0.6809
0.6884
0.5217
0.6803
0.7104
0.6808
0.7063
0.5209
0.6768
0.6955
0.6778
0.6889
0.3238
0.6768
0.6955
0.6778
0.6889
0.3238
0.6687
0.6944
0.6702
0.6876
0.2342
0.6278
0.6677
0.6276
0.6542
0.1221
0.5155
0.6658
0.5164
0.6521
0.0890
0.5038
0.5975
0.5021
0.5475
0.0803
0.3449
0.5192
0.3353
0.4524
0.0767
0.3378
0.5120
0.3287
0.4522
0.0767
0.2858
0.4665
0.2702
0.4093
0.0767
0.2754
0.4615
0.2487
0.4078
0.0767
0.1032
0.3947
0.1106
0.3288
0.0767
0.1032
0.3941
0.1106
0.3288
0.0767
0.1032
0.3941
0.1106
0.3288
0.0767
GreekRow
0.0210
0.3134
0.0210
0.2996
0.0221
0.1451
0.5946
0.1583
0.5795
0.0218
0.2195
0.5967
0.2261
0.5808
0.0203
0.4276
0.6401
0.4310
0.6313
0.0203
0.4313
0.6422
0.4342
0.6316
0.0203
0.5101
0.6576
0.5091
0.6486
0.0203
0.5180
0.6579
0.5105
0.6488
0.0203
0.5894
0.6821
0.5922
0.6763
0.0240
0.6398
0.7020
0.6420
0.6985
0.2458
0.6800
0.6930
0.6809
0.6884
0.5217
0.6803
0.7104
0.6808
0.7063
0.5209
0.6768
0.6955
0.6778
0.6889
0.3238
0.6768
0.6955
0.6778
0.6889
0.3238
0.6687
0.6944
0.6702
0.6876
0.2342
0.6278
0.6677
0.6276
0.6542
0.1221
0.5155
0.6658
0.5164
0.6521
0.0890
0.5038
0.5975
0.5021
0.5475
0.0803
0.3449
0.5192
0.3353
0.4524
0.0767
0.3378
0.5120
0.3287
0.4522
0.0767
0.2858
0.4665
0.2702
0.4093
0.0767
0.2754
0.4615
0.2487
0.4078
0.0767
0.1032
0.3947
0.1106
0.3288
0.0767
0.1032
0.3941
0.1106
0.3288
0.0767
0.1032
0.3941
0.1106
0.3288
0.0767
Rutherford
0.0210
0.3134
0.0210
0.2996
0.0221
0.1451
0.5946
0.1583
0.5795
0.0218
0.2195
0.5967
0.2261
0.5808
0.0203
0.4276
0.6401
0.4310
0.6313
0.0203
0.4313
0.6422
0.4342
0.6316
0.0203
0.5101
0.6576
0.5091
0.6486
0.0203
0.5180
0.6579
0.5105
0.6488
0.0203
0.5894
0.6821
0.5922
0.6763
0.0240
0.6398
0.7020
0.6420
0.6985
0.2458
0.6800
0.6930
0.6809
0.6884
0.5217
0.6803
0.7104
0.6808
0.7063
0.5209
0.6768
0.6955
0.6778
0.6889
0.3238
0.6768
0.6955
0.6778
0.6889
0.3238
0.6687
0.6944
0.6702
0.6876
0.2342
0.6278
0.6677
0.6276
0.6542
0.1221
0.5155
0.6658
0.5164
0.6521
0.0890
0.5038
0.5975
0.5021
0.5475
0.0803
0.3449
0.5192
0.3353
0.4524
0.0767
0.3378
0.5120
0.3287
0.4522
0.0767
0.2858
0.4665
0.2702
0.4093
0.0767
0.2754
0.4615
0.2487
0.4078
0.0767
0.1032
0.3947
0.1106
0.3288
0.0767
0.1032
0.3941
0.1106
0.3288
0.0767
0.1032
0.3941
0.1106
0.3288
0.0767
Softball
0.0210
0.3134
0.0210
0.2996
0.0221
0.1451
0.5946
0.1583
0.5795
0.0218
0.2195
0.5967
0.2261
0.5808
0.0203
0.4276
0.6401
0.4310
0.6313
0.0203
0.4313
0.6422
0.4342
0.6316
0.0203
0.5101
0.6576
0.5091
0.6486
0.0203
0.5180
0.6579
0.5105
0.6488
0.0203
0.5894
0.6821
0.5922
0.6763
0.0240
0.6398
0.7020
0.6420
0.6985
0.2458
0.6800
0.6930
0.6809
0.6884
0.5217
0.6803
0.7104
0.6808
0.7063
0.5209
0.6768
0.6955
0.6778
0.6889
0.3238
0.6768
0.6955
0.6778
0.6889
0.3238
0.6687
0.6944
0.6702
0.6876
0.2342
0.6278
0.6677
0.6276
0.6542
0.1221
0.5155
0.6658
0.5164
0.6521
0.0890
0.5038
0.5975
0.5021
0.5475
0.0803
0.3449
0.5192
0.3353
0.4524
0.0767
0.3378
0.5120
0.3287
0.4522
0.0767
0.2858
0.4665
0.2702
0.4093
0.0767
0.2754
0.4615
0.2487
0.4078
0.0767
0.1032
0.3947
0.1106
0.3288
0.0767
0.1032
0.3941
0.1106
0.3288
0.0767
0.1032
0.3941
0.1106
0.3288
0.0767
Ezell
0.0210
0.3134
0.0210
0.2996
0.0221
0.1451
0.5946
0.1583
0.5795
0.0218
0.2195
0.5967
0.2261
0.5808
0.0203
0.4276
0.6401
0.4310
0.6313
0.0203
0.4313
0.6422
0.4342
0.6316
0.0203
0.5101
0.6576
0.5091
0.6486
0.0203
0.5180
0.6579
0.5105
0.6488
0.0203
0.5894
0.6821
0.5922
0.6763
0.0240
0.6398
0.7020
0.6420
0.6985
0.2458
0.6800
0.6930
0.6809
0.6884
0.5217
0.6803
0.7104
0.6808
0.7063
0.5209
0.6768
0.6955
0.6778
0.6889
0.3238
0.6768
0.6955
0.6778
0.6889
0.3238
0.6687
0.6944
0.6702
0.6876
0.2342
0.6278
0.6677
0.6276
0.6542
0.1221
0.5155
0.6658
0.5164
0.6521
0.0890
0.5038
0.5975
0.5021
0.5475
0.0803
0.3449
0.5192
0.3353
0.4524
0.0767
0.3378
0.5120
0.3287
0.4522
0.0767
0.2858
0.4665
0.2702
0.4093
0.0767
0.2754
0.4615
0.2487
0.4078
0.0767
0.1032
0.3947
0.1106
0.3288
0.0767
0.1032
0.3941
0.1106
0.3288
0.0767
0.1032
0.3941
0.1106
0.3288
0.0767
MtsuBlvdG
0.0210
0.3134
0.0210
0.2996
0.0221
0.1451
0.5946
0.1583
0.5795
0.0218
0.2195
0.5967
0.2261
0.5808
0.0203
0.4276
0.6401
0.4310
0.6313
0.0203
0.4313
0.6422
0.4342
0.6316
0.0203
0.5101
0.6576
0.5091
0.6486
0.0203
0.5180
0.6579
0.5105
0.6488
0.0203
0.5894
0.6821
0.5922
0.6763
0.0240
0.6398
0.7020
0.6420
0.6985
0.2458
0.6800
0.6930
0.6809
0.6884
0.5217
0.6803
0.7104
0.6808
0.7063
0.5209
0.6768
0.6955
0.6778
0.6889
0.3238
0.6768
0.6955
0.6778
0.6889
0.3238
0.6687
0.6944
0.6702
0.6876
0.2342
0.6278
0.6677
0.6276
0.6542
0.1221
0.5155
0.6658
0.5164
0.6521
0.0890
0.5038
0.5975
0.5021
0.5475
0.0803
0.3449
0.5192
0.3353
0.4524
0.0767
0.3378
0.5120
0.3287
0.4522
0.0767
0.2858
0.4665
0.2702
0.4093
0.0767
0.2754
0.4615
0.2487
0.4078
0.0767
0.1032
0.3947
0.1106
0.3288
0.0767
0.1032
0.3941
0.1106
0.3288
0.0767
0.1032
0.3941
0.1106
0.3288
0.0767
Rec
0.0210
0.3134
0.0210
0.2996
0.0221
0.1451
0.5946
0.1583
0.5795
0.0218
0.2195
0.5967
0.2261
0.5808
0.0203
0.4276
0.6401
0.4310
0.6313
0.0203
0.4313
0.6422
0.4342
0.6316
0.0203
0.5101
0.6576
0.5091
0.6486
0.0203
0.5180
0.6579
0.5105
0.6488
0.0203
0.5894
0.6821
0.5922
0.6763
0.0240
0.6398
0.7020
0.6420
0.6985
0.2458
0.6800
0.6930
0.6809
0.6884
0.5217
0.6803
0.7104
0.6808
0.7063
0.5209
0.6768
0.6955
0.6778
0.6889
0.3238
0.6768
0.6955
0.6778
0.6889
0.3238
0.6687
0.6944
0.6702
0.6876
0.2342
0.6278
0.6677
0.6276
0.6542
0.1221
0.5155
0.6658
0.5164
0.6521
0.0890
0.5038
0.5975
0.5021
0.5475
0.0803
0.3449
0.5192
0.3353
0.4524
0.0767
0.3378
0.5120
0.3287
0.4522
0.0767
0.2858
0.4665
0.2702
0.4093
0.0767
0.2754
0.4615
0.2487
0.4078
0.0767
0.1032
0.3947
0.1106
0.3288
0.0767
0.1032
0.3941
0.1106
0.3288
0.0767
0.1032
0.3941
0.1106
0.3288
0.0767
Abernathy
0.0210
0.3134
0.0210
0.2996
0.0221
0.1451
0.5946
0.1583
0.5795
0.0218
0.2195
0.5967
0.2261
0.5808
0.0203
0.4276
0.6401
0.4310
0.6313
0.0203
0.4313
0.6422
0.4342
0.6316
0.0203
0.5101
0.6576
0.5091
0.6486
0.0203
0.5180
0.6579
0.5105
0.6488
0.0203
0.5894
0.6821
0.5922
0.6763
0.0240
0.6398
0.7020
0.6420
0.6985
0.2458
0.6800
0.6930
0.6809
0.6884
0.5217
0.6803
0.7104
0.6808
0.7063
0.5209
0.6768
0.6955
0.6778
0.6889
0.3238
0.6768
0.6955
0.6778
0.6889
0.3238
0.6687
0.6944
0.6702
0.6876
0.2342
0.6278
0.6677
0.6276
0.6542
0.1221
0.5155
0.6658
0.5164
0.6521
0.0890
0.5038
0.5975
0.5021
0.5475
0.0803
0.3449
0.5192
0.3353
0.4524
0.0767
0.3378
0.5120
0.3287
0.4522
0.0767
0.2858
0.4665
0.2702
0.4093
0.0767
0.2754
0.4615
0.2487
0.4078
0.0767
0.1032
0.3947
0.1106
0.3288
0.0767
0.1032
0.3941
0.1106
0.3288
0.0767
0.1032
0.3941
0.1106
0.3288
0.0767
MTSU
0.0210
0.3134
0.0210
0.2996
0.0221
0.1451
0.5946
0.1583
0.5795
0.0218
0.2195
0.5967
0.2261
0.5808
0.0203
0.4276
0.6401
0.4310
0.6313
0.0203
0.4313
0.6422
0.4342
0.6316
0.0203
0.5101
0.6576
0.5091
0.6486
0.0203
0.5180
0.6579
0.5105
0.6488
0.0203
0.5894
0.6821
0.5922
0.6763
0.0240
0.6398
0.7020
0.6420
0.6985
0.2458
0.6800
0.6930
0.6809
0.6884
0.5217
0.6803
0.7104
0.6808
0.7063
0.5209
0.6768
0.6955
0.6778
0.6889
0.3238
0.6768
0.6955
0.6778
0.6889
0.3238
0.6687
0.6944
0.6702
0.6876
0.2342
0.6278
0.6677
0.6276
0.6542
0.1221
0.5155
0.6658
0.5164
0.6521
0.0890
0.5038
0.5975
0.5021
0.5475
0.0803
0.3449
0.5192
0.3353
0.4524
0.0767
0.3378
0.5120
0.3287
0.4522
0.0767
0.2858
0.4665
0.2702
0.4093
0.0767
0.2754
0.4615
0.2487
0.4078
0.0767
0.1032
0.3947
0.1106
0.3288
0.0767
0.1032
0.3941
0.1106
0.3288
0.0767
0.1032
0.3941
0.1106
0.3288
0.0767
Highland
0.0210
0.3134
0.0210
0.2996
0.0221
0.1451
0.5946
0.1583
0.5795
0.0218
0.2195
0.5967
0.2261
0.5808
0.0203
0.4276
0.6401
0.4310
0.6313
0.0203
0.4313
0.6422
0.4342
0.6316
0.0203
0.5101
0.6576
0.5091
0.6486
0.0203
0.5180
0.6579
0.5105
0.6488
0.0203
0.5894
0.6821
0.5922
0.6763
0.0240
0.6398
0.7020
0.6420
0.6985
0.2458
0.6800
0.6930
0.6809
0.6884
0.5217
0.6803
0.7104
0.6808
0.7063
0.5209
0.6768
0.6955
0.6778
0.6889
0.3238
0.6768
0.6955
0.6778
0.6889
0.3238
0.6687
0.6944
0.6702
0.6876
0.2342
0.6278
0.6677
0.6276
0.6542
0.1221
0.5155
0.6658
0.5164
0.6521
0.0890
0.5038
0.5975
0.5021
0.5475
0.0803
0.3449
0.5192
0.3353
0.4524
0.0767
0.3378
0.5120
0.3287
0.4522
0.0767
0.2858
0.4665
0.2702
0.4093
0.0767
0.2754
0.4615
0.2487
0.4078
0.0767
0.1032
0.3947
0.1106
0.3288
0.0767
0.1032
0.3941
0.1106
0.3288
0.0767
0.1032
0.3941
0.1106
0.3288
0.0767
MEC
0.0210
0.3134
0.0210
0.2996
0.0221
0.1451
0.5946
0.1583
0.5795
0.0218
0.2195
0.5967
0.2261
0.5808
0.0203
0.4276
0.6401
0.4310
0.6313
0.0203
0.4313
0.6422
0.4342
0.6316
0.0203
0.5101
0.6576
0.5091
0.6486
0.0203
0.5180
0.6579
0.5105
0.6488
0.0203
0.5894
0.6821
0.5922
0.6763
0.0240
0.6398
0.7020
0.6420
0.6985
0.2458
0.6800
0.6930
0.6809
0.6884
0.5217
0.6803
0.7104
0.6808
0.7063
0.5209
0.6768
0.6955
0.6778
0.6889
0.3238
0.6768
0.6955
0.6778
0.6889
0.3238
0.6687
0.6944
0.6702
0.6876
0.2342
0.6278
0.6677
0.6276
0.6542
0.1221
0.5155
0.6658
0.5164
0.6521
0.0890
0.5038
0.5975
0.5021
0.5475
0.0803
0.3449
0.5192
0.3353
0.4524
0.0767
0.3378
0.5120
0.3287
0.4522
0.0767
0.2858
0.4665
0.2702
0.4093
0.0767
0.2754
0.4615
0.2487
0.4078
0.0767
0.1032
0.3947
0.1106
0.3288
0.0767
0.1032
0.3941
0.1106
0.3288
0.0767
0.1032
0.3941
0.1106
0.3288
0.0767
Jackson
0.0210
0.3134
0.0210
0.2996
0.0221
0.1451
0.5946
0.1583
0.5795
0.0218
0.2195
0.5967
0.2261
0.5808
0.0203
0.4276
0.6401
0.4310
0.6313
0.0203
0.4313
0.6422
0.4342
0.6316
0.0203
0.5101
0.6576
0.5091
0.6486
0.0203
0.5180
0.6579
0.5105
0.6488
0.0203
0.5894
0.6821
0.5922
0.6763
0.0240
0.6398
0.7020
0.6420
0.6985
0.2458
0.6800
0.6930
0.6809
0.6884
0.5217
0.6803
0.7104
0.6808
0.7063
0.5209
0.6768
0.6955
0.6778
0.6889
0.3238
0.6768
0.6955
0.6778
0.6889
0.3238
0.6687
0.6944
0.6702
0.6876
0.2342
0.6278
0.6677
0.6276
0.6542
0.1221
0.5155
0.6658
0.5164
0.6521
0.0890
0.5038
0.5975
0.5021
0.5475
0.0803
0.3449
0.5192
0.3353
0.4524
0.0767
0.3378
0.5120
0.3287
0.4522
0.0767
0.2858
0.4665
0.2702
0.4093
0.0767
0.2754
0.4615
0.2487
0.4078
0.0767
0.1032
0.3947
0.1106
0.3288
0.0767
0.1032
0.3941
0.1106
0.3288
0.0767
0.1032
0.3941
0.1106
0.3288
0.0767
Livestock
0.0210
0.3134
0.0210
0.2996
0.0221
0.1451
0.5946
0.1583
0.5795
0.0218
0.2195
0.5967
0.2261
0.5808
0.0203
0.4276
0.6401
0.4310
0.6313
0.0203
0.4313
0.6422
0.4342
0.6316
0.0203
0.5101
0.6576
0.5091
0.6486
0.0203
0.5180
0.6579
0.5105
0.6488
0.0203
0.5894
0.6821
0.5922
0.6763
0.0240
0.6398
0.7020
0.6420
0.6985
0.2458
0.6800
0.6930
0.6809
0.6884
0.5217
0.6803
0.7104
0.6808
0.7063
0.5209
0.6768
0.6955
0.6778
0.6889
0.3238
0.6768
0.6955
0.6778
0.6889
0.3238
0.6687
0.6944
0.6702
0.6876
0.2342
0.6278
0.6677
0.6276
0.6542
0.1221
0.5155
0.6658
0.5164
0.6521
0.0890
0.5038
0.5975
0.5021
0.5475
0.0803
0.3449
0.5192
0.3353
0.4524
0.0767
0.3378
0.5120
0.3287
0.4522
0.0767
0.2858
0.4665
0.2702
0.4093
0.0767
0.2754
0.4615
0.2487
0.4078
0.0767
0.1032
0.3947
0.1106
0.3288
0.0767
0.1032
0.3941
0.1106
0.3288
0.0767
0.1032
0.3941
0.1106
0.3288
0.0767
Greenhouse
0.0210
0.3134
0.0210
0.2996
0.0221
0.1451
0.5946
0.1583
0.5795
0.0218
0.2195
0.5967
0.2261
0.5808
0.0203
0.4276
0.6401
0.4310
0.6313
0.0203
0.4313
0.6422
0.4342
0.6316
0.0203
0.5101
0.6576
0.5091
0.6486
0.0203
0.5180
0.6579
0.5105
0.6488
0.0203
0.5894
0.6821
0.5922
0.6763
0.0240
0.6398
0.7020
0.6420
0.6985
0.2458
0.6800
0.6930
0.6809
0.6884
0.5217
0.6803
0.7104
0.6808
0.7063
0.5209
0.6768
0.6955
0.6778
0.6889
0.3238
0.6768
0.6955
0.6778
0.6889
0.3238
0.6687
0.6944
0.6702
0.6876
0.2342
0.6278
0.6677
0.6276
0.6542
0.1221
0.5155
0.6658
0.5164
0.6521
0.0890
0.5038
0.5975
0.5021
0.5475
0.0803
0.3449
0.5192
0.3353
0.4524
0.0767
0.3378
0.5120
0.3287
0.4522
0.0767
0.2858
0.4665
0.2702
0.4093
0.0767
0.2754
0.4615
0.2487
0.4078
0.0767
0.1032
0.3947
0.1106
0.3288
0.0767
0.1032
0.3941
0.1106
0.3288
0.0767
0.1032
0.3941
0.1106
0.3288
0.0767
ChampionWayG
0.0210
0.3134
0.0210
0.2996
0.0221
0.1451
0.5946
0.1583
0.5795
0.0218
0.2195
0.5967
0.2261
0.5808
0.0203
0.4276
0.6401
0.4310
0.6313
0.0203
0.4313
0.6422
0.4342
0.6316
0.0203
0.5101
0.6576
0.5091
0.6486
0.0203
0.5180
0.6579
0.5105
0.6488
0.0203
0.5894
0.6821
0.5922
0.6763
0.0240
0.6398
0.7020
0.6420
0.6985
0.2458
0.6800
0.6930
0.6809
0.6884
0.5217
0.6803
0.7104
0.6808
0.7063
0.5209
0.6768
0.6955
0.6778
0.6889
0.3238
0.6768
0.6955
0.6778
0.6889
0.3238
0.6687
0.6944
0.6702
0.6876
0.2342
0.6278
0.6677
0.6276
0.6542
0.1221
0.5155
0.6658
0.5164
0.6521
0.0890
0.5038
0.5975
0.5021
0.5475
0.0803
0.3449
0.5192
0.3353
0.4524
0.0767
0.3378
0.5120
0.3287
0.4522
0.0767
0.2858
0.4665
0.2702
0.4093
0.0767
0.2754
0.4615
0.2487
0.4078
0.0767
0.1032
0.3947
0.1106
0.3288
0.0767
0.1032
0.3941
0.1106
0.3288
0.0767
0.1032
0.3941
0.1106
0.3288
0.0767
Greenland
0.0210
0.3134
0.0210
0.2996
0.0221
0.1451
0.5946
0.1583
0.5795
0.0218
0.2195
0.5967
0.2261
0.5808
0.0203
0.4276
0.6401
0.4310
0.6313
0.0203
0.4313
0.6422
0.4342
0.6316
0.0203
0.5101
0.6576
0.5091
0.6486
0.0203
0.5180
0.6579
0.5105
0.6488
0.0203
0.5894
0.6821
0.5922
0.6763
0.0240
0.6398
0.7020
0.6420
0.6985
0.2458
0.6800
0.6930
0.6809
0.6884
0.5217
0.6803
0.7104
0.6808
0.7063
0.5209
0.6768
0.6955
0.6778
0.6889
0.3238
0.6768
0.6955
0.6778
0.6889
0.3238
0.6687
0.6944
0.6702
0.6876
0.2342
0.6278
0.6677
0.6276
0.6542
0.1221
0.5155
0.6658
0.5164
0.6521
0.0890
0.5038
0.5975
0.5021
0.5475
0.0803
0.3449
0.5192
0.3353
0.4524
0.0767
0.3378
0.5120
0.3287
0.4522
0.0767
0.2858
0.4665
0.2702
0.4093
0.0767
0.2754
0.4615
0.2487
0.4078
0.0767
0.1032
0.3947
0.1106
0.3288
0.0767
0.1032
0.3941
0.1106
0.3288
0.0767
0.1032
0.3941
0.1106
0.3288
0.0767
MiddleTN
0.0210
0.3134
0.0210
0.2996
0.0221
0.1451
0.5946
0.1583
0.5795
0.0218
0.2195
0.5967
0.2261
0.5808
0.0203
0.4276
0.6401
0.4310
0.6313
0.0203
0.4313
0.6422
0.4342
0.6316
0.0203
0.5101
0.6576
0.5091
0.6486
0.0203
0.5180
0.6579
0.5105
0.6488
0.0203
0.5894
0.6821
0.5922
0.6763
0.0240
0.6398
0.7020
0.6420
0.6985
0.2458
0.6800
0.6930
0.6809
0.6884
0.5217
0.6803
0.7104
0.6808
0.7063
0.5209
0.6768
0.6955
0.6778
0.6889
0.3238
0.6768
0.6955
0.6778
0.6889
0.3238
0.6687
0.6944
0.6702
0.6876
0.2342
0.6278
0.6677
0.6276
0.6542
0.1221
0.5155
0.6658
0.5164
0.6521
0.0890
0.5038
0.5975
0.5021
0.5475
0.0803
0.3449
0.5192
0.3353
0.4524
0.0767
0.3378
0.5120
0.3287
0.4522
0.0767
0.2858
0.4665
0.2702
0.4093
0.0767
0.2754
0.4615
0.2487
0.4078
0.0767
0.1032
0.3947
0.1106
0.3288
0.0767
0.1032
0.3941
0.1106
0.3288
0.0767
0.1032
0.3941
0.1106
0.3288
0.0767
