Rose
0.0363
0.2732
0.0363
0.2611
0.0401
0.1418
0.4860
0.1468
0.4772
0.0391
0.1853
0.4872
0.1920
0.4779
0.0340
0.3672
0.5204
0.3699
0.5101
0.0340
0.3701
0.5229
0.3725
0.5103
0.0340
0.4291
0.5419
0.4284
0.5306
0.0340
0.4348
0.5423
0.4294
0.5309
0.0340
0.4829
0.5740
0.4846
0.5661
0.0540
0.5201
0.6020
0.5227
0.5969
0.2119
0.5712
0.5892
0.5724
0.5827
0.4373
0.5716
0.6119
0.5723
0.6083
0.4368
0.5668
0.5928
0.5683
0.5834
0.2821
0.5668
0.5928
0.5683
0.5834
0.2821
0.5562
0.5913
0.5581
0.5816
0.2002
0.5060
0.5550
0.5058
0.5377
0.1332
0.4329
0.5525
0.4336
0.5351
0.1168
0.4245
0.4878
0.4233
0.4556
0.1108
0.3003
0.4358
0.2921
0.3865
0.1083
0.2943
0.4306
0.2864
0.3863
0.1083
0.2490
0.3972
0.2348
0.3531
0.1083
0.2396
0.3935
0.2148
0.3519
0.1083
0.1261
0.3413
0.1293
0.2867
0.1083
0.1261
0.3408
0.1293
0.2867
0.1083
0.1261
0.3408
0.1293
0.2867
0.1083
FairView
0.0363
0.2732
0.0363
0.2611
0.0401
0.1418
0.4860
0.1468
0.4772
0.0391
0.1853
0.4872
0.1920
0.4779
0.0340
0.3672
0.5204
0.3699
0.5101
0.0340
0.3701
0.5229
0.3725
0.5103
0.0340
0.4291
0.5419
0.4284
0.5306
0.0340
0.4348
0.5423
0.4294
0.5309
0.0340
0.4829
0.5740
0.4846
0.5661
0.0540
0.5201
0.6020
0.5227
0.5969
0.2119
0.5712
0.5892
0.5724
0.5827
0.4373
0.5716
0.6119
0.5723
0.6083
0.4368
0.5668
0.5928
0.5683
0.5834
0.2821
0.5668
0.5928
0.5683
0.5834
0.2821
0.5562
0.5913
0.5581
0.5816
0.2002
0.5060
0.5550
0.5058
0.5377
0.1332
0.4329
0.5525
0.4336
0.5351
0.1168
0.4245
0.4878
0.4233
0.4556
0.1108
0.3003
0.4358
0.2921
0.3865
0.1083
0.2943
0.4306
0.2864
0.3863
0.1083
0.2490
0.3972
0.2348
0.3531
0.1083
0.2396
0.3935
0.2148
0.3519
0.1083
0.1261
0.3413
0.1293
0.2867
0.1083
0.1261
0.3408
0.1293
0.2867
0.1083
0.1261
0.3408
0.1293
0.2867
0.1083
Bell
0.0363
0.2732
0.0363
0.2611
0.0401
0.1418
0.4860
0.1468
0.4772
0.0391
0.1853
0.4872
0.1920
0.4779
0.0340
0.3672
0.5204
0.3699
0.5101
0.0340
0.3701
0.5229
0.3725
0.5103
0.0340
0.4291
0.5419
0.4284
0.5306
0.0340
0.4348
0.5423
0.4294
0.5309
0.0340
0.4829
0.5740
0.4846
0.5661
0.0540
0.5201
0.6020
0.5227
0.5969
0.2119
0.5712
0.5892
0.5724
0.5827
0.4373
0.5716
0.6119
0.5723
0.6083
0.4368
0.5668
0.5928
0.5683
0.5834
0.2821
0.5668
0.5928
0.5683
0.5834
0.2821
0.5562
0.5913
0.5581
0.5816
0.2002
0.5060
0.5550
0.5058
0.5377
0.1332
0.4329
0.5525
0.4336
0.5351
0.1168
0.4245
0.4878
0.4233
0.4556
0.1108
0.3003
0.4358
0.2921
0.3865
0.1083
0.2943
0.4306
0.2864
0.3863
0.1083
0.2490
0.3972
0.2348
0.3531
0.1083
0.2396
0.3935
0.2148
0.3519
0.1083
0.1261
0.3413
0.1293
0.2867
0.1083
0.1261
0.3408
0.1293
0.2867
0.1083
0.1261
0.3408
0.1293
0.2867
0.1083
IngramN
0.0363
0.2732
0.0363
0.2611
0.0401
0.1418
0.4860
0.1468
0.4772
0.0391
0.1853
0.4872
0.1920
0.4779
0.0340
0.3672
0.5204
0.3699
0.5101
0.0340
0.3701
0.5229
0.3725
0.5103
0.0340
0.4291
0.5419
0.4284
0.5306
0.0340
0.4348
0.5423
0.4294
0.5309
0.0340
0.4829
0.5740
0.4846
0.5661
0.0540
0.5201
0.6020
0.5227
0.5969
0.2119
0.5712
0.5892
0.5724
0.5827
0.4373
0.5716
0.6119
0.5723
0.6083
0.4368
0.5668
0.5928
0.5683
0.5834
0.2821
0.5668
0.5928
0.5683
0.5834
0.2821
0.5562
0.5913
0.5581
0.5816
0.2002
0.5060
0.5550
0.5058
0.5377
0.1332
0.4329
0.5525
0.4336
0.5351
0.1168
0.4245
0.4878
0.4233
0.4556
0.1108
0.3003
0.4358
0.2921
0.3865
0.1083
0.2943
0.4306
0.2864
0.3863
0.1083
0.2490
0.3972
0.2348
0.3531
0.1083
0.2396
0.3935
0.2148
0.3519
0.1083
0.1261
0.3413
0.1293
0.2867
0.1083
0.1261
0.3408
0.1293
0.2867
0.1083
0.1261
0.3408
0.1293
0.2867
0.1083
IngramS
0.0363
0.2732
0.0363
0.2611
0.0401
0.1418
0.4860
0.1468
0.4772
0.0391
0.1853
0.4872
0.1920
0.4779
0.0340
0.3672
0.5204
0.3699
0.5101
0.0340
0.3701
0.5229
0.3725
0.5103
0.0340
0.4291
0.5419
0.4284
0.5306
0.0340
0.4348
0.5423
0.4294
0.5309
0.0340
0.4829
0.5740
0.4846
0.5661
0.0540
0.5201
0.6020
0.5227
0.5969
0.2119
0.5712
0.5892
0.5724
0.5827
0.4373
0.5716
0.6119
0.5723
0.6083
0.4368
0.5668
0.5928
0.5683
0.5834
0.2821
0.5668
0.5928
0.5683
0.5834
0.2821
0.5562
0.5913
0.5581
0.5816
0.2002
0.5060
0.5550
0.5058
0.5377
0.1332
0.4329
0.5525
0.4336
0.5351
0.1168
0.4245
0.4878
0.4233
0.4556
0.1108
0.3003
0.4358
0.2921
0.3865
0.1083
0.2943
0.4306
0.2864
0.3863
0.1083
0.2490
0.3972
0.2348
0.3531
0.1083
0.2396
0.3935
0.2148
0.3519
0.1083
0.1261
0.3413
0.1293
0.2867
0.1083
0.1261
0.3408
0.1293
0.2867
0.1083
0.1261
0.3408
0.1293
0.2867
0.1083
ParkingServ
0.0363
0.2732
0.0363
0.2611
0.0401
0.1418
0.4860
0.1468
0.4772
0.0391
0.1853
0.4872
0.1920
0.4779
0.0340
0.3672
0.5204
0.3699
0.5101
0.0340
0.3701
0.5229
0.3725
0.5103
0.0340
0.4291
0.5419
0.4284
0.5306
0.0340
0.4348
0.5423
0.4294
0.5309
0.0340
0.4829
0.5740
0.4846
0.5661
0.0540
0.5201
0.6020
0.5227
0.5969
0.2119
0.5712
0.5892
0.5724
0.5827
0.4373
0.5716
0.6119
0.5723
0.6083
0.4368
0.5668
0.5928
0.5683
0.5834
0.2821
0.5668
0.5928
0.5683
0.5834
0.2821
0.5562
0.5913
0.5581
0.5816
0.2002
0.5060
0.5550
0.5058
0.5377
0.1332
0.4329
0.5525
0.4336
0.5351
0.1168
0.4245
0.4878
0.4233
0.4556
0.1108
0.3003
0.4358
0.2921
0.3865
0.1083
0.2943
0.4306
0.2864
0.3863
0.1083
0.2490
0.3972
0.2348
0.3531
0.1083
0.2396
0.3935
0.2148
0.3519
0.1083
0.1261
0.3413
0.1293
0.2867
0.1083
0.1261
0.3408
0.1293
0.2867
0.1083
0.1261
0.3408
0.1293
0.2867
0.1083
MainSt
0.0363
0.2732
0.0363
0.2611
0.0401
0.1418
0.4860
0.1468
0.4772
0.0391
0.1853
0.4872
0.1920
0.4779
0.0340
0.3672
0.5204
0.3699
0.5101
0.0340
0.3701
0.5229
0.3725
0.5103
0.0340
0.4291
0.5419
0.4284
0.5306
0.0340
0.4348
0.5423
0.4294
0.5309
0.0340
0.4829
0.5740
0.4846
0.5661
0.0540
0.5201
0.6020
0.5227
0.5969
0.2119
0.5712
0.5892
0.5724
0.5827
0.4373
0.5716
0.6119
0.5723
0.6083
0.4368
0.5668
0.5928
0.5683
0.5834
0.2821
0.5668
0.5928
0.5683
0.5834
0.2821
0.5562
0.5913
0.5581
0.5816
0.2002
0.5060
0.5550
0.5058
0.5377
0.1332
0.4329
0.5525
0.4336
0.5351
0.1168
0.4245
0.4878
0.4233
0.4556
0.1108
0.3003
0.4358
0.2921
0.3865
0.1083
0.2943
0.4306
0.2864
0.3863
0.1083
0.2490
0.3972
0.2348
0.3531
0.1083
0.2396
0.3935
0.2148
0.3519
0.1083
0.1261
0.3413
0.1293
0.2867
0.1083
0.1261
0.3408
0.1293
0.2867
0.1083
0.1261
0.3408
0.1293
0.2867
0.1083
PublicSafety
0.0363
0.2732
0.0363
0.2611
0.0401
0.1418
0.4860
0.1468
0.4772
0.0391
0.1853
0.4872
0.1920
0.4779
0.0340
0.3672
0.5204
0.3699
0.5101
0.0340
0.3701
0.5229
0.3725
0.5103
0.0340
0.4291
0.5419
0.4284
0.5306
0.0340
0.4348
0.5423
0.4294
0.5309
0.0340
0.4829
0.5740
0.4846
0.5661
0.0540
0.5201
0.6020
0.5227
0.5969
0.2119
0.5712
0.5892
0.5724
0.5827
0.4373
0.5716
0.6119
0.5723
0.6083
0.4368
0.5668
0.5928
0.5683
0.5834
0.2821
0.5668
0.5928
0.5683
0.5834
0.2821
0.5562
0.5913
0.5581
0.5816
0.2002
0.5060
0.5550
0.5058
0.5377
0.1332
0.4329
0.5525
0.4336
0.5351
0.1168
0.4245
0.4878
0.4233
0.4556
0.1108
0.3003
0.4358
0.2921
0.3865
0.1083
0.2943
0.4306
0.2864
0.3863
0.1083
0.2490
0.3972
0.2348
0.3531
0.1083
0.2396
0.3935
0.2148
0.3519
0.1083
0.1261
0.3413
0.1293
0.2867
0.1083
0.1261
0.3408
0.1293
0.2867
0.1083
0.1261
0.3408
0.1293
0.2867
0.1083
CollegeHeights
0.0363
0.2732
0.0363
0.2611
0.0401
0.1418
0.4860
0.1468
0.4772
0.0391
0.1853
0.4872
0.1920
0.4779
0.0340
0.3672
0.5204
0.3699
0.5101
0.0340
0.3701
0.5229
0.3725
0.5103
0.0340
0.4291
0.5419
0.4284
0.5306
0.0340
0.4348
0.5423
0.4294
0.5309
0.0340
0.4829
0.5740
0.4846
0.5661
0.0540
0.5201
0.6020
0.5227
0.5969
0.2119
0.5712
0.5892
0.5724
0.5827
0.4373
0.5716
0.6119
0.5723
0.6083
0.4368
0.5668
0.5928
0.5683
0.5834
0.2821
0.5668
0.5928
0.5683
0.5834
0.2821
0.5562
0.5913
0.5581
0.5816
0.2002
0.5060
0.5550
0.5058
0.5377
0.1332
0.4329
0.5525
0.4336
0.5351
0.1168
0.4245
0.4878
0.4233
0.4556
0.1108
0.3003
0.4358
0.2921
0.3865
0.1083
0.2943
0.4306
0.2864
0.3863
0.1083
0.2490
0.3972
0.2348
0.3531
0.1083
0.2396
0.3935
0.2148
0.3519
0.1083
0.1261
0.3413
0.1293
0.2867
0.1083
0.1261
0.3408
0.1293
0.2867
0.1083
0.1261
0.3408
0.1293
0.2867
0.1083
SportsPlex
0.0363
0.2732
0.0363
0.2611
0.0401
0.1418
0.4860
0.1468
0.4772
0.0391
0.1853
0.4872
0.1920
0.4779
0.0340
0.3672
0.5204
0.3699
0.5101
0.0340
0.3701
0.5229
0.3725
0.5103
0.0340
0.4291
0.5419
0.4284
0.5306
0.0340
0.4348
0.5423
0.4294
0.5309
0.0340
0.4829
0.5740
0.4846
0.5661
0.0540
0.5201
0.6020
0.5227
0.5969
0.2119
0.5712
0.5892
0.5724
0.5827
0.4373
0.5716
0.6119
0.5723
0.6083
0.4368
0.5668
0.5928
0.5683
0.5834
0.2821
0.5668
0.5928
0.5683
0.5834
0.2821
0.5562
0.5913
0.5581
0.5816
0.2002
0.5060
0.5550
0.5058
0.5377
0.1332
0.4329
0.5525
0.4336
0.5351
0.1168
0.4245
0.4878
0.4233
0.4556
0.1108
0.3003
0.4358
0.2921
0.3865
0.1083
0.2943
0.4306
0.2864
0.3863
0.1083
0.2490
0.3972
0.2348
0.3531
0.1083
0.2396
0.3935
0.2148
0.3519
0.1083
0.1261
0.3413
0.1293
0.2867
0.1083
0.1261
0.3408
0.1293
0.2867
0.1083
0.1261
0.3408
0.1293
0.2867
0.1083
CityView
0.0363
0.2732
0.0363
0.2611
0.0401
0.1418
0.4860
0.1468
0.4772
0.0391
0.1853
0.4872
0.1920
0.4779
0.0340
0.3672
0.5204
0.3699
0.5101
0.0340
0.3701
0.5229
0.3725
0.5103
0.0340
0.4291
0.5419
0.4284
0.5306
0.0340
0.4348
0.5423
0.4294
0.5309
0.0340
0.4829
0.5740
0.4846
0.5661
0.0540
0.5201
0.6020
0.5227
0.5969
0.2119
0.5712
0.5892
0.5724
0.5827
0.4373
0.5716
0.6119
0.5723
0.6083
0.4368
0.5668
0.5928
0.5683
0.5834
0.2821
0.5668
0.5928
0.5683
0.5834
0.2821
0.5562
0.5913
0.5581
0.5816
0.2002
0.5060
0.5550
0.5058
0.5377
0.1332
0.4329
0.5525
0.4336
0.5351
0.1168
0.4245
0.4878
0.4233
0.4556
0.1108
0.3003
0.4358
0.2921
0.3865
0.1083
0.2943
0.4306
0.2864
0.3863
0.1083
0.2490
0.3972
0.2348
0.3531
0.1083
0.2396
0.3935
0.2148
0.3519
0.1083
0.1261
0.3413
0.1293
0.2867
0.1083
0.1261
0.3408
0.1293
0.2867
0.1083
0.1261
0.3408
0.1293
0.2867
0.1083
GreekRow
0.0363
0.2732
0.0363
0.2611
0.0401
0.1418
0.4860
0.1468
0.4772
0.0391
0.1853
0.4872
0.1920
0.4779
0.0340
0.3672
0.5204
0.3699
0.5101
0.0340
0.3701
0.5229
0.3725
0.5103
0.0340
0.4291
0.5419
0.4284
0.5306
0.0340
0.4348
0.5423
0.4294
0.5309
0.0340
0.4829
0.5740
0.4846
0.5661
0.0540
0.5201
0.6020
0.5227
0.5969
0.2119
0.5712
0.5892
0.5724
0.5827
0.4373
0.5716
0.6119
0.5723
0.6083
0.4368
0.5668
0.5928
0.5683
0.5834
0.2821
0.5668
0.5928
0.5683
0.5834
0.2821
0.5562
0.5913
0.5581
0.5816
0.2002
0.5060
0.5550
0.5058
0.5377
0.1332
0.4329
0.5525
0.4336
0.5351
0.1168
0.4245
0.4878
0.4233
0.4556
0.1108
0.3003
0.4358
0.2921
0.3865
0.1083
0.2943
0.4306
0.2864
0.3863
0.1083
0.2490
0.3972
0.2348
0.3531
0.1083
0.2396
0.3935
0.2148
0.3519
0.1083
0.1261
0.3413
0.1293
0.2867
0.1083
0.1261
0.3408
0.1293
0.2867
0.1083
0.1261
0.3408
0.1293
0.2867
0.1083
Rutherford
0.0363
0.2732
0.0363
0.2611
0.0401
0.1418
0.4860
0.1468
0.4772
0.0391
0.1853
0.4872
0.1920
0.4779
0.0340
0.3672
0.5204
0.3699
0.5101
0.0340
0.3701
0.5229
0.3725
0.5103
0.0340
0.4291
0.5419
0.4284
0.5306
0.0340
0.4348
0.5423
0.4294
0.5309
0.0340
0.4829
0.5740
0.4846
0.5661
0.0540
0.5201
0.6020
0.5227
0.5969
0.2119
0.5712
0.5892
0.5724
0.5827
0.4373
0.5716
0.6119
0.5723
0.6083
0.4368
0.5668
0.5928
0.5683
0.5834
0.2821
0.5668
0.5928
0.5683
0.5834
0.2821
0.5562
0.5913
0.5581
0.5816
0.2002
0.5060
0.5550
0.5058
0.5377
0.1332
0.4329
0.5525
0.4336
0.5351
0.1168
0.4245
0.4878
0.4233
0.4556
0.1108
0.3003
0.4358
0.2921
0.3865
0.1083
0.2943
0.4306
0.2864
0.3863
0.1083
0.2490
0.3972
0.2348
0.3531
0.1083
0.2396
0.3935
0.2148
0.3519
0.1083
0.1261
0.3413
0.1293
0.2867
0.1083
0.1261
0.3408
0.1293
0.2867
0.1083
0.1261
0.3408
0.1293
0.2867
0.1083
Softball
0.0363
0.2732
0.0363
0.2611
0.0401
0.1418
0.4860
0.1468
0.4772
0.0391
0.1853
0.4872
0.1920
0.4779
0.0340
0.3672
0.5204
0.3699
0.5101
0.0340
0.3701
0.5229
0.3725
0.5103
0.0340
0.4291
0.5419
0.4284
0.5306
0.0340
0.4348
0.5423
0.4294
0.5309
0.0340
0.4829
0.5740
0.4846
0.5661
0.0540
0.5201
0.6020
0.5227
0.5969
0.2119
0.5712
0.5892
0.5724
0.5827
0.4373
0.5716
0.6119
0.5723
0.6083
0.4368
0.5668
0.5928
0.5683
0.5834
0.2821
0.5668
0.5928
0.5683
0.5834
0.2821
0.5562
0.5913
0.5581
0.5816
0.2002
0.5060
0.5550
0.5058
0.5377
0.1332
0.4329
0.5525
0.4336
0.5351
0.1168
0.4245
0.4878
0.4233
0.4556
0.1108
0.3003
0.4358
0.2921
0.3865
0.1083
0.2943
0.4306
0.2864
0.3863
0.1083
0.2490
0.3972
0.2348
0.3531
0.1083
0.2396
0.3935
0.2148
0.3519
0.1083
0.1261
0.3413
0.1293
0.2867
0.1083
0.1261
0.3408
0.1293
0.2867
0.1083
0.1261
0.3408
0.1293
0.2867
0.1083
Ezell
0.0363
0.2732
0.0363
0.2611
0.0401
0.1418
0.4860
0.1468
0.4772
0.0391
0.1853
0.4872
0.1920
0.4779
0.0340
0.3672
0.5204
0.3699
0.5101
0.0340
0.3701
0.5229
0.3725
0.5103
0.0340
0.4291
0.5419
0.4284
0.5306
0.0340
0.4348
0.5423
0.4294
0.5309
0.0340
0.4829
0.5740
0.4846
0.5661
0.0540
0.5201
0.6020
0.5227
0.5969
0.2119
0.5712
0.5892
0.5724
0.5827
0.4373
0.5716
0.6119
0.5723
0.6083
0.4368
0.5668
0.5928
0.5683
0.5834
0.2821
0.5668
0.5928
0.5683
0.5834
0.2821
0.5562
0.5913
0.5581
0.5816
0.2002
0.5060
0.5550
0.5058
0.5377
0.1332
0.4329
0.5525
0.4336
0.5351
0.1168
0.4245
0.4878
0.4233
0.4556
0.1108
0.3003
0.4358
0.2921
0.3865
0.1083
0.2943
0.4306
0.2864
0.3863
0.1083
0.2490
0.3972
0.2348
0.3531
0.1083
0.2396
0.3935
0.2148
0.3519
0.1083
0.1261
0.3413
0.1293
0.2867
0.1083
0.1261
0.3408
0.1293
0.2867
0.1083
0.1261
0.3408
0.1293
0.2867
0.1083
MtsuBlvdG
0.0363
0.2732
0.0363
0.2611
0.0401
0.1418
0.4860
0.1468
0.4772
0.0391
0.1853
0.4872
0.1920
0.4779
0.0340
0.3672
0.5204
0.3699
0.5101
0.0340
0.3701
0.5229
0.3725
0.5103
0.0340
0.4291
0.5419
0.4284
0.5306
0.0340
0.4348
0.5423
0.4294
0.5309
0.0340
0.4829
0.5740
0.4846
0.5661
0.0540
0.5201
0.6020
0.5227
0.5969
0.2119
0.5712
0.5892
0.5724
0.5827
0.4373
0.5716
0.6119
0.5723
0.6083
0.4368
0.5668
0.5928
0.5683
0.5834
0.2821
0.5668
0.5928
0.5683
0.5834
0.2821
0.5562
0.5913
0.5581
0.5816
0.2002
0.5060
0.5550
0.5058
0.5377
0.1332
0.4329
0.5525
0.4336
0.5351
0.1168
0.4245
0.4878
0.4233
0.4556
0.1108
0.3003
0.4358
0.2921
0.3865
0.1083
0.2943
0.4306
0.2864
0.3863
0.1083
0.2490
0.3972
0.2348
0.3531
0.1083
0.2396
0.3935
0.2148
0.3519
0.1083
0.1261
0.3413
0.1293
0.2867
0.1083
0.1261
0.3408
0.1293
0.2867
0.1083
0.1261
0.3408
0.1293
0.2867
0.1083
Rec
0.0363
0.2732
0.0363
0.2611
0.0401
0.1418
0.4860
0.1468
0.4772
0.0391
0.1853
0.4872
0.1920
0.4779
0.0340
0.3672
0.5204
0.3699
0.5101
0.0340
0.3701
0.5229
0.3725
0.5103
0.0340
0.4291
0.5419
0.4284
0.5306
0.0340
0.4348
0.5423
0.4294
0.5309
0.0340
0.4829
0.5740
0.4846
0.5661
0.0540
0.5201
0.6020
0.5227
0.5969
0.2119
0.5712
0.5892
0.5724
0.5827
0.4373
0.5716
0.6119
0.5723
0.6083
0.4368
0.5668
0.5928
0.5683
0.5834
0.2821
0.5668
0.5928
0.5683
0.5834
0.2821
0.5562
0.5913
0.5581
0.5816
0.2002
0.5060
0.5550
0.5058
0.5377
0.1332
0.4329
0.5525
0.4336
0.5351
0.1168
0.4245
0.4878
0.4233
0.4556
0.1108
0.3003
0.4358
0.2921
0.3865
0.1083
0.2943
0.4306
0.2864
0.3863
0.1083
0.2490
0.3972
0.2348
0.3531
0.1083
0.2396
0.3935
0.2148
0.3519
0.1083
0.1261
0.3413
0.1293
0.2867
0.1083
0.1261
0.3408
0.1293
0.2867
0.1083
0.1261
0.3408
0.1293
0.2867
0.1083
Abernathy
0.0363
0.2732
0.0363
0.2611
0.0401
0.1418
0.4860
0.1468
0.4772
0.0391
0.1853
0.4872
0.1920
0.4779
0.0340
0.3672
0.5204
0.3699
0.5101
0.0340
0.3701
0.5229
0.3725
0.5103
0.0340
0.4291
0.5419
0.4284
0.5306
0.0340
0.4348
0.5423
0.4294
0.5309
0.0340
0.4829
0.5740
0.4846
0.5661
0.0540
0.5201
0.6020
0.5227
0.5969
0.2119
0.5712
0.5892
0.5724
0.5827
0.4373
0.5716
0.6119
0.5723
0.6083
0.4368
0.5668
0.5928
0.5683
0.5834
0.2821
0.5668
0.5928
0.5683
0.5834
0.2821
0.5562
0.5913
0.5581
0.5816
0.2002
0.5060
0.5550
0.5058
0.5377
0.1332
0.4329
0.5525
0.4336
0.5351
0.1168
0.4245
0.4878
0.4233
0.4556
0.1108
0.3003
0.4358
0.2921
0.3865
0.1083
0.2943
0.4306
0.2864
0.3863
0.1083
0.2490
0.3972
0.2348
0.3531
0.1083
0.2396
0.3935
0.2148
0.3519
0.1083
0.1261
0.3413
0.1293
0.2867
0.1083
0.1261
0.3408
0.1293
0.2867
0.1083
0.1261
0.3408
0.1293
0.2867
0.1083
MTSU
0.0363
0.2732
0.0363
0.2611
0.0401
0.1418
0.4860
0.1468
0.4772
0.0391
0.1853
0.4872
0.1920
0.4779
0.0340
0.3672
0.5204
0.3699
0.5101
0.0340
0.3701
0.5229
0.3725
0.5103
0.0340
0.4291
0.5419
0.4284
0.5306
0.0340
0.4348
0.5423
0.4294
0.5309
0.0340
0.4829
0.5740
0.4846
0.5661
0.0540
0.5201
0.6020
0.5227
0.5969
0.2119
0.5712
0.5892
0.5724
0.5827
0.4373
0.5716
0.6119
0.5723
0.6083
0.4368
0.5668
0.5928
0.5683
0.5834
0.2821
0.5668
0.5928
0.5683
0.5834
0.2821
0.5562
0.5913
0.5581
0.5816
0.2002
0.5060
0.5550
0.5058
0.5377
0.1332
0.4329
0.5525
0.4336
0.5351
0.1168
0.4245
0.4878
0.4233
0.4556
0.1108
0.3003
0.4358
0.2921
0.3865
0.1083
0.2943
0.4306
0.2864
0.3863
0.1083
0.2490
0.3972
0.2348
0.3531
0.1083
0.2396
0.3935
0.2148
0.3519
0.1083
0.1261
0.3413
0.1293
0.2867
0.1083
0.1261
0.3408
0.1293
0.2867
0.1083
0.1261
0.3408
0.1293
0.2867
0.1083
Highland
0.0363
0.2732
0.0363
0.2611
0.0401
0.1418
0.4860
0.1468
0.4772
0.0391
0.1853
0.4872
0.1920
0.4779
0.0340
0.3672
0.5204
0.3699
0.5101
0.0340
0.3701
0.5229
0.3725
0.5103
0.0340
0.4291
0.5419
0.4284
0.5306
0.0340
0.4348
0.5423
0.4294
0.5309
0.0340
0.4829
0.5740
0.4846
0.5661
0.0540
0.5201
0.6020
0.5227
0.5969
0.2119
0.5712
0.5892
0.5724
0.5827
0.4373
0.5716
0.6119
0.5723
0.6083
0.4368
0.5668
0.5928
0.5683
0.5834
0.2821
0.5668
0.5928
0.5683
0.5834
0.2821
0.5562
0.5913
0.5581
0.5816
0.2002
0.5060
0.5550
0.5058
0.5377
0.1332
0.4329
0.5525
0.4336
0.5351
0.1168
0.4245
0.4878
0.4233
0.4556
0.1108
0.3003
0.4358
0.2921
0.3865
0.1083
0.2943
0.4306
0.2864
0.3863
0.1083
0.2490
0.3972
0.2348
0.3531
0.1083
0.2396
0.3935
0.2148
0.3519
0.1083
0.1261
0.3413
0.1293
0.2867
0.1083
0.1261
0.3408
0.1293
0.2867
0.1083
0.1261
0.3408
0.1293
0.2867
0.1083
MEC
0.0363
0.2732
0.0363
0.2611
0.0401
0.1418
0.4860
0.1468
0.4772
0.0391
0.1853
0.4872
0.1920
0.4779
0.0340
0.3672
0.5204
0.3699
0.5101
0.0340
0.3701
0.5229
0.3725
0.5103
0.0340
0.4291
0.5419
0.4284
0.5306
0.0340
0.4348
0.5423
0.4294
0.5309
0.0340
0.4829
0.5740
0.4846
0.5661
0.0540
0.5201
0.6020
0.5227
0.5969
0.2119
0.5712
0.5892
0.5724
0.5827
0.4373
0.5716
0.6119
0.5723
0.6083
0.4368
0.5668
0.5928
0.5683
0.5834
0.2821
0.5668
0.5928
0.5683
0.5834
0.2821
0.5562
0.5913
0.5581
0.5816
0.2002
0.5060
0.5550
0.5058
0.5377
0.1332
0.4329
0.5525
0.4336
0.5351
0.1168
0.4245
0.4878
0.4233
0.4556
0.1108
0.3003
0.4358
0.2921
0.3865
0.1083
0.2943
0.4306
0.2864
0.3863
0.1083
0.2490
0.3972
0.2348
0.3531
0.1083
0.2396
0.3935
0.2148
0.3519
0.1083
0.1261
0.3413
0.1293
0.2867
0.1083
0.1261
0.3408
0.1293
0.2867
0.1083
0.1261
0.3408
0.1293
0.2867
0.1083
Jackson
0.0363
0.2732
0.0363
0.2611
0.0401
0.1418
0.4860
0.1468
0.4772
0.0391
0.1853
0.4872
0.1920
0.4779
0.0340
0.3672
0.5204
0.3699
0.5101
0.0340
0.3701
0.5229
0.3725
0.5103
0.0340
0.4291
0.5419
0.4284
0.5306
0.0340
0.4348
0.5423
0.4294
0.5309
0.0340
0.4829
0.5740
0.4846
0.5661
0.0540
0.5201
0.6020
0.5227
0.5969
0.2119
0.5712
0.5892
0.5724
0.5827
0.4373
0.5716
0.6119
0.5723
0.6083
0.4368
0.5668
0.5928
0.5683
0.5834
0.2821
0.5668
0.5928
0.5683
0.5834
0.2821
0.5562
0.5913
0.5581
0.5816
0.2002
0.5060
0.5550
0.5058
0.5377
0.1332
0.4329
0.5525
0.4336
0.5351
0.1168
0.4245
0.4878
0.4233
0.4556
0.1108
0.3003
0.4358
0.2921
0.3865
0.1083
0.2943
0.4306
0.2864
0.3863
0.1083
0.2490
0.3972
0.2348
0.3531
0.1083
0.2396
0.3935
0.2148
0.3519
0.1083
0.1261
0.3413
0.1293
0.2867
0.1083
0.1261
0.3408
0.1293
0.2867
0.1083
0.1261
0.3408
0.1293
0.2867
0.1083
Livestock
0.0363
0.2732
0.0363
0.2611
0.0401
0.1418
0.4860
0.1468
0.4772
0.0391
0.1853
0.4872
0.1920
0.4779
0.0340
0.3672
0.5204
0.3699
0.5101
0.0340
0.3701
0.5229
0.3725
0.5103
0.0340
0.4291
0.5419
0.4284
0.5306
0.0340
0.4348
0.5423
0.4294
0.5309
0.0340
0.4829
0.5740
0.4846
0.5661
0.0540
0.5201
0.6020
0.5227
0.5969
0.2119
0.5712
0.5892
0.5724
0.5827
0.4373
0.5716
0.6119
0.5723
0.6083
0.4368
0.5668
0.5928
0.5683
0.5834
0.2821
0.5668
0.5928
0.5683
0.5834
0.2821
0.5562
0.5913
0.5581
0.5816
0.2002
0.5060
0.5550
0.5058
0.5377
0.1332
0.4329
0.5525
0.4336
0.5351
0.1168
0.4245
0.4878
0.4233
0.4556
0.1108
0.3003
0.4358
0.2921
0.3865
0.1083
0.2943
0.4306
0.2864
0.3863
0.1083
0.2490
0.3972
0.2348
0.3531
0.1083
0.2396
0.3935
0.2148
0.3519
0.1083
0.1261
0.3413
0.1293
0.2867
0.1083
0.1261
0.3408
0.1293
0.2867
0.1083
0.1261
0.3408
0.1293
0.2867
0.1083
Greenhouse
0.0363
0.2732
0.0363
0.2611
0.0401
0.1418
0.4860
0.1468
0.4772
0.0391
0.1853
0.4872
0.1920
0.4779
0.0340
0.3672
0.5204
0.3699
0.5101
0.0340
0.3701
0.5229
0.3725
0.5103
0.0340
0.4291
0.5419
0.4284
0.5306
0.0340
0.4348
0.5423
0.4294
0.5309
0.0340
0.4829
0.5740
0.4846
0.5661
0.0540
0.5201
0.6020
0.5227
0.5969
0.2119
0.5712
0.5892
0.5724
0.5827
0.4373
0.5716
0.6119
0.5723
0.6083
0.4368
0.5668
0.5928
0.5683
0.5834
0.2821
0.5668
0.5928
0.5683
0.5834
0.2821
0.5562
0.5913
0.5581
0.5816
0.2002
0.5060
0.5550
0.5058
0.5377
0.1332
0.4329
0.5525
0.4336
0.5351
0.1168
0.4245
0.4878
0.4233
0.4556
0.1108
0.3003
0.4358
0.2921
0.3865
0.1083
0.2943
0.4306
0.2864
0.3863
0.1083
0.2490
0.3972
0.2348
0.3531
0.1083
0.2396
0.3935
0.2148
0.3519
0.1083
0.1261
0.3413
0.1293
0.2867
0.1083
0.1261
0.3408
0.1293
0.2867
0.1083
0.1261
0.3408
0.1293
0.2867
0.1083
ChampionWayG
0.0363
0.2732
0.0363
0.2611
0.0401
0.1418
0.4860
0.1468
0.4772
0.0391
0.1853
0.4872
0.1920
0.4779
0.0340
0.3672
0.5204
0.3699
0.5101
0.0340
0.3701
0.5229
0.3725
0.5103
0.0340
0.4291
0.5419
0.4284
0.5306
0.0340
0.4348
0.5423
0.4294
0.5309
0.0340
0.4829
0.5740
0.4846
0.5661
0.0540
0.5201
0.6020
0.5227
0.5969
0.2119
0.5712
0.5892
0.5724
0.5827
0.4373
0.5716
0.6119
0.5723
0.6083
0.4368
0.5668
0.5928
0.5683
0.5834
0.2821
0.5668
0.5928
0.5683
0.5834
0.2821
0.5562
0.5913
0.5581
0.5816
0.2002
0.5060
0.5550
0.5058
0.5377
0.1332
0.4329
0.5525
0.4336
0.5351
0.1168
0.4245
0.4878
0.4233
0.4556
0.1108
0.3003
0.4358
0.2921
0.3865
0.1083
0.2943
0.4306
0.2864
0.3863
0.1083
0.2490
0.3972
0.2348
0.3531
0.1083
0.2396
0.3935
0.2148
0.3519
0.1083
0.1261
0.3413
0.1293
0.2867
0.1083
0.1261
0.3408
0.1293
0.2867
0.1083
0.1261
0.3408
0.1293
0.2867
0.1083
Greenland
0.0363
0.2732
0.0363
0.2611
0.0401
0.1418
0.4860
0.1468
0.4772
0.0391
0.1853
0.4872
0.1920
0.4779
0.0340
0.3672
0.5204
0.3699
0.5101
0.0340
0.3701
0.5229
0.3725
0.5103
0.0340
0.4291
0.5419
0.4284
0.5306
0.0340
0.4348
0.5423
0.4294
0.5309
0.0340
0.4829
0.5740
0.4846
0.5661
0.0540
0.5201
0.6020
0.5227
0.5969
0.2119
0.5712
0.5892
0.5724
0.5827
0.4373
0.5716
0.6119
0.5723
0.6083
0.4368
0.5668
0.5928
0.5683
0.5834
0.2821
0.5668
0.5928
0.5683
0.5834
0.2821
0.5562
0.5913
0.5581
0.5816
0.2002
0.5060
0.5550
0.5058
0.5377
0.1332
0.4329
0.5525
0.4336
0.5351
0.1168
0.4245
0.4878
0.4233
0.4556
0.1108
0.3003
0.4358
0.2921
0.3865
0.1083
0.2943
0.4306
0.2864
0.3863
0.1083
0.2490
0.3972
0.2348
0.3531
0.1083
0.2396
0.3935
0.2148
0.3519
0.1083
0.1261
0.3413
0.1293
0.2867
0.1083
0.1261
0.3408
0.1293
0.2867
0.1083
0.1261
0.3408
0.1293
0.2867
0.1083
MiddleTN
0.0363
0.2732
0.0363
0.2611
0.0401
0.1418
0.4860
0.1468
0.4772
0.0391
0.1853
0.4872
0.1920
0.4779
0.0340
0.3672
0.5204
0.3699
0.5101
0.0340
0.3701
0.5229
0.3725
0.5103
0.0340
0.4291
0.5419
0.4284
0.5306
0.0340
0.4348
0.5423
0.4294
0.5309
0.0340
0.4829
0.5740
0.4846
0.5661
0.0540
0.5201
0.6020
0.5227
0.5969
0.2119
0.5712
0.5892
0.5724
0.5827
0.4373
0.5716
0.6119
0.5723
0.6083
0.4368
0.5668
0.5928
0.5683
0.5834
0.2821
0.5668
0.5928
0.5683
0.5834
0.2821
0.5562
0.5913
0.5581
0.5816
0.2002
0.5060
0.5550
0.5058
0.5377
0.1332
0.4329
0.5525
0.4336
0.5351
0.1168
0.4245
0.4878
0.4233
0.4556
0.1108
0.3003
0.4358
0.2921
0.3865
0.1083
0.2943
0.4306
0.2864
0.3863
0.1083
0.2490
0.3972
0.2348
0.3531
0.1083
0.2396
0.3935
0.2148
0.3519
0.1083
0.1261
0.3413
0.1293
0.2867
0.1083
0.1261
0.3408
0.1293
0.2867
0.1083
0.1261
0.3408
0.1293
0.2867
0.1083
