Rose
0.0167
0.0680
0.0167
0.0630
0.0175
0.0235
0.3298
0.0261
0.2900
0.0172
0.0396
0.3358
0.0413
0.2911
0.0162
0.1459
0.4781
0.1490
0.4374
0.0162
0.1492
0.4876
0.1519
0.4384
0.0162
0.2218
0.5544
0.2209
0.5157
0.0162
0.2294
0.5557
0.2223
0.5166
0.0162
0.3169
0.6462
0.3261
0.6283
0.0042
0.4768
0.6996
0.4873
0.6915
0.0464
0.6397
0.6785
0.6426
0.6651
0.2329
0.6404
0.7185
0.6420
0.7093
0.2322
0.6293
0.6847
0.6327
0.6665
0.0719
0.6293
0.6847
0.6327
0.6665
0.0719
0.5993
0.6819
0.6053
0.6625
0.0433
0.4187
0.5966
0.4180
0.5401
0.0194
0.2269
0.5886
0.2277
0.5308
0.0119
0.2157
0.3395
0.2141
0.2582
0.0094
0.0781
0.2308
0.0752
0.1684
0.0084
0.0761
0.2238
0.0733
0.1682
0.0084
0.0584
0.1814
0.0535
0.1304
0.0084
0.0551
0.1768
0.0472
0.1291
0.0084
0.0161
0.1175
0.0176
0.0735
0.0084
0.0161
0.1171
0.0176
0.0735
0.0084
0.0161
0.1171
0.0176
0.0735
0.0084
FairView
0.0167
0.0680
0.0167
0.0630
0.0175
0.0235
0.3298
0.0261
0.2900
0.0172
0.0396
0.3358
0.0413
0.2911
0.0162
0.1459
0.4781
0.1490
0.4374
0.0162
0.1492
0.4876
0.1519
0.4384
0.0162
0.2218
0.5544
0.2209
0.5157
0.0162
0.2294
0.5557
0.2223
0.5166
0.0162
0.3169
0.6462
0.3261
0.6283
0.0042
0.4768
0.6996
0.4873
0.6915
0.0464
0.6397
0.6785
0.6426
0.6651
0.2329
0.6404
0.7185
0.6420
0.7093
0.2322
0.6293
0.6847
0.6327
0.6665
0.0719
0.6293
0.6847
0.6327
0.6665
0.0719
0.5993
0.6819
0.6053
0.6625
0.0433
0.4187
0.5966
0.4180
0.5401
0.0194
0.2269
0.5886
0.2277
0.5308
0.0119
0.2157
0.3395
0.2141
0.2582
0.0094
0.0781
0.2308
0.0752
0.1684
0.0084
0.0761
0.2238
0.0733
0.1682
0.0084
0.0584
0.1814
0.0535
0.1304
0.0084
0.0551
0.1768
0.0472
0.1291
0.0084
0.0161
0.1175
0.0176
0.0735
0.0084
0.0161
0.1171
0.0176
0.0735
0.0084
0.0161
0.1171
0.0176
0.0735
0.0084
Bell
0.0167
0.0680
0.0167
0.0630
0.0175
0.0235
0.3298
0.0261
0.2900
0.0172
0.0396
0.3358
0.0413
0.2911
0.0162
0.1459
0.4781
0.1490
0.4374
0.0162
0.1492
0.4876
0.1519
0.4384
0.0162
0.2218
0.5544
0.2209
0.5157
0.0162
0.2294
0.5557
0.2223
0.5166
0.0162
0.3169
0.6462
0.3261
0.6283
0.0042
0.4768
0.6996
0.4873
0.6915
0.0464
0.6397
0.6785
0.6426
0.6651
0.2329
0.6404
0.7185
0.6420
0.7093
0.2322
0.6293
0.6847
0.6327
0.6665
0.0719
0.6293
0.6847
0.6327
0.6665
0.0719
0.5993
0.6819
0.6053
0.6625
0.0433
0.4187
0.5966
0.4180
0.5401
0.0194
0.2269
0.5886
0.2277
0.5308
0.0119
0.2157
0.3395
0.2141
0.2582
0.0094
0.0781
0.2308
0.0752
0.1684
0.0084
0.0761
0.2238
0.0733
0.1682
0.0084
0.0584
0.1814
0.0535
0.1304
0.0084
0.0551
0.1768
0.0472
0.1291
0.0084
0.0161
0.1175
0.0176
0.0735
0.0084
0.0161
0.1171
0.0176
0.0735
0.0084
0.0161
0.1171
0.0176
0.0735
0.0084
IngramN
0.0167
0.0680
0.0167
0.0630
0.0175
0.0235
0.3298
0.0261
0.2900
0.0172
0.0396
0.3358
0.0413
0.2911
0.0162
0.1459
0.4781
0.1490
0.4374
0.0162
0.1492
0.4876
0.1519
0.4384
0.0162
0.2218
0.5544
0.2209
0.5157
0.0162
0.2294
0.5557
0.2223
0.5166
0.0162
0.3169
0.6462
0.3261
0.6283
0.0042
0.4768
0.6996
0.4873
0.6915
0.0464
0.6397
0.6785
0.6426
0.6651
0.2329
0.6404
0.7185
0.6420
0.7093
0.2322
0.6293
0.6847
0.6327
0.6665
0.0719
0.6293
0.6847
0.6327
0.6665
0.0719
0.5993
0.6819
0.6053
0.6625
0.0433
0.4187
0.5966
0.4180
0.5401
0.0194
0.2269
0.5886
0.2277
0.5308
0.0119
0.2157
0.3395
0.2141
0.2582
0.0094
0.0781
0.2308
0.0752
0.1684
0.0084
0.0761
0.2238
0.0733
0.1682
0.0084
0.0584
0.1814
0.0535
0.1304
0.0084
0.0551
0.1768
0.0472
0.1291
0.0084
0.0161
0.1175
0.0176
0.0735
0.0084
0.0161
0.1171
0.0176
0.0735
0.0084
0.0161
0.1171
0.0176
0.0735
0.0084
IngramS
0.0167
0.0680
0.0167
0.0630
0.0175
0.0235
0.3298
0.0261
0.2900
0.0172
0.0396
0.3358
0.0413
0.2911
0.0162
0.1459
0.4781
0.1490
0.4374
0.0162
0.1492
0.4876
0.1519
0.4384
0.0162
0.2218
0.5544
0.2209
0.5157
0.0162
0.2294
0.5557
0.2223
0.5166
0.0162
0.3169
0.6462
0.3261
0.6283
0.0042
0.4768
0.6996
0.4873
0.6915
0.0464
0.6397
0.6785
0.6426
0.6651
0.2329
0.6404
0.7185
0.6420
0.7093
0.2322
0.6293
0.6847
0.6327
0.6665
0.0719
0.6293
0.6847
0.6327
0.6665
0.0719
0.5993
0.6819
0.6053
0.6625
0.0433
0.4187
0.5966
0.4180
0.5401
0.0194
0.2269
0.5886
0.2277
0.5308
0.0119
0.2157
0.3395
0.2141
0.2582
0.0094
0.0781
0.2308
0.0752
0.1684
0.0084
0.0761
0.2238
0.0733
0.1682
0.0084
0.0584
0.1814
0.0535
0.1304
0.0084
0.0551
0.1768
0.0472
0.1291
0.0084
0.0161
0.1175
0.0176
0.0735
0.0084
0.0161
0.1171
0.0176
0.0735
0.0084
0.0161
0.1171
0.0176
0.0735
0.0084
ParkingServ
0.0167
0.0680
0.0167
0.0630
0.0175
0.0235
0.3298
0.0261
0.2900
0.0172
0.0396
0.3358
0.0413
0.2911
0.0162
0.1459
0.4781
0.1490
0.4374
0.0162
0.1492
0.4876
0.1519
0.4384
0.0162
0.2218
0.5544
0.2209
0.5157
0.0162
0.2294
0.5557
0.2223
0.5166
0.0162
0.3169
0.6462
0.3261
0.6283
0.0042
0.4768
0.6996
0.4873
0.6915
0.0464
0.6397
0.6785
0.6426
0.6651
0.2329
0.6404
0.7185
0.6420
0.7093
0.2322
0.6293
0.6847
0.6327
0.6665
0.0719
0.6293
0.6847
0.6327
0.6665
0.0719
0.5993
0.6819
0.6053
0.6625
0.0433
0.4187
0.5966
0.4180
0.5401
0.0194
0.2269
0.5886
0.2277
0.5308
0.0119
0.2157
0.3395
0.2141
0.2582
0.0094
0.0781
0.2308
0.0752
0.1684
0.0084
0.0761
0.2238
0.0733
0.1682
0.0084
0.0584
0.1814
0.0535
0.1304
0.0084
0.0551
0.1768
0.0472
0.1291
0.0084
0.0161
0.1175
0.0176
0.0735
0.0084
0.0161
0.1171
0.0176
0.0735
0.0084
0.0161
0.1171
0.0176
0.0735
0.0084
MainSt
0.0167
0.0680
0.0167
0.0630
0.0175
0.0235
0.3298
0.0261
0.2900
0.0172
0.0396
0.3358
0.0413
0.2911
0.0162
0.1459
0.4781
0.1490
0.4374
0.0162
0.1492
0.4876
0.1519
0.4384
0.0162
0.2218
0.5544
0.2209
0.5157
0.0162
0.2294
0.5557
0.2223
0.5166
0.0162
0.3169
0.6462
0.3261
0.6283
0.0042
0.4768
0.6996
0.4873
0.6915
0.0464
0.6397
0.6785
0.6426
0.6651
0.2329
0.6404
0.7185
0.6420
0.7093
0.2322
0.6293
0.6847
0.6327
0.6665
0.0719
0.6293
0.6847
0.6327
0.6665
0.0719
0.5993
0.6819
0.6053
0.6625
0.0433
0.4187
0.5966
0.4180
0.5401
0.0194
0.2269
0.5886
0.2277
0.5308
0.0119
0.2157
0.3395
0.2141
0.2582
0.0094
0.0781
0.2308
0.0752
0.1684
0.0084
0.0761
0.2238
0.0733
0.1682
0.0084
0.0584
0.1814
0.0535
0.1304
0.0084
0.0551
0.1768
0.0472
0.1291
0.0084
0.0161
0.1175
0.0176
0.0735
0.0084
0.0161
0.1171
0.0176
0.0735
0.0084
0.0161
0.1171
0.0176
0.0735
0.0084
PublicSafety
0.0167
0.0680
0.0167
0.0630
0.0175
0.0235
0.3298
0.0261
0.2900
0.0172
0.0396
0.3358
0.0413
0.2911
0.0162
0.1459
0.4781
0.1490
0.4374
0.0162
0.1492
0.4876
0.1519
0.4384
0.0162
0.2218
0.5544
0.2209
0.5157
0.0162
0.2294
0.5557
0.2223
0.5166
0.0162
0.3169
0.6462
0.3261
0.6283
0.0042
0.4768
0.6996
0.4873
0.6915
0.0464
0.6397
0.6785
0.6426
0.6651
0.2329
0.6404
0.7185
0.6420
0.7093
0.2322
0.6293
0.6847
0.6327
0.6665
0.0719
0.6293
0.6847
0.6327
0.6665
0.0719
0.5993
0.6819
0.6053
0.6625
0.0433
0.4187
0.5966
0.4180
0.5401
0.0194
0.2269
0.5886
0.2277
0.5308
0.0119
0.2157
0.3395
0.2141
0.2582
0.0094
0.0781
0.2308
0.0752
0.1684
0.0084
0.0761
0.2238
0.0733
0.1682
0.0084
0.0584
0.1814
0.0535
0.1304
0.0084
0.0551
0.1768
0.0472
0.1291
0.0084
0.0161
0.1175
0.0176
0.0735
0.0084
0.0161
0.1171
0.0176
0.0735
0.0084
0.0161
0.1171
0.0176
0.0735
0.0084
CollegeHeights
0.0167
0.0680
0.0167
0.0630
0.0175
0.0235
0.3298
0.0261
0.2900
0.0172
0.0396
0.3358
0.0413
0.2911
0.0162
0.1459
0.4781
0.1490
0.4374
0.0162
0.1492
0.4876
0.1519
0.4384
0.0162
0.2218
0.5544
0.2209
0.5157
0.0162
0.2294
0.5557
0.2223
0.5166
0.0162
0.3169
0.6462
0.3261
0.6283
0.0042
0.4768
0.6996
0.4873
0.6915
0.0464
0.6397
0.6785
0.6426
0.6651
0.2329
0.6404
0.7185
0.6420
0.7093
0.2322
0.6293
0.6847
0.6327
0.6665
0.0719
0.6293
0.6847
0.6327
0.6665
0.0719
0.5993
0.6819
0.6053
0.6625
0.0433
0.4187
0.5966
0.4180
0.5401
0.0194
0.2269
0.5886
0.2277
0.5308
0.0119
0.2157
0.3395
0.2141
0.2582
0.0094
0.0781
0.2308
0.0752
0.1684
0.0084
0.0761
0.2238
0.0733
0.1682
0.0084
0.0584
0.1814
0.0535
0.1304
0.0084
0.0551
0.1768
0.0472
0.1291
0.0084
0.0161
0.1175
0.0176
0.0735
0.0084
0.0161
0.1171
0.0176
0.0735
0.0084
0.0161
0.1171
0.0176
0.0735
0.0084
SportsPlex
0.0167
0.0680
0.0167
0.0630
0.0175
0.0235
0.3298
0.0261
0.2900
0.0172
0.0396
0.3358
0.0413
0.2911
0.0162
0.1459
0.4781
0.1490
0.4374
0.0162
0.1492
0.4876
0.1519
0.4384
0.0162
0.2218
0.5544
0.2209
0.5157
0.0162
0.2294
0.5557
0.2223
0.5166
0.0162
0.3169
0.6462
0.3261
0.6283
0.0042
0.4768
0.6996
0.4873
0.6915
0.0464
0.6397
0.6785
0.6426
0.6651
0.2329
0.6404
0.7185
0.6420
0.7093
0.2322
0.6293
0.6847
0.6327
0.6665
0.0719
0.6293
0.6847
0.6327
0.6665
0.0719
0.5993
0.6819
0.6053
0.6625
0.0433
0.4187
0.5966
0.4180
0.5401
0.0194
0.2269
0.5886
0.2277
0.5308
0.0119
0.2157
0.3395
0.2141
0.2582
0.0094
0.0781
0.2308
0.0752
0.1684
0.0084
0.0761
0.2238
0.0733
0.1682
0.0084
0.0584
0.1814
0.0535
0.1304
0.0084
0.0551
0.1768
0.0472
0.1291
0.0084
0.0161
0.1175
0.0176
0.0735
0.0084
0.0161
0.1171
0.0176
0.0735
0.0084
0.0161
0.1171
0.0176
0.0735
0.0084
CityView
0.0167
0.0680
0.0167
0.0630
0.0175
0.0235
0.3298
0.0261
0.2900
0.0172
0.0396
0.3358
0.0413
0.2911
0.0162
0.1459
0.4781
0.1490
0.4374
0.0162
0.1492
0.4876
0.1519
0.4384
0.0162
0.2218
0.5544
0.2209
0.5157
0.0162
0.2294
0.5557
0.2223
0.5166
0.0162
0.3169
0.6462
0.3261
0.6283
0.0042
0.4768
0.6996
0.4873
0.6915
0.0464
0.6397
0.6785
0.6426
0.6651
0.2329
0.6404
0.7185
0.6420
0.7093
0.2322
0.6293
0.6847
0.6327
0.6665
0.0719
0.6293
0.6847
0.6327
0.6665
0.0719
0.5993
0.6819
0.6053
0.6625
0.0433
0.4187
0.5966
0.4180
0.5401
0.0194
0.2269
0.5886
0.2277
0.5308
0.0119
0.2157
0.3395
0.2141
0.2582
0.0094
0.0781
0.2308
0.0752
0.1684
0.0084
0.0761
0.2238
0.0733
0.1682
0.0084
0.0584
0.1814
0.0535
0.1304
0.0084
0.0551
0.1768
0.0472
0.1291
0.0084
0.0161
0.1175
0.0176
0.0735
0.0084
0.0161
0.1171
0.0176
0.0735
0.0084
0.0161
0.1171
0.0176
0.0735
0.0084
GreekRow
0.0167
0.0680
0.0167
0.0630
0.0175
0.0235
0.3298
0.0261
0.2900
0.0172
0.0396
0.3358
0.0413
0.2911
0.0162
0.1459
0.4781
0.1490
0.4374
0.0162
0.1492
0.4876
0.1519
0.4384
0.0162
0.2218
0.5544
0.2209
0.5157
0.0162
0.2294
0.5557
0.2223
0.5166
0.0162
0.3169
0.6462
0.3261
0.6283
0.0042
0.4768
0.6996
0.4873
0.6915
0.0464
0.6397
0.6785
0.6426
0.6651
0.2329
0.6404
0.7185
0.6420
0.7093
0.2322
0.6293
0.6847
0.6327
0.6665
0.0719
0.6293
0.6847
0.6327
0.6665
0.0719
0.5993
0.6819
0.6053
0.6625
0.0433
0.4187
0.5966
0.4180
0.5401
0.0194
0.2269
0.5886
0.2277
0.5308
0.0119
0.2157
0.3395
0.2141
0.2582
0.0094
0.0781
0.2308
0.0752
0.1684
0.0084
0.0761
0.2238
0.0733
0.1682
0.0084
0.0584
0.1814
0.0535
0.1304
0.0084
0.0551
0.1768
0.0472
0.1291
0.0084
0.0161
0.1175
0.0176
0.0735
0.0084
0.0161
0.1171
0.0176
0.0735
0.0084
0.0161
0.1171
0.0176
0.0735
0.0084
Rutherford
0.0167
0.0680
0.0167
0.0630
0.0175
0.0235
0.3298
0.0261
0.2900
0.0172
0.0396
0.3358
0.0413
0.2911
0.0162
0.1459
0.4781
0.1490
0.4374
0.0162
0.1492
0.4876
0.1519
0.4384
0.0162
0.2218
0.5544
0.2209
0.5157
0.0162
0.2294
0.5557
0.2223
0.5166
0.0162
0.3169
0.6462
0.3261
0.6283
0.0042
0.4768
0.6996
0.4873
0.6915
0.0464
0.6397
0.6785
0.6426
0.6651
0.2329
0.6404
0.7185
0.6420
0.7093
0.2322
0.6293
0.6847
0.6327
0.6665
0.0719
0.6293
0.6847
0.6327
0.6665
0.0719
0.5993
0.6819
0.6053
0.6625
0.0433
0.4187
0.5966
0.4180
0.5401
0.0194
0.2269
0.5886
0.2277
0.5308
0.0119
0.2157
0.3395
0.2141
0.2582
0.0094
0.0781
0.2308
0.0752
0.1684
0.0084
0.0761
0.2238
0.0733
0.1682
0.0084
0.0584
0.1814
0.0535
0.1304
0.0084
0.0551
0.1768
0.0472
0.1291
0.0084
0.0161
0.1175
0.0176
0.0735
0.0084
0.0161
0.1171
0.0176
0.0735
0.0084
0.0161
0.1171
0.0176
0.0735
0.0084
Softball
0.0167
0.0680
0.0167
0.0630
0.0175
0.0235
0.3298
0.0261
0.2900
0.0172
0.0396
0.3358
0.0413
0.2911
0.0162
0.1459
0.4781
0.1490
0.4374
0.0162
0.1492
0.4876
0.1519
0.4384
0.0162
0.2218
0.5544
0.2209
0.5157
0.0162
0.2294
0.5557
0.2223
0.5166
0.0162
0.3169
0.6462
0.3261
0.6283
0.0042
0.4768
0.6996
0.4873
0.6915
0.0464
0.6397
0.6785
0.6426
0.6651
0.2329
0.6404
0.7185
0.6420
0.7093
0.2322
0.6293
0.6847
0.6327
0.6665
0.0719
0.6293
0.6847
0.6327
0.6665
0.0719
0.5993
0.6819
0.6053
0.6625
0.0433
0.4187
0.5966
0.4180
0.5401
0.0194
0.2269
0.5886
0.2277
0.5308
0.0119
0.2157
0.3395
0.2141
0.2582
0.0094
0.0781
0.2308
0.0752
0.1684
0.0084
0.0761
0.2238
0.0733
0.1682
0.0084
0.0584
0.1814
0.0535
0.1304
0.0084
0.0551
0.1768
0.0472
0.1291
0.0084
0.0161
0.1175
0.0176
0.0735
0.0084
0.0161
0.1171
0.0176
0.0735
0.0084
0.0161
0.1171
0.0176
0.0735
0.0084
Ezell
0.0167
0.0680
0.0167
0.0630
0.0175
0.0235
0.3298
0.0261
0.2900
0.0172
0.0396
0.3358
0.0413
0.2911
0.0162
0.1459
0.4781
0.1490
0.4374
0.0162
0.1492
0.4876
0.1519
0.4384
0.0162
0.2218
0.5544
0.2209
0.5157
0.0162
0.2294
0.5557
0.2223
0.5166
0.0162
0.3169
0.6462
0.3261
0.6283
0.0042
0.4768
0.6996
0.4873
0.6915
0.0464
0.6397
0.6785
0.6426
0.6651
0.2329
0.6404
0.7185
0.6420
0.7093
0.2322
0.6293
0.6847
0.6327
0.6665
0.0719
0.6293
0.6847
0.6327
0.6665
0.0719
0.5993
0.6819
0.6053
0.6625
0.0433
0.4187
0.5966
0.4180
0.5401
0.0194
0.2269
0.5886
0.2277
0.5308
0.0119
0.2157
0.3395
0.2141
0.2582
0.0094
0.0781
0.2308
0.0752
0.1684
0.0084
0.0761
0.2238
0.0733
0.1682
0.0084
0.0584
0.1814
0.0535
0.1304
0.0084
0.0551
0.1768
0.0472
0.1291
0.0084
0.0161
0.1175
0.0176
0.0735
0.0084
0.0161
0.1171
0.0176
0.0735
0.0084
0.0161
0.1171
0.0176
0.0735
0.0084
MtsuBlvdG
0.0167
0.0680
0.0167
0.0630
0.0175
0.0235
0.3298
0.0261
0.2900
0.0172
0.0396
0.3358
0.0413
0.2911
0.0162
0.1459
0.4781
0.1490
0.4374
0.0162
0.1492
0.4876
0.1519
0.4384
0.0162
0.2218
0.5544
0.2209
0.5157
0.0162
0.2294
0.5557
0.2223
0.5166
0.0162
0.3169
0.6462
0.3261
0.6283
0.0042
0.4768
0.6996
0.4873
0.6915
0.0464
0.6397
0.6785
0.6426
0.6651
0.2329
0.6404
0.7185
0.6420
0.7093
0.2322
0.6293
0.6847
0.6327
0.6665
0.0719
0.6293
0.6847
0.6327
0.6665
0.0719
0.5993
0.6819
0.6053
0.6625
0.0433
0.4187
0.5966
0.4180
0.5401
0.0194
0.2269
0.5886
0.2277
0.5308
0.0119
0.2157
0.3395
0.2141
0.2582
0.0094
0.0781
0.2308
0.0752
0.1684
0.0084
0.0761
0.2238
0.0733
0.1682
0.0084
0.0584
0.1814
0.0535
0.1304
0.0084
0.0551
0.1768
0.0472
0.1291
0.0084
0.0161
0.1175
0.0176
0.0735
0.0084
0.0161
0.1171
0.0176
0.0735
0.0084
0.0161
0.1171
0.0176
0.0735
0.0084
Rec
0.0167
0.0680
0.0167
0.0630
0.0175
0.0235
0.3298
0.0261
0.2900
0.0172
0.0396
0.3358
0.0413
0.2911
0.0162
0.1459
0.4781
0.1490
0.4374
0.0162
0.1492
0.4876
0.1519
0.4384
0.0162
0.2218
0.5544
0.2209
0.5157
0.0162
0.2294
0.5557
0.2223
0.5166
0.0162
0.3169
0.6462
0.3261
0.6283
0.0042
0.4768
0.6996
0.4873
0.6915
0.0464
0.6397
0.6785
0.6426
0.6651
0.2329
0.6404
0.7185
0.6420
0.7093
0.2322
0.6293
0.6847
0.6327
0.6665
0.0719
0.6293
0.6847
0.6327
0.6665
0.0719
0.5993
0.6819
0.6053
0.6625
0.0433
0.4187
0.5966
0.4180
0.5401
0.0194
0.2269
0.5886
0.2277
0.5308
0.0119
0.2157
0.3395
0.2141
0.2582
0.0094
0.0781
0.2308
0.0752
0.1684
0.0084
0.0761
0.2238
0.0733
0.1682
0.0084
0.0584
0.1814
0.0535
0.1304
0.0084
0.0551
0.1768
0.0472
0.1291
0.0084
0.0161
0.1175
0.0176
0.0735
0.0084
0.0161
0.1171
0.0176
0.0735
0.0084
0.0161
0.1171
0.0176
0.0735
0.0084
Abernathy
0.0167
0.0680
0.0167
0.0630
0.0175
0.0235
0.3298
0.0261
0.2900
0.0172
0.0396
0.3358
0.0413
0.2911
0.0162
0.1459
0.4781
0.1490
0.4374
0.0162
0.1492
0.4876
0.1519
0.4384
0.0162
0.2218
0.5544
0.2209
0.5157
0.0162
0.2294
0.5557
0.2223
0.5166
0.0162
0.3169
0.6462
0.3261
0.6283
0.0042
0.4768
0.6996
0.4873
0.6915
0.0464
0.6397
0.6785
0.6426
0.6651
0.2329
0.6404
0.7185
0.6420
0.7093
0.2322
0.6293
0.6847
0.6327
0.6665
0.0719
0.6293
0.6847
0.6327
0.6665
0.0719
0.5993
0.6819
0.6053
0.6625
0.0433
0.4187
0.5966
0.4180
0.5401
0.0194
0.2269
0.5886
0.2277
0.5308
0.0119
0.2157
0.3395
0.2141
0.2582
0.0094
0.0781
0.2308
0.0752
0.1684
0.0084
0.0761
0.2238
0.0733
0.1682
0.0084
0.0584
0.1814
0.0535
0.1304
0.0084
0.0551
0.1768
0.0472
0.1291
0.0084
0.0161
0.1175
0.0176
0.0735
0.0084
0.0161
0.1171
0.0176
0.0735
0.0084
0.0161
0.1171
0.0176
0.0735
0.0084
MTSU
0.0167
0.0680
0.0167
0.0630
0.0175
0.0235
0.3298
0.0261
0.2900
0.0172
0.0396
0.3358
0.0413
0.2911
0.0162
0.1459
0.4781
0.1490
0.4374
0.0162
0.1492
0.4876
0.1519
0.4384
0.0162
0.2218
0.5544
0.2209
0.5157
0.0162
0.2294
0.5557
0.2223
0.5166
0.0162
0.3169
0.6462
0.3261
0.6283
0.0042
0.4768
0.6996
0.4873
0.6915
0.0464
0.6397
0.6785
0.6426
0.6651
0.2329
0.6404
0.7185
0.6420
0.7093
0.2322
0.6293
0.6847
0.6327
0.6665
0.0719
0.6293
0.6847
0.6327
0.6665
0.0719
0.5993
0.6819
0.6053
0.6625
0.0433
0.4187
0.5966
0.4180
0.5401
0.0194
0.2269
0.5886
0.2277
0.5308
0.0119
0.2157
0.3395
0.2141
0.2582
0.0094
0.0781
0.2308
0.0752
0.1684
0.0084
0.0761
0.2238
0.0733
0.1682
0.0084
0.0584
0.1814
0.0535
0.1304
0.0084
0.0551
0.1768
0.0472
0.1291
0.0084
0.0161
0.1175
0.0176
0.0735
0.0084
0.0161
0.1171
0.0176
0.0735
0.0084
0.0161
0.1171
0.0176
0.0735
0.0084
Highland
0.0167
0.0680
0.0167
0.0630
0.0175
0.0235
0.3298
0.0261
0.2900
0.0172
0.0396
0.3358
0.0413
0.2911
0.0162
0.1459
0.4781
0.1490
0.4374
0.0162
0.1492
0.4876
0.1519
0.4384
0.0162
0.2218
0.5544
0.2209
0.5157
0.0162
0.2294
0.5557
0.2223
0.5166
0.0162
0.3169
0.6462
0.3261
0.6283
0.0042
0.4768
0.6996
0.4873
0.6915
0.0464
0.6397
0.6785
0.6426
0.6651
0.2329
0.6404
0.7185
0.6420
0.7093
0.2322
0.6293
0.6847
0.6327
0.6665
0.0719
0.6293
0.6847
0.6327
0.6665
0.0719
0.5993
0.6819
0.6053
0.6625
0.0433
0.4187
0.5966
0.4180
0.5401
0.0194
0.2269
0.5886
0.2277
0.5308
0.0119
0.2157
0.3395
0.2141
0.2582
0.0094
0.0781
0.2308
0.0752
0.1684
0.0084
0.0761
0.2238
0.0733
0.1682
0.0084
0.0584
0.1814
0.0535
0.1304
0.0084
0.0551
0.1768
0.0472
0.1291
0.0084
0.0161
0.1175
0.0176
0.0735
0.0084
0.0161
0.1171
0.0176
0.0735
0.0084
0.0161
0.1171
0.0176
0.0735
0.0084
MEC
0.0167
0.0680
0.0167
0.0630
0.0175
0.0235
0.3298
0.0261
0.2900
0.0172
0.0396
0.3358
0.0413
0.2911
0.0162
0.1459
0.4781
0.1490
0.4374
0.0162
0.1492
0.4876
0.1519
0.4384
0.0162
0.2218
0.5544
0.2209
0.5157
0.0162
0.2294
0.5557
0.2223
0.5166
0.0162
0.3169
0.6462
0.3261
0.6283
0.0042
0.4768
0.6996
0.4873
0.6915
0.0464
0.6397
0.6785
0.6426
0.6651
0.2329
0.6404
0.7185
0.6420
0.7093
0.2322
0.6293
0.6847
0.6327
0.6665
0.0719
0.6293
0.6847
0.6327
0.6665
0.0719
0.5993
0.6819
0.6053
0.6625
0.0433
0.4187
0.5966
0.4180
0.5401
0.0194
0.2269
0.5886
0.2277
0.5308
0.0119
0.2157
0.3395
0.2141
0.2582
0.0094
0.0781
0.2308
0.0752
0.1684
0.0084
0.0761
0.2238
0.0733
0.1682
0.0084
0.0584
0.1814
0.0535
0.1304
0.0084
0.0551
0.1768
0.0472
0.1291
0.0084
0.0161
0.1175
0.0176
0.0735
0.0084
0.0161
0.1171
0.0176
0.0735
0.0084
0.0161
0.1171
0.0176
0.0735
0.0084
Jackson
0.0167
0.0680
0.0167
0.0630
0.0175
0.0235
0.3298
0.0261
0.2900
0.0172
0.0396
0.3358
0.0413
0.2911
0.0162
0.1459
0.4781
0.1490
0.4374
0.0162
0.1492
0.4876
0.1519
0.4384
0.0162
0.2218
0.5544
0.2209
0.5157
0.0162
0.2294
0.5557
0.2223
0.5166
0.0162
0.3169
0.6462
0.3261
0.6283
0.0042
0.4768
0.6996
0.4873
0.6915
0.0464
0.6397
0.6785
0.6426
0.6651
0.2329
0.6404
0.7185
0.6420
0.7093
0.2322
0.6293
0.6847
0.6327
0.6665
0.0719
0.6293
0.6847
0.6327
0.6665
0.0719
0.5993
0.6819
0.6053
0.6625
0.0433
0.4187
0.5966
0.4180
0.5401
0.0194
0.2269
0.5886
0.2277
0.5308
0.0119
0.2157
0.3395
0.2141
0.2582
0.0094
0.0781
0.2308
0.0752
0.1684
0.0084
0.0761
0.2238
0.0733
0.1682
0.0084
0.0584
0.1814
0.0535
0.1304
0.0084
0.0551
0.1768
0.0472
0.1291
0.0084
0.0161
0.1175
0.0176
0.0735
0.0084
0.0161
0.1171
0.0176
0.0735
0.0084
0.0161
0.1171
0.0176
0.0735
0.0084
Livestock
0.0167
0.0680
0.0167
0.0630
0.0175
0.0235
0.3298
0.0261
0.2900
0.0172
0.0396
0.3358
0.0413
0.2911
0.0162
0.1459
0.4781
0.1490
0.4374
0.0162
0.1492
0.4876
0.1519
0.4384
0.0162
0.2218
0.5544
0.2209
0.5157
0.0162
0.2294
0.5557
0.2223
0.5166
0.0162
0.3169
0.6462
0.3261
0.6283
0.0042
0.4768
0.6996
0.4873
0.6915
0.0464
0.6397
0.6785
0.6426
0.6651
0.2329
0.6404
0.7185
0.6420
0.7093
0.2322
0.6293
0.6847
0.6327
0.6665
0.0719
0.6293
0.6847
0.6327
0.6665
0.0719
0.5993
0.6819
0.6053
0.6625
0.0433
0.4187
0.5966
0.4180
0.5401
0.0194
0.2269
0.5886
0.2277
0.5308
0.0119
0.2157
0.3395
0.2141
0.2582
0.0094
0.0781
0.2308
0.0752
0.1684
0.0084
0.0761
0.2238
0.0733
0.1682
0.0084
0.0584
0.1814
0.0535
0.1304
0.0084
0.0551
0.1768
0.0472
0.1291
0.0084
0.0161
0.1175
0.0176
0.0735
0.0084
0.0161
0.1171
0.0176
0.0735
0.0084
0.0161
0.1171
0.0176
0.0735
0.0084
Greenhouse
0.0167
0.0680
0.0167
0.0630
0.0175
0.0235
0.3298
0.0261
0.2900
0.0172
0.0396
0.3358
0.0413
0.2911
0.0162
0.1459
0.4781
0.1490
0.4374
0.0162
0.1492
0.4876
0.1519
0.4384
0.0162
0.2218
0.5544
0.2209
0.5157
0.0162
0.2294
0.5557
0.2223
0.5166
0.0162
0.3169
0.6462
0.3261
0.6283
0.0042
0.4768
0.6996
0.4873
0.6915
0.0464
0.6397
0.6785
0.6426
0.6651
0.2329
0.6404
0.7185
0.6420
0.7093
0.2322
0.6293
0.6847
0.6327
0.6665
0.0719
0.6293
0.6847
0.6327
0.6665
0.0719
0.5993
0.6819
0.6053
0.6625
0.0433
0.4187
0.5966
0.4180
0.5401
0.0194
0.2269
0.5886
0.2277
0.5308
0.0119
0.2157
0.3395
0.2141
0.2582
0.0094
0.0781
0.2308
0.0752
0.1684
0.0084
0.0761
0.2238
0.0733
0.1682
0.0084
0.0584
0.1814
0.0535
0.1304
0.0084
0.0551
0.1768
0.0472
0.1291
0.0084
0.0161
0.1175
0.0176
0.0735
0.0084
0.0161
0.1171
0.0176
0.0735
0.0084
0.0161
0.1171
0.0176
0.0735
0.0084
ChampionWayG
0.0167
0.0680
0.0167
0.0630
0.0175
0.0235
0.3298
0.0261
0.2900
0.0172
0.0396
0.3358
0.0413
0.2911
0.0162
0.1459
0.4781
0.1490
0.4374
0.0162
0.1492
0.4876
0.1519
0.4384
0.0162
0.2218
0.5544
0.2209
0.5157
0.0162
0.2294
0.5557
0.2223
0.5166
0.0162
0.3169
0.6462
0.3261
0.6283
0.0042
0.4768
0.6996
0.4873
0.6915
0.0464
0.6397
0.6785
0.6426
0.6651
0.2329
0.6404
0.7185
0.6420
0.7093
0.2322
0.6293
0.6847
0.6327
0.6665
0.0719
0.6293
0.6847
0.6327
0.6665
0.0719
0.5993
0.6819
0.6053
0.6625
0.0433
0.4187
0.5966
0.4180
0.5401
0.0194
0.2269
0.5886
0.2277
0.5308
0.0119
0.2157
0.3395
0.2141
0.2582
0.0094
0.0781
0.2308
0.0752
0.1684
0.0084
0.0761
0.2238
0.0733
0.1682
0.0084
0.0584
0.1814
0.0535
0.1304
0.0084
0.0551
0.1768
0.0472
0.1291
0.0084
0.0161
0.1175
0.0176
0.0735
0.0084
0.0161
0.1171
0.0176
0.0735
0.0084
0.0161
0.1171
0.0176
0.0735
0.0084
Greenland
0.0167
0.0680
0.0167
0.0630
0.0175
0.0235
0.3298
0.0261
0.2900
0.0172
0.0396
0.3358
0.0413
0.2911
0.0162
0.1459
0.4781
0.1490
0.4374
0.0162
0.1492
0.4876
0.1519
0.4384
0.0162
0.2218
0.5544
0.2209
0.5157
0.0162
0.2294
0.5557
0.2223
0.5166
0.0162
0.3169
0.6462
0.3261
0.6283
0.0042
0.4768
0.6996
0.4873
0.6915
0.0464
0.6397
0.6785
0.6426
0.6651
0.2329
0.6404
0.7185
0.6420
0.7093
0.2322
0.6293
0.6847
0.6327
0.6665
0.0719
0.6293
0.6847
0.6327
0.6665
0.0719
0.5993
0.6819
0.6053
0.6625
0.0433
0.4187
0.5966
0.4180
0.5401
0.0194
0.2269
0.5886
0.2277
0.5308
0.0119
0.2157
0.3395
0.2141
0.2582
0.0094
0.0781
0.2308
0.0752
0.1684
0.0084
0.0761
0.2238
0.0733
0.1682
0.0084
0.0584
0.1814
0.0535
0.1304
0.0084
0.0551
0.1768
0.0472
0.1291
0.0084
0.0161
0.1175
0.0176
0.0735
0.0084
0.0161
0.1171
0.0176
0.0735
0.0084
0.0161
0.1171
0.0176
0.0735
0.0084
MiddleTN
0.0167
0.0680
0.0167
0.0630
0.0175
0.0235
0.3298
0.0261
0.2900
0.0172
0.0396
0.3358
0.0413
0.2911
0.0162
0.1459
0.4781
0.1490
0.4374
0.0162
0.1492
0.4876
0.1519
0.4384
0.0162
0.2218
0.5544
0.2209
0.5157
0.0162
0.2294
0.5557
0.2223
0.5166
0.0162
0.3169
0.6462
0.3261
0.6283
0.0042
0.4768
0.6996
0.4873
0.6915
0.0464
0.6397
0.6785
0.6426
0.6651
0.2329
0.6404
0.7185
0.6420
0.7093
0.2322
0.6293
0.6847
0.6327
0.6665
0.0719
0.6293
0.6847
0.6327
0.6665
0.0719
0.5993
0.6819
0.6053
0.6625
0.0433
0.4187
0.5966
0.4180
0.5401
0.0194
0.2269
0.5886
0.2277
0.5308
0.0119
0.2157
0.3395
0.2141
0.2582
0.0094
0.0781
0.2308
0.0752
0.1684
0.0084
0.0761
0.2238
0.0733
0.1682
0.0084
0.0584
0.1814
0.0535
0.1304
0.0084
0.0551
0.1768
0.0472
0.1291
0.0084
0.0161
0.1175
0.0176
0.0735
0.0084
0.0161
0.1171
0.0176
0.0735
0.0084
0.0161
0.1171
0.0176
0.0735
0.0084
