Rose
0.0
0.2599
0.0
0.2445
0.0
0.1135
0.769
0.1212
0.7588
0.0
0.16
0.7704
0.1667
0.7597
0.0
0.4479
0.804
0.4568
0.7943
0.0
0.4583
0.8062
0.4657
0.7945
0.0
0.6429
0.8223
0.6406
0.813
0.0
0.6582
0.8226
0.6434
0.8132
0.0
0.7657
0.846
0.7677
0.8407
0.0059
0.8037
0.8638
0.8061
0.8608
0.1869
0.844
0.856
0.8449
0.8518
0.6653
0.8442
0.8709
0.8447
0.8674
0.6637
0.841
0.8582
0.842
0.8522
0.274
0.841
0.8582
0.842
0.8522
0.274
0.8332
0.8572
0.8346
0.851
0.1749
0.7901
0.8324
0.7898
0.8188
0.1002
0.6536
0.8304
0.6552
0.8166
0.073
0.6303
0.771
0.6269
0.7116
0.0635
0.3076
0.6594
0.2924
0.5128
0.0598
0.2966
0.6454
0.282
0.5122
0.0598
0.2294
0.5465
0.2126
0.408
0.0598
0.2182
0.5345
0.1899
0.4056
0.0598
0.0885
0.3844
0.0936
0.282
0.0598
0.0885
0.3836
0.0936
0.282
0.0598
0.0885
0.3836
0.0936
0.282
0.0598
FairView
0.0519
0.3033
0.0518
0.29
0.051
0.1777
0.7657
0.1842
0.7571
0.0512
0.2165
0.7669
0.2224
0.7578
0.0524
0.4711
0.7955
0.4793
0.7872
0.0524
0.4807
0.7974
0.4876
0.7874
0.0524
0.6507
0.8111
0.6486
0.8032
0.0524
0.6648
0.8114
0.6511
0.8033
0.0524
0.763
0.8314
0.7646
0.8268
0.0682
0.7953
0.8465
0.7973
0.844
0.2396
0.8297
0.8399
0.8304
0.8363
0.6712
0.83
0.8526
0.8303
0.8497
0.6698
0.8272
0.8417
0.828
0.8367
0.3156
0.8272
0.8417
0.828
0.8367
0.3156
0.8206
0.8409
0.8217
0.8356
0.2294
0.7838
0.8197
0.7836
0.8082
0.166
0.6605
0.818
0.662
0.8063
0.1394
0.6391
0.7673
0.6359
0.7138
0.1295
0.3457
0.6658
0.3321
0.531
0.1256
0.3359
0.6529
0.3228
0.5304
0.1256
0.277
0.5619
0.2623
0.4351
0.1256
0.2672
0.5508
0.2426
0.433
0.1256
0.155
0.4138
0.1598
0.3229
0.1256
0.155
0.413
0.1598
0.3229
0.1256
0.155
0.413
0.1598
0.3229
0.1256
Bell
0.2688
0.5359
0.2687
0.53
0.2635
0.485
0.795
0.4874
0.7938
0.2649
0.4975
0.7952
0.5003
0.7939
0.2722
0.6221
0.7991
0.6272
0.7979
0.2722
0.628
0.7993
0.6321
0.7979
0.2722
0.731
0.8013
0.7295
0.8002
0.2722
0.7395
0.8014
0.7311
0.8002
0.2722
0.7944
0.8042
0.7944
0.8035
0.3468
0.7991
0.8065
0.7992
0.8062
0.5064
0.8041
0.8055
0.8041
0.805
0.7429
0.8043
0.8073
0.8042
0.807
0.7423
0.8039
0.8057
0.8039
0.8051
0.5406
0.8039
0.8057
0.8039
0.8051
0.5406
0.8031
0.8056
0.8031
0.8049
0.5026
0.7979
0.8024
0.7977
0.8009
0.4781
0.7367
0.8022
0.7374
0.8007
0.4495
0.7238
0.7948
0.7216
0.769
0.4363
0.5571
0.7404
0.5494
0.6591
0.4311
0.5521
0.7326
0.5447
0.6588
0.4311
0.5244
0.6777
0.5173
0.6029
0.4311
0.5201
0.671
0.509
0.6018
0.4311
0.4681
0.591
0.4723
0.5457
0.4311
0.4681
0.5907
0.4723
0.5457
0.4311
0.4681
0.5907
0.4723
0.5457
0.4311
IngramN
0.351
0.6328
0.3509
0.6296
0.3438
0.6081
0.8136
0.6091
0.8154
0.3457
0.6115
0.8134
0.6132
0.8153
0.3555
0.6888
0.8073
0.6926
0.8089
0.3555
0.6932
0.8069
0.6963
0.8089
0.3555
0.7698
0.8041
0.7686
0.8057
0.3555
0.7761
0.8041
0.7698
0.8057
0.3555
0.8139
0.7999
0.8132
0.8009
0.4556
0.8074
0.797
0.8067
0.7976
0.6157
0.8004
0.7983
0.8001
0.7991
0.7784
0.8006
0.7957
0.8003
0.7964
0.778
0.8012
0.7978
0.8009
0.799
0.6348
0.8012
0.7978
0.8009
0.799
0.6348
0.8027
0.798
0.8023
0.7992
0.614
0.8102
0.8022
0.8101
0.8047
0.6027
0.7739
0.8026
0.7743
0.8051
0.5726
0.7644
0.8127
0.7626
0.798
0.5578
0.6461
0.777
0.6407
0.7167
0.552
0.643
0.7712
0.6377
0.7164
0.552
0.6265
0.7305
0.6223
0.6759
0.552
0.6242
0.7255
0.618
0.6752
0.552
0.5927
0.6677
0.597
0.639
0.552
0.5927
0.6675
0.597
0.639
0.552
0.5927
0.6675
0.597
0.639
0.552
IngramS
0.3521
0.6966
0.352
0.6922
0.3436
0.6579
0.8667
0.66
0.8699
0.3459
0.6681
0.8662
0.6702
0.8696
0.3574
0.7564
0.8554
0.7599
0.8584
0.3574
0.7604
0.8546
0.7632
0.8583
0.3574
0.8294
0.8496
0.8284
0.8525
0.3574
0.8351
0.8495
0.8294
0.8524
0.3574
0.8675
0.842
0.8665
0.8437
0.4793
0.8555
0.8366
0.8545
0.8375
0.6743
0.8428
0.839
0.8424
0.8403
0.8372
0.8429
0.8343
0.8426
0.8355
0.8369
0.844
0.8382
0.8435
0.8402
0.6994
0.844
0.8382
0.8435
0.8402
0.6994
0.8466
0.8385
0.846
0.8406
0.6717
0.8602
0.8462
0.8602
0.8507
0.6503
0.8332
0.8469
0.8335
0.8514
0.6146
0.8246
0.8655
0.823
0.8548
0.5976
0.7114
0.8359
0.7057
0.7816
0.5908
0.708
0.8308
0.7025
0.7814
0.5908
0.6881
0.794
0.6827
0.7438
0.5908
0.6849
0.7895
0.6767
0.7431
0.5908
0.638
0.7352
0.6432
0.7035
0.5908
0.638
0.7349
0.6432
0.7035
0.5908
0.638
0.7349
0.6432
0.7035
0.5908
ParkingServ
0.5279
0.7823
0.5277
0.7859
0.5178
0.8276
0.8039
0.8245
0.8108
0.5205
0.805
0.8029
0.8039
0.8102
0.5342
0.7692
0.7798
0.7706
0.7864
0.5342
0.7708
0.7782
0.7719
0.7862
0.5342
0.7975
0.7673
0.7969
0.7736
0.5342
0.7996
0.7671
0.7973
0.7735
0.5342
0.8057
0.751
0.804
0.7547
0.6688
0.7799
0.7391
0.778
0.7412
0.797
0.7524
0.7444
0.7517
0.7472
0.7999
0.7525
0.7342
0.752
0.7367
0.8
0.7549
0.7427
0.754
0.7469
0.7778
0.7549
0.7427
0.754
0.7469
0.7778
0.7604
0.7435
0.7592
0.7478
0.8006
0.7898
0.7602
0.7898
0.7696
0.8274
0.7987
0.7616
0.7986
0.7712
0.7995
0.7955
0.802
0.7946
0.8071
0.7833
0.7771
0.8004
0.7773
0.7799
0.7769
0.7782
0.7985
0.7783
0.7798
0.7769
0.7894
0.7846
0.7925
0.7694
0.7769
0.7921
0.7829
0.7984
0.7696
0.7769
0.8197
0.7699
0.823
0.7799
0.7769
0.8197
0.77
0.823
0.7799
0.7769
0.8197
0.77
0.823
0.7799
0.7769
MainSt
0.5894
0.7947
0.5892
0.8014
0.579
0.8735
0.7671
0.8682
0.775
0.5818
0.8374
0.766
0.835
0.7743
0.5958
0.7549
0.7399
0.7558
0.7474
0.5958
0.7558
0.7381
0.7564
0.7472
0.5958
0.7697
0.7258
0.7693
0.733
0.5958
0.7708
0.7256
0.7695
0.7328
0.5958
0.7692
0.7074
0.7673
0.7116
0.7289
0.7401
0.6939
0.7379
0.6963
0.824
0.709
0.6999
0.7081
0.7031
0.7706
0.709
0.6884
0.7084
0.6912
0.7707
0.7117
0.698
0.7108
0.7028
0.7875
0.7117
0.698
0.7108
0.7028
0.7875
0.7179
0.6989
0.7166
0.7038
0.8298
0.7511
0.7178
0.7511
0.7284
0.8765
0.7702
0.7194
0.7699
0.7302
0.8528
0.7686
0.7651
0.768
0.7747
0.8375
0.782
0.7717
0.7845
0.7613
0.8315
0.7848
0.7707
0.787
0.7613
0.8315
0.8079
0.7636
0.8144
0.7595
0.8315
0.8129
0.7628
0.8249
0.7601
0.8315
0.871
0.7635
0.8733
0.7889
0.8315
0.871
0.7637
0.8733
0.7889
0.8315
0.871
0.7637
0.8733
0.7889
0.8315
PublicSafety
0.5462
0.9286
0.546
0.9305
0.5332
0.9514
0.9136
0.9501
0.924
0.5367
0.9405
0.9121
0.94
0.9231
0.5543
0.9177
0.8775
0.9181
0.8874
0.5543
0.9181
0.8752
0.9184
0.8872
0.5543
0.9244
0.8588
0.9242
0.8683
0.5543
0.9249
0.8585
0.9242
0.8681
0.5543
0.9166
0.8344
0.9143
0.8399
0.7376
0.8779
0.8164
0.8752
0.8195
0.9358
0.8366
0.8244
0.8356
0.8286
0.9245
0.8365
0.809
0.8359
0.8127
0.9247
0.8399
0.822
0.8388
0.8282
0.9255
0.8399
0.822
0.8388
0.8282
0.9255
0.8481
0.823
0.8465
0.8295
0.938
0.8922
0.8483
0.8924
0.8623
0.947
0.9245
0.8503
0.9243
0.8646
0.9075
0.9238
0.911
0.9234
0.9265
0.8865
0.9251
0.9254
0.9252
0.921
0.8782
0.9259
0.925
0.926
0.921
0.8782
0.9324
0.9219
0.9339
0.9196
0.8782
0.9339
0.9216
0.9372
0.9197
0.8782
0.9348
0.9198
0.9399
0.9271
0.8782
0.9348
0.9199
0.9399
0.9271
0.8782
0.9348
0.9199
0.9399
0.9271
0.8782
CollegeHeights
0.7425
0.8274
0.7423
0.8418
0.7316
0.9891
0.6773
0.9784
0.6875
0.7345
0.92
0.6759
0.9144
0.6866
0.7493
0.7216
0.6422
0.7209
0.6519
0.7493
0.7206
0.6399
0.72
0.6516
0.7493
0.7025
0.624
0.7025
0.6332
0.7493
0.7009
0.6237
0.7022
0.633
0.7493
0.68
0.6002
0.6777
0.6055
0.8795
0.6424
0.5826
0.6397
0.5857
0.8932
0.6021
0.5904
0.6011
0.5945
0.6995
0.602
0.5755
0.6014
0.5791
0.7
0.6055
0.5881
0.6044
0.5941
0.8138
0.6055
0.5881
0.6044
0.5941
0.8138
0.6135
0.5891
0.6119
0.5954
0.9047
0.6565
0.6137
0.6566
0.6274
1.0
0.7011
0.6157
0.7007
0.6297
0.9868
0.7036
0.6749
0.7036
0.6957
0.9737
0.7963
0.7018
0.8044
0.7169
0.9686
0.8032
0.7033
0.8109
0.717
0.9686
0.8557
0.7134
0.8709
0.7368
0.9686
0.8664
0.7146
0.8928
0.7382
0.9686
1.0
0.7495
1.0
0.813
0.9686
1.0
0.7501
1.0
0.813
0.9686
1.0
0.7501
1.0
0.813
0.9686
SportsPlex
0.5352
1.0
0.5349
1.0
0.5206
1.0
0.9832
1.0
0.9951
0.5246
1.0
0.9816
1.0
0.9941
0.5442
1.0
0.9422
1.0
0.9536
0.5442
1.0
0.9395
1.0
0.9533
0.5442
1.0
0.9207
1.0
0.9316
0.5442
1.0
0.9203
1.0
0.9314
0.5442
0.9872
0.8929
0.985
0.8992
0.7542
0.9427
0.872
0.9399
0.8756
1.0
0.8953
0.8812
0.8943
0.8861
1.0
0.895
0.8636
0.8945
0.8677
1.0
0.8988
0.8785
0.8977
0.8855
1.0
0.8988
0.8785
0.8977
0.8855
1.0
0.9079
0.8797
0.9064
0.887
1.0
0.9585
0.9088
0.9589
0.9248
0.9924
1.0
0.911
1.0
0.9273
0.9455
1.0
0.9807
1.0
1.0
0.9215
1.0
1.0
1.0
1.0
0.912
1.0
1.0
1.0
1.0
0.912
1.0
1.0
1.0
1.0
0.912
1.0
1.0
1.0
1.0
0.912
0.9769
1.0
0.9834
1.0
0.912
0.9769
1.0
0.9834
1.0
0.912
0.9769
1.0
0.9834
1.0
0.912
CityView
0.5003
0.8419
0.5001
0.8429
0.4888
0.8574
0.8767
0.8559
0.8847
0.4919
0.8485
0.8756
0.8481
0.884
0.5073
0.8469
0.8491
0.848
0.8568
0.5073
0.8482
0.8474
0.8493
0.8566
0.5073
0.873
0.8347
0.8727
0.8421
0.5073
0.8751
0.8345
0.8731
0.8419
0.5073
0.8794
0.816
0.878
0.8202
0.6667
0.8495
0.8019
0.8477
0.8043
0.847
0.8176
0.8081
0.817
0.8114
0.8761
0.8174
0.7963
0.8171
0.799
0.8758
0.8199
0.8063
0.8192
0.811
0.8417
0.8199
0.8063
0.8192
0.811
0.8417
0.826
0.8071
0.825
0.812
0.8475
0.86
0.8267
0.8603
0.8374
0.8533
0.8745
0.8282
0.8747
0.8392
0.8175
0.8713
0.8752
0.8709
0.8823
0.7983
0.8421
0.8752
0.8419
0.8554
0.7908
0.8419
0.8733
0.8418
0.8553
0.7908
0.8438
0.86
0.845
0.8434
0.7908
0.8446
0.8584
0.8465
0.8434
0.7908
0.842
0.8433
0.8468
0.8419
0.7908
0.842
0.8433
0.8468
0.8419
0.7908
0.842
0.8433
0.8468
0.8419
0.7908
GreekRow
0.4173
0.6171
0.4172
0.6177
0.4102
0.6351
0.7508
0.6327
0.7529
0.4121
0.6214
0.7506
0.6212
0.7528
0.4216
0.644
0.7437
0.6471
0.7457
0.4216
0.6477
0.7432
0.6504
0.7457
0.4216
0.7138
0.7398
0.713
0.7418
0.4216
0.7193
0.7397
0.714
0.7417
0.4216
0.7518
0.7349
0.7515
0.736
0.512
0.7438
0.731
0.7434
0.7317
0.621
0.7352
0.7327
0.7351
0.7336
0.7221
0.7351
0.7295
0.7351
0.7302
0.7213
0.7357
0.7323
0.7356
0.7335
0.6182
0.7357
0.7323
0.7356
0.7335
0.6182
0.7373
0.7324
0.7371
0.7337
0.6208
0.7463
0.7377
0.7464
0.7405
0.634
0.7178
0.7381
0.7184
0.741
0.6111
0.7094
0.7507
0.7082
0.7386
0.598
0.6217
0.7197
0.6202
0.6668
0.5928
0.6204
0.7146
0.619
0.6666
0.5928
0.6182
0.6791
0.6191
0.6333
0.5928
0.6187
0.6747
0.62
0.6331
0.5928
0.6273
0.6312
0.6301
0.619
0.5928
0.6273
0.6311
0.6301
0.619
0.5928
0.6273
0.6311
0.6301
0.619
0.5928
Rutherford
0.3269
0.7249
0.3267
0.7187
0.3177
0.6648
0.9112
0.6678
0.9148
0.3201
0.6844
0.9107
0.687
0.9144
0.3325
0.7993
0.8988
0.8026
0.9023
0.3325
0.8032
0.8981
0.8061
0.9022
0.3325
0.8736
0.8923
0.8728
0.8956
0.3325
0.8795
0.8922
0.8739
0.8956
0.3325
0.9125
0.8838
0.9121
0.8858
0.468
0.899
0.8774
0.8983
0.8785
0.6961
0.8845
0.8802
0.8843
0.8817
0.8824
0.8843
0.8749
0.8843
0.8761
0.8816
0.8854
0.8795
0.8852
0.8815
0.7311
0.8854
0.8795
0.8852
0.8815
0.7311
0.8881
0.8798
0.8877
0.8819
0.6907
0.9035
0.8887
0.9037
0.8935
0.6544
0.8778
0.8894
0.8785
0.8943
0.6141
0.8689
0.9107
0.8677
0.9
0.5951
0.7437
0.8799
0.738
0.8237
0.5877
0.7393
0.8745
0.7339
0.8235
0.5877
0.7123
0.8367
0.7057
0.7833
0.5877
0.7078
0.8321
0.6964
0.7823
0.5877
0.6399
0.7747
0.6461
0.7336
0.5877
0.6399
0.7744
0.6461
0.7336
0.5877
0.6399
0.7744
0.6461
0.7336
0.5877
Softball
0.3962
0.477
0.3961
0.4791
0.3918
0.5146
0.649
0.5105
0.6477
0.393
0.4907
0.6491
0.4899
0.6478
0.3988
0.504
0.6534
0.5081
0.6522
0.3988
0.5089
0.6537
0.5123
0.6523
0.3988
0.5951
0.6555
0.594
0.6545
0.3988
0.6022
0.6556
0.5953
0.6545
0.3988
0.6488
0.6585
0.6493
0.6578
0.4432
0.6534
0.6605
0.6538
0.6601
0.4879
0.6582
0.6596
0.6584
0.6591
0.6058
0.6581
0.6614
0.6582
0.6609
0.6049
0.6576
0.6599
0.6578
0.6591
0.4776
0.6576
0.6599
0.6578
0.6591
0.4776
0.6566
0.6597
0.6568
0.6589
0.4886
0.6514
0.6568
0.6514
0.6551
0.5173
0.6002
0.6566
0.6011
0.6548
0.505
0.5893
0.6495
0.5878
0.6273
0.4964
0.4806
0.6026
0.4793
0.5338
0.493
0.4795
0.596
0.4782
0.5335
0.493
0.4809
0.5497
0.4835
0.4909
0.493
0.4825
0.544
0.4865
0.4907
0.493
0.5147
0.4891
0.5158
0.4783
0.493
0.5147
0.4891
0.5158
0.4783
0.493
0.5147
0.4891
0.5158
0.4783
0.493
Ezell
1.0
0.2571
1.0
0.2958
1.0
0.7016
0.0
0.6703
0.0
1.0
0.5095
0.0
0.4938
0.0
1.0
0.0
0.0
0.0
0.0
1.0
0.0
0.0
0.0
0.0
1.0
0.0
0.0
0.0
0.0
1.0
0.0
0.0
0.0
0.0
1.0
0.0
0.0
0.0
0.0
0.913
0.0
0.0
0.0
0.0
0.4414
0.0
0.0
0.0
0.0
0.0
0.0
0.0
0.0
0.0
0.0
0.0
0.0
0.0
0.0
0.2284
0.0
0.0
0.0
0.0
0.2284
0.0
0.0
0.0
0.0
0.4703
0.0
0.0
0.0
0.0
0.7481
0.0
0.0
0.0
0.0
0.808
0.0
0.0
0.0
0.0
0.8206
0.1788
0.0
0.2014
0.0
0.8255
0.1959
0.0
0.2175
0.0
0.8255
0.3338
0.0
0.3763
0.0269
0.8255
0.3624
0.0
0.434
0.0305
0.8255
0.7798
0.062
0.7662
0.2198
0.8255
0.7798
0.0634
0.7662
0.2198
0.8255
0.7798
0.0634
0.7662
0.2198
0.8255
MtsuBlvdG
0.5401
0.3328
0.54
0.3452
0.5385
0.4884
0.4169
0.4761
0.4139
0.5389
0.4145
0.4173
0.4094
0.4142
0.541
0.2861
0.4274
0.2897
0.4246
0.541
0.2904
0.4281
0.2934
0.4246
0.541
0.3666
0.4327
0.3657
0.43
0.541
0.373
0.4328
0.3669
0.4301
0.541
0.4162
0.4398
0.417
0.4382
0.5228
0.4274
0.4449
0.4282
0.444
0.3933
0.4392
0.4427
0.4395
0.4414
0.3761
0.4392
0.447
0.4394
0.446
0.3753
0.4381
0.4433
0.4385
0.4415
0.3256
0.4381
0.4433
0.4385
0.4415
0.3256
0.4358
0.443
0.4362
0.4411
0.4019
0.4231
0.4358
0.4231
0.4317
0.5048
0.3712
0.4352
0.372
0.431
0.518
0.3615
0.4177
0.3602
0.395
0.5176
0.3145
0.3731
0.3196
0.3122
0.5175
0.3182
0.3672
0.3231
0.3119
0.5175
0.3574
0.3262
0.3714
0.2817
0.5175
0.3666
0.3212
0.3899
0.2825
0.5175
0.5138
0.2897
0.5099
0.3235
0.5175
0.5138
0.29
0.5099
0.3235
0.5175
0.5138
0.29
0.5099
0.3235
0.5175
Rec
0.7529
0.3321
0.7529
0.356
0.7514
0.6135
0.253
0.5931
0.2521
0.7518
0.4887
0.2531
0.4789
0.2522
0.7538
0.1904
0.2559
0.1922
0.2552
0.7538
0.1925
0.2561
0.194
0.2552
0.7538
0.2295
0.2574
0.229
0.2567
0.7538
0.2325
0.2575
0.2296
0.2567
0.7538
0.2529
0.2594
0.2532
0.259
0.7156
0.256
0.2608
0.2563
0.2606
0.4469
0.2593
0.2602
0.2594
0.2599
0.2341
0.2592
0.2614
0.2593
0.2611
0.2337
0.2589
0.2604
0.259
0.2599
0.3154
0.2589
0.2604
0.259
0.2599
0.3154
0.2582
0.2603
0.2584
0.2598
0.4645
0.2547
0.2583
0.2547
0.2571
0.6427
0.2317
0.2581
0.2321
0.2569
0.6744
0.227
0.2533
0.2264
0.2432
0.6788
0.287
0.2325
0.2999
0.2029
0.6805
0.2967
0.2297
0.3091
0.2028
0.6805
0.3796
0.2098
0.4061
0.2006
0.6805
0.3973
0.2073
0.4418
0.2027
0.6805
0.6609
0.2208
0.653
0.3103
0.6805
0.6609
0.2216
0.653
0.3103
0.6805
0.6609
0.2216
0.653
0.3103
0.6805
Abernathy
0.9655
0.5937
0.9654
0.6244
0.959
0.9406
0.3098
0.9169
0.317
0.9608
0.7931
0.3088
0.7807
0.3164
0.9695
0.3737
0.2849
0.3722
0.2918
0.9695
0.3719
0.2833
0.3706
0.2917
0.9695
0.3394
0.272
0.3398
0.2786
0.9695
0.3367
0.2718
0.3393
0.2785
0.9695
0.3118
0.2552
0.3102
0.259
1.0
0.2851
0.2427
0.2833
0.2449
0.7384
0.2565
0.2482
0.2559
0.2511
0.3352
0.2564
0.2376
0.256
0.2402
0.3356
0.2589
0.2466
0.2581
0.2509
0.5689
0.2589
0.2466
0.2581
0.2509
0.5689
0.2645
0.2473
0.2634
0.2518
0.7617
0.2949
0.2648
0.2951
0.2745
0.973
0.3374
0.2662
0.337
0.2761
1.0
0.3416
0.3082
0.3421
0.3275
1.0
0.5285
0.3372
0.547
0.3633
1.0
0.5429
0.3397
0.5606
0.3634
1.0
0.6544
0.3573
0.6878
0.4016
1.0
0.6771
0.3595
0.7338
0.4046
1.0
0.9911
0.4305
0.9834
0.563
1.0
0.9911
0.4316
0.9834
0.563
1.0
0.9911
0.4316
0.9834
0.563
1.0
MTSU
0.2493
0.4082
0.2492
0.4036
0.2463
0.3747
0.7035
0.3751
0.6993
0.2471
0.3783
0.7041
0.3803
0.6996
0.2511
0.4959
0.7185
0.5016
0.7144
0.2511
0.5027
0.7195
0.5075
0.7145
0.2511
0.624
0.7261
0.6226
0.7223
0.2511
0.6341
0.7263
0.6244
0.7224
0.2511
0.7024
0.7362
0.7035
0.7339
0.2855
0.7183
0.7435
0.7195
0.7422
0.3875
0.7352
0.7402
0.7357
0.7385
0.6391
0.7351
0.7465
0.7355
0.745
0.6378
0.7337
0.7413
0.7342
0.7387
0.4142
0.7337
0.7413
0.7342
0.7387
0.4142
0.7303
0.7408
0.731
0.7381
0.3829
0.7122
0.7305
0.7122
0.7247
0.371
0.6312
0.7296
0.6324
0.7237
0.3523
0.6158
0.7048
0.6137
0.6694
0.3428
0.4284
0.6348
0.422
0.5379
0.3391
0.4235
0.6255
0.4174
0.5375
0.3391
0.3987
0.5603
0.394
0.4725
0.3391
0.3954
0.5524
0.3871
0.4715
0.3391
0.3646
0.463
0.3674
0.4172
0.3391
0.3646
0.4626
0.3674
0.4172
0.3391
0.3646
0.4626
0.3674
0.4172
0.3391
Highland
0.1312
0.6531
0.1311
0.6376
0.1235
0.494
1.0
0.5037
1.0
0.1256
0.5522
1.0
0.5588
1.0
0.136
0.809
1.0
0.8146
1.0
0.136
0.8155
1.0
0.8202
1.0
0.136
0.9304
1.0
0.929
1.0
0.136
0.9399
1.0
0.9307
1.0
0.136
1.0
1.0
1.0
1.0
0.2642
1.0
1.0
1.0
1.0
0.5792
1.0
1.0
1.0
1.0
0.9443
1.0
1.0
1.0
1.0
0.9433
1.0
1.0
1.0
1.0
0.6659
1.0
1.0
1.0
1.0
0.6659
1.0
1.0
1.0
1.0
0.5673
1.0
1.0
1.0
1.0
0.4745
0.937
1.0
0.938
1.0
0.4236
0.9225
1.0
0.9203
0.9732
0.403
0.6946
0.941
0.6815
0.8497
0.3949
0.6851
0.9322
0.6725
0.8493
0.3949
0.6223
0.8708
0.6052
0.7804
0.3949
0.611
0.8633
0.5823
0.7784
0.3949
0.4542
0.7604
0.4629
0.6726
0.3949
0.4542
0.7597
0.4629
0.6726
0.3949
0.4542
0.7597
0.4629
0.6726
0.3949
MEC
0.1162
0.5999
0.1161
0.5846
0.1096
0.4441
0.9666
0.4535
0.9653
0.1114
0.5001
0.9668
0.5067
0.9654
0.1203
0.7589
0.9713
0.765
0.97
0.1203
0.7659
0.9716
0.771
0.97
0.1203
0.8898
0.9737
0.8882
0.9725
0.1203
0.9
0.9737
0.8901
0.9725
0.1203
0.9662
0.9768
0.9665
0.9761
0.2318
0.9712
0.9792
0.9715
0.9788
0.5268
0.9766
0.9782
0.9767
0.9776
0.9047
0.9766
0.9802
0.9767
0.9797
0.9036
0.9762
0.9785
0.9763
0.9777
0.6128
0.9762
0.9785
0.9763
0.9777
0.6128
0.9752
0.9783
0.9753
0.9775
0.515
0.9694
0.975
0.9694
0.9732
0.4257
0.8969
0.9748
0.8979
0.973
0.3782
0.8813
0.9669
0.8789
0.9358
0.3592
0.6419
0.9011
0.6286
0.8028
0.3518
0.6323
0.8917
0.6196
0.8024
0.3518
0.5695
0.8255
0.5526
0.7291
0.3518
0.5583
0.8174
0.53
0.727
0.3518
0.4067
0.7087
0.4149
0.6196
0.3518
0.4067
0.708
0.4149
0.6196
0.3518
0.4067
0.708
0.4149
0.6196
0.3518
Jackson
0.1033
0.6027
0.1032
0.5867
0.0966
0.4387
0.979
0.4485
0.9776
0.0984
0.498
0.9792
0.5049
0.9777
0.1074
0.7677
0.9839
0.7738
0.9825
0.1074
0.7748
0.9842
0.78
0.9826
0.1074
0.9007
0.9864
0.8992
0.9851
0.1074
0.9112
0.9865
0.9011
0.9852
0.1074
0.9785
0.9897
0.9788
0.989
0.2211
0.9838
0.9922
0.9842
0.9918
0.5262
0.9894
0.9911
0.9896
0.9905
0.916
0.9894
0.9932
0.9895
0.9927
0.9148
0.989
0.9914
0.9891
0.9906
0.6162
0.989
0.9914
0.9891
0.9906
0.6162
0.9879
0.9913
0.9881
0.9904
0.5137
0.9819
0.9878
0.9819
0.9859
0.4193
0.908
0.9876
0.9091
0.9856
0.3705
0.8921
0.9793
0.8897
0.9476
0.3511
0.6464
0.9123
0.6327
0.8123
0.3434
0.6364
0.9027
0.6232
0.8119
0.3434
0.5708
0.8354
0.5531
0.737
0.3434
0.559
0.8272
0.5293
0.7348
0.3434
0.3996
0.7159
0.4081
0.6232
0.3434
0.3996
0.7152
0.4081
0.6232
0.3434
0.3996
0.7152
0.4081
0.6232
0.3434
Livestock
0.0903
0.0436
0.0904
0.0371
0.0945
0.0
0.5176
0.0
0.5035
0.0934
0.0015
0.5195
0.0043
0.5047
0.0877
0.1774
0.5663
0.1864
0.5529
0.0877
0.1883
0.5694
0.1958
0.5532
0.0877
0.3811
0.5916
0.3786
0.5788
0.0877
0.3971
0.592
0.3816
0.579
0.0877
0.5133
0.6245
0.5161
0.6172
0.0118
0.5658
0.6491
0.5692
0.6449
0.0136
0.6217
0.6383
0.6229
0.6325
0.4046
0.6219
0.6589
0.6226
0.6541
0.4028
0.6174
0.6413
0.6188
0.6331
0.0521
0.6174
0.6413
0.6188
0.6331
0.0521
0.6066
0.6399
0.6085
0.6313
0.0079
0.5469
0.6055
0.5465
0.5867
0.0
0.3924
0.6028
0.3942
0.5836
0.0
0.3681
0.5205
0.3645
0.4528
0.0
0.0744
0.3978
0.0643
0.2445
0.0
0.067
0.3831
0.0574
0.2438
0.0
0.0306
0.2795
0.0237
0.1412
0.0
0.0258
0.2668
0.014
0.1396
0.0
0.0
0.1256
0.0
0.0571
0.0
0.0
0.125
0.0
0.0571
0.0
0.0
0.125
0.0
0.0571
0.0
Greenhouse
0.3462
0.0024
0.3462
0.0105
0.3511
0.1193
0.2868
0.1085
0.2745
0.3498
0.0556
0.2886
0.0522
0.2755
0.3431
0.02
0.3297
0.0269
0.3179
0.3431
0.0285
0.3325
0.0342
0.3182
0.3431
0.1787
0.3519
0.1766
0.3407
0.3431
0.1911
0.3523
0.1789
0.3409
0.3431
0.2832
0.381
0.2857
0.3745
0.2297
0.3294
0.4025
0.3324
0.3989
0.0422
0.3785
0.393
0.3796
0.388
0.1971
0.3787
0.4112
0.3793
0.4069
0.1957
0.3747
0.3957
0.3759
0.3884
0.0
0.3747
0.3957
0.3759
0.3884
0.0
0.3652
0.3944
0.3669
0.3869
0.0476
0.3127
0.3642
0.3124
0.3477
0.1362
0.1876
0.3618
0.1889
0.3449
0.162
0.1685
0.2893
0.1658
0.2343
0.1691
0.0
0.1911
0.0
0.0715
0.1718
0.0
0.1797
0.0
0.071
0.1718
0.0183
0.0988
0.0275
0.0
0.1718
0.0243
0.0889
0.0395
0.0
0.1718
0.1487
0.0
0.1433
0.0
0.1718
0.1487
0.0
0.1433
0.0
0.1718
0.1487
0.0
0.1433
0.0
0.1718
ChampionWayG
0.1945
0.0
0.1945
0.0
0.1995
0.0281
0.4006
0.0232
0.3866
0.1982
0.0
0.4025
0.0
0.3878
0.1914
0.0844
0.4489
0.0926
0.4355
0.1914
0.0945
0.4519
0.1013
0.4359
0.1914
0.2731
0.474
0.2706
0.4613
0.1914
0.2878
0.4745
0.2733
0.4616
0.1914
0.3963
0.5068
0.3989
0.4995
0.0905
0.4485
0.5313
0.4518
0.5272
0.0
0.5041
0.5206
0.5052
0.5149
0.2945
0.5044
0.541
0.505
0.5363
0.293
0.5
0.5234
0.5013
0.5154
0.0033
0.5
0.5234
0.5013
0.5154
0.0033
0.4894
0.522
0.4912
0.5136
0.0
0.43
0.4876
0.4296
0.4692
0.0362
0.2835
0.485
0.285
0.4661
0.049
0.261
0.4029
0.2576
0.3391
0.0529
0.0168
0.2878
0.0107
0.1464
0.0545
0.0126
0.2743
0.0067
0.1458
0.0545
0.0
0.1783
0.0
0.055
0.0545
0.0
0.1665
0.0
0.054
0.0545
0.0423
0.0448
0.0394
0.0065
0.0545
0.0423
0.0445
0.0394
0.0065
0.0545
0.0423
0.0445
0.0394
0.0065
0.0545
Greenland
0.0465
0.1243
0.0465
0.114
0.0491
0.0365
0.6189
0.0399
0.6062
0.0484
0.0571
0.6207
0.0617
0.6073
0.0448
0.2826
0.6628
0.2917
0.6506
0.0448
0.2935
0.6656
0.3011
0.6509
0.0448
0.4851
0.6857
0.4827
0.6741
0.0448
0.5009
0.6861
0.4856
0.6743
0.0448
0.6149
0.7155
0.6174
0.7088
0.0
0.6624
0.7377
0.6654
0.734
0.0752
0.713
0.7279
0.714
0.7228
0.5082
0.7133
0.7466
0.7138
0.7423
0.5066
0.7092
0.7306
0.7104
0.7232
0.1351
0.7092
0.7306
0.7104
0.7232
0.1351
0.6995
0.7293
0.7012
0.7217
0.0672
0.6455
0.6982
0.6452
0.6813
0.031
0.4962
0.6957
0.4979
0.6785
0.0199
0.4721
0.6212
0.4685
0.5562
0.0163
0.1628
0.5017
0.1502
0.3498
0.0148
0.1537
0.4872
0.1417
0.3492
0.0148
0.1039
0.3844
0.0926
0.2448
0.0148
0.0963
0.3719
0.0773
0.2428
0.0148
0.0262
0.2249
0.0282
0.1417
0.0148
0.0262
0.2242
0.0282
0.1417
0.0148
0.0262
0.2242
0.0282
0.1417
0.0148
MiddleTN
0.0137
0.2329
0.0137
0.2188
0.0142
0.1008
0.7357
0.1075
0.7251
0.0141
0.1411
0.7371
0.1473
0.726
0.0134
0.413
0.7723
0.4219
0.7622
0.0134
0.4235
0.7746
0.4309
0.7624
0.0134
0.6087
0.7914
0.6064
0.7817
0.0134
0.624
0.7917
0.6092
0.7819
0.0134
0.7323
0.8163
0.7344
0.8107
0.0087
0.772
0.8349
0.7745
0.8317
0.1658
0.8142
0.8267
0.8151
0.8223
0.6311
0.8145
0.8423
0.8149
0.8387
0.6295
0.811
0.829
0.8121
0.8228
0.2462
0.811
0.829
0.8121
0.8228
0.2462
0.8029
0.8279
0.8043
0.8215
0.1548
0.7578
0.8019
0.7576
0.7878
0.0893
0.6194
0.7999
0.621
0.7855
0.0657
0.596
0.7377
0.5926
0.6775
0.0575
0.2782
0.6251
0.2637
0.4781
0.0542
0.2677
0.6111
0.2538
0.4775
0.0542
0.2049
0.5118
0.1895
0.3739
0.0542
0.1946
0.4998
0.1687
0.3716
0.0542
0.0792
0.3512
0.0836
0.2538
0.0542
0.0792
0.3504
0.0836
0.2538
0.0542
0.0792
0.3504
0.0836
0.2538
0.0542
