Rose
0.0330
0.3981
0.0330
0.3859
0.0362
0.2313
0.6091
0.2460
0.6005
0.0353
0.3108
0.6103
0.3173
0.6013
0.0311
0.4922
0.6427
0.4949
0.6326
0.0311
0.4951
0.6451
0.4974
0.6329
0.0311
0.5534
0.6634
0.5527
0.6526
0.0311
0.5590
0.6638
0.5537
0.6528
0.0311
0.6062
0.6902
0.6078
0.6864
0.0585
0.6424
0.7036
0.6449
0.7012
0.3362
0.6888
0.6976
0.6895
0.6944
0.5615
0.6890
0.7094
0.6893
0.7066
0.5610
0.6866
0.6993
0.6874
0.6948
0.4071
0.6866
0.6993
0.6874
0.6948
0.4071
0.6772
0.6986
0.6790
0.6939
0.3251
0.6285
0.6761
0.6283
0.6594
0.2056
0.5572
0.6737
0.5578
0.6569
0.1532
0.5488
0.6110
0.5477
0.5794
0.1329
0.4252
0.5599
0.4171
0.5112
0.1244
0.4192
0.5547
0.4114
0.5110
0.1244
0.3735
0.5218
0.3591
0.4780
0.1244
0.3640
0.5181
0.3390
0.4768
0.1244
0.1833
0.4663
0.1935
0.4115
0.1244
0.1833
0.4659
0.1935
0.4115
0.1244
0.1833
0.4659
0.1935
0.4115
0.1244
FairView
0.0330
0.3981
0.0330
0.3859
0.0362
0.2313
0.6091
0.2460
0.6005
0.0353
0.3108
0.6103
0.3173
0.6013
0.0311
0.4922
0.6427
0.4949
0.6326
0.0311
0.4951
0.6451
0.4974
0.6329
0.0311
0.5534
0.6634
0.5527
0.6526
0.0311
0.5590
0.6638
0.5537
0.6528
0.0311
0.6062
0.6902
0.6078
0.6864
0.0585
0.6424
0.7036
0.6449
0.7012
0.3362
0.6888
0.6976
0.6895
0.6944
0.5615
0.6890
0.7094
0.6893
0.7066
0.5610
0.6866
0.6993
0.6874
0.6948
0.4071
0.6866
0.6993
0.6874
0.6948
0.4071
0.6772
0.6986
0.6790
0.6939
0.3251
0.6285
0.6761
0.6283
0.6594
0.2056
0.5572
0.6737
0.5578
0.6569
0.1532
0.5488
0.6110
0.5477
0.5794
0.1329
0.4252
0.5599
0.4171
0.5112
0.1244
0.4192
0.5547
0.4114
0.5110
0.1244
0.3735
0.5218
0.3591
0.4780
0.1244
0.3640
0.5181
0.3390
0.4768
0.1244
0.1833
0.4663
0.1935
0.4115
0.1244
0.1833
0.4659
0.1935
0.4115
0.1244
0.1833
0.4659
0.1935
0.4115
0.1244
Bell
0.0330
0.3981
0.0330
0.3859
0.0362
0.2313
0.6091
0.2460
0.6005
0.0353
0.3108
0.6103
0.3173
0.6013
0.0311
0.4922
0.6427
0.4949
0.6326
0.0311
0.4951
0.6451
0.4974
0.6329
0.0311
0.5534
0.6634
0.5527
0.6526
0.0311
0.5590
0.6638
0.5537
0.6528
0.0311
0.6062
0.6902
0.6078
0.6864
0.0585
0.6424
0.7036
0.6449
0.7012
0.3362
0.6888
0.6976
0.6895
0.6944
0.5615
0.6890
0.7094
0.6893
0.7066
0.5610
0.6866
0.6993
0.6874
0.6948
0.4071
0.6866
0.6993
0.6874
0.6948
0.4071
0.6772
0.6986
0.6790
0.6939
0.3251
0.6285
0.6761
0.6283
0.6594
0.2056
0.5572
0.6737
0.5578
0.6569
0.1532
0.5488
0.6110
0.5477
0.5794
0.1329
0.4252
0.5599
0.4171
0.5112
0.1244
0.4192
0.5547
0.4114
0.5110
0.1244
0.3735
0.5218
0.3591
0.4780
0.1244
0.3640
0.5181
0.3390
0.4768
0.1244
0.1833
0.4663
0.1935
0.4115
0.1244
0.1833
0.4659
0.1935
0.4115
0.1244
0.1833
0.4659
0.1935
0.4115
0.1244
IngramN
0.0330
0.3981
0.0330
0.3859
0.0362
0.2313
0.6091
0.2460
0.6005
0.0353
0.3108
0.6103
0.3173
0.6013
0.0311
0.4922
0.6427
0.4949
0.6326
0.0311
0.4951
0.6451
0.4974
0.6329
0.0311
0.5534
0.6634
0.5527
0.6526
0.0311
0.5590
0.6638
0.5537
0.6528
0.0311
0.6062
0.6902
0.6078
0.6864
0.0585
0.6424
0.7036
0.6449
0.7012
0.3362
0.6888
0.6976
0.6895
0.6944
0.5615
0.6890
0.7094
0.6893
0.7066
0.5610
0.6866
0.6993
0.6874
0.6948
0.4071
0.6866
0.6993
0.6874
0.6948
0.4071
0.6772
0.6986
0.6790
0.6939
0.3251
0.6285
0.6761
0.6283
0.6594
0.2056
0.5572
0.6737
0.5578
0.6569
0.1532
0.5488
0.6110
0.5477
0.5794
0.1329
0.4252
0.5599
0.4171
0.5112
0.1244
0.4192
0.5547
0.4114
0.5110
0.1244
0.3735
0.5218
0.3591
0.4780
0.1244
0.3640
0.5181
0.3390
0.4768
0.1244
0.1833
0.4663
0.1935
0.4115
0.1244
0.1833
0.4659
0.1935
0.4115
0.1244
0.1833
0.4659
0.1935
0.4115
0.1244
IngramS
0.0330
0.3981
0.0330
0.3859
0.0362
0.2313
0.6091
0.2460
0.6005
0.0353
0.3108
0.6103
0.3173
0.6013
0.0311
0.4922
0.6427
0.4949
0.6326
0.0311
0.4951
0.6451
0.4974
0.6329
0.0311
0.5534
0.6634
0.5527
0.6526
0.0311
0.5590
0.6638
0.5537
0.6528
0.0311
0.6062
0.6902
0.6078
0.6864
0.0585
0.6424
0.7036
0.6449
0.7012
0.3362
0.6888
0.6976
0.6895
0.6944
0.5615
0.6890
0.7094
0.6893
0.7066
0.5610
0.6866
0.6993
0.6874
0.6948
0.4071
0.6866
0.6993
0.6874
0.6948
0.4071
0.6772
0.6986
0.6790
0.6939
0.3251
0.6285
0.6761
0.6283
0.6594
0.2056
0.5572
0.6737
0.5578
0.6569
0.1532
0.5488
0.6110
0.5477
0.5794
0.1329
0.4252
0.5599
0.4171
0.5112
0.1244
0.4192
0.5547
0.4114
0.5110
0.1244
0.3735
0.5218
0.3591
0.4780
0.1244
0.3640
0.5181
0.3390
0.4768
0.1244
0.1833
0.4663
0.1935
0.4115
0.1244
0.1833
0.4659
0.1935
0.4115
0.1244
0.1833
0.4659
0.1935
0.4115
0.1244
ParkingServ
0.0330
0.3981
0.0330
0.3859
0.0362
0.2313
0.6091
0.2460
0.6005
0.0353
0.3108
0.6103
0.3173
0.6013
0.0311
0.4922
0.6427
0.4949
0.6326
0.0311
0.4951
0.6451
0.4974
0.6329
0.0311
0.5534
0.6634
0.5527
0.6526
0.0311
0.5590
0.6638
0.5537
0.6528
0.0311
0.6062
0.6902
0.6078
0.6864
0.0585
0.6424
0.7036
0.6449
0.7012
0.3362
0.6888
0.6976
0.6895
0.6944
0.5615
0.6890
0.7094
0.6893
0.7066
0.5610
0.6866
0.6993
0.6874
0.6948
0.4071
0.6866
0.6993
0.6874
0.6948
0.4071
0.6772
0.6986
0.6790
0.6939
0.3251
0.6285
0.6761
0.6283
0.6594
0.2056
0.5572
0.6737
0.5578
0.6569
0.1532
0.5488
0.6110
0.5477
0.5794
0.1329
0.4252
0.5599
0.4171
0.5112
0.1244
0.4192
0.5547
0.4114
0.5110
0.1244
0.3735
0.5218
0.3591
0.4780
0.1244
0.3640
0.5181
0.3390
0.4768
0.1244
0.1833
0.4663
0.1935
0.4115
0.1244
0.1833
0.4659
0.1935
0.4115
0.1244
0.1833
0.4659
0.1935
0.4115
0.1244
MainSt
0.0330
0.3981
0.0330
0.3859
0.0362
0.2313
0.6091
0.2460
0.6005
0.0353
0.3108
0.6103
0.3173
0.6013
0.0311
0.4922
0.6427
0.4949
0.6326
0.0311
0.4951
0.6451
0.4974
0.6329
0.0311
0.5534
0.6634
0.5527
0.6526
0.0311
0.5590
0.6638
0.5537
0.6528
0.0311
0.6062
0.6902
0.6078
0.6864
0.0585
0.6424
0.7036
0.6449
0.7012
0.3362
0.6888
0.6976
0.6895
0.6944
0.5615
0.6890
0.7094
0.6893
0.7066
0.5610
0.6866
0.6993
0.6874
0.6948
0.4071
0.6866
0.6993
0.6874
0.6948
0.4071
0.6772
0.6986
0.6790
0.6939
0.3251
0.6285
0.6761
0.6283
0.6594
0.2056
0.5572
0.6737
0.5578
0.6569
0.1532
0.5488
0.6110
0.5477
0.5794
0.1329
0.4252
0.5599
0.4171
0.5112
0.1244
0.4192
0.5547
0.4114
0.5110
0.1244
0.3735
0.5218
0.3591
0.4780
0.1244
0.3640
0.5181
0.3390
0.4768
0.1244
0.1833
0.4663
0.1935
0.4115
0.1244
0.1833
0.4659
0.1935
0.4115
0.1244
0.1833
0.4659
0.1935
0.4115
0.1244
PublicSafety
0.0330
0.3981
0.0330
0.3859
0.0362
0.2313
0.6091
0.2460
0.6005
0.0353
0.3108
0.6103
0.3173
0.6013
0.0311
0.4922
0.6427
0.4949
0.6326
0.0311
0.4951
0.6451
0.4974
0.6329
0.0311
0.5534
0.6634
0.5527
0.6526
0.0311
0.5590
0.6638
0.5537
0.6528
0.0311
0.6062
0.6902
0.6078
0.6864
0.0585
0.6424
0.7036
0.6449
0.7012
0.3362
0.6888
0.6976
0.6895
0.6944
0.5615
0.6890
0.7094
0.6893
0.7066
0.5610
0.6866
0.6993
0.6874
0.6948
0.4071
0.6866
0.6993
0.6874
0.6948
0.4071
0.6772
0.6986
0.6790
0.6939
0.3251
0.6285
0.6761
0.6283
0.6594
0.2056
0.5572
0.6737
0.5578
0.6569
0.1532
0.5488
0.6110
0.5477
0.5794
0.1329
0.4252
0.5599
0.4171
0.5112
0.1244
0.4192
0.5547
0.4114
0.5110
0.1244
0.3735
0.5218
0.3591
0.4780
0.1244
0.3640
0.5181
0.3390
0.4768
0.1244
0.1833
0.4663
0.1935
0.4115
0.1244
0.1833
0.4659
0.1935
0.4115
0.1244
0.1833
0.4659
0.1935
0.4115
0.1244
CollegeHeights
0.0330
0.3981
0.0330
0.3859
0.0362
0.2313
0.6091
0.2460
0.6005
0.0353
0.3108
0.6103
0.3173
0.6013
0.0311
0.4922
0.6427
0.4949
0.6326
0.0311
0.4951
0.6451
0.4974
0.6329
0.0311
0.5534
0.6634
0.5527
0.6526
0.0311
0.5590
0.6638
0.5537
0.6528
0.0311
0.6062
0.6902
0.6078
0.6864
0.0585
0.6424
0.7036
0.6449
0.7012
0.3362
0.6888
0.6976
0.6895
0.6944
0.5615
0.6890
0.7094
0.6893
0.7066
0.5610
0.6866
0.6993
0.6874
0.6948
0.4071
0.6866
0.6993
0.6874
0.6948
0.4071
0.6772
0.6986
0.6790
0.6939
0.3251
0.6285
0.6761
0.6283
0.6594
0.2056
0.5572
0.6737
0.5578
0.6569
0.1532
0.5488
0.6110
0.5477
0.5794
0.1329
0.4252
0.5599
0.4171
0.5112
0.1244
0.4192
0.5547
0.4114
0.5110
0.1244
0.3735
0.5218
0.3591
0.4780
0.1244
0.3640
0.5181
0.3390
0.4768
0.1244
0.1833
0.4663
0.1935
0.4115
0.1244
0.1833
0.4659
0.1935
0.4115
0.1244
0.1833
0.4659
0.1935
0.4115
0.1244
SportsPlex
0.0330
0.3981
0.0330
0.3859
0.0362
0.2313
0.6091
0.2460
0.6005
0.0353
0.3108
0.6103
0.3173
0.6013
0.0311
0.4922
0.6427
0.4949
0.6326
0.0311
0.4951
0.6451
0.4974
0.6329
0.0311
0.5534
0.6634
0.5527
0.6526
0.0311
0.5590
0.6638
0.5537
0.6528
0.0311
0.6062
0.6902
0.6078
0.6864
0.0585
0.6424
0.7036
0.6449
0.7012
0.3362
0.6888
0.6976
0.6895
0.6944
0.5615
0.6890
0.7094
0.6893
0.7066
0.5610
0.6866
0.6993
0.6874
0.6948
0.4071
0.6866
0.6993
0.6874
0.6948
0.4071
0.6772
0.6986
0.6790
0.6939
0.3251
0.6285
0.6761
0.6283
0.6594
0.2056
0.5572
0.6737
0.5578
0.6569
0.1532
0.5488
0.6110
0.5477
0.5794
0.1329
0.4252
0.5599
0.4171
0.5112
0.1244
0.4192
0.5547
0.4114
0.5110
0.1244
0.3735
0.5218
0.3591
0.4780
0.1244
0.3640
0.5181
0.3390
0.4768
0.1244
0.1833
0.4663
0.1935
0.4115
0.1244
0.1833
0.4659
0.1935
0.4115
0.1244
0.1833
0.4659
0.1935
0.4115
0.1244
CityView
0.0330
0.3981
0.0330
0.3859
0.0362
0.2313
0.6091
0.2460
0.6005
0.0353
0.3108
0.6103
0.3173
0.6013
0.0311
0.4922
0.6427
0.4949
0.6326
0.0311
0.4951
0.6451
0.4974
0.6329
0.0311
0.5534
0.6634
0.5527
0.6526
0.0311
0.5590
0.6638
0.5537
0.6528
0.0311
0.6062
0.6902
0.6078
0.6864
0.0585
0.6424
0.7036
0.6449
0.7012
0.3362
0.6888
0.6976
0.6895
0.6944
0.5615
0.6890
0.7094
0.6893
0.7066
0.5610
0.6866
0.6993
0.6874
0.6948
0.4071
0.6866
0.6993
0.6874
0.6948
0.4071
0.6772
0.6986
0.6790
0.6939
0.3251
0.6285
0.6761
0.6283
0.6594
0.2056
0.5572
0.6737
0.5578
0.6569
0.1532
0.5488
0.6110
0.5477
0.5794
0.1329
0.4252
0.5599
0.4171
0.5112
0.1244
0.4192
0.5547
0.4114
0.5110
0.1244
0.3735
0.5218
0.3591
0.4780
0.1244
0.3640
0.5181
0.3390
0.4768
0.1244
0.1833
0.4663
0.1935
0.4115
0.1244
0.1833
0.4659
0.1935
0.4115
0.1244
0.1833
0.4659
0.1935
0.4115
0.1244
GreekRow
0.0330
0.3981
0.0330
0.3859
0.0362
0.2313
0.6091
0.2460
0.6005
0.0353
0.3108
0.6103
0.3173
0.6013
0.0311
0.4922
0.6427
0.4949
0.6326
0.0311
0.4951
0.6451
0.4974
0.6329
0.0311
0.5534
0.6634
0.5527
0.6526
0.0311
0.5590
0.6638
0.5537
0.6528
0.0311
0.6062
0.6902
0.6078
0.6864
0.0585
0.6424
0.7036
0.6449
0.7012
0.3362
0.6888
0.6976
0.6895
0.6944
0.5615
0.6890
0.7094
0.6893
0.7066
0.5610
0.6866
0.6993
0.6874
0.6948
0.4071
0.6866
0.6993
0.6874
0.6948
0.4071
0.6772
0.6986
0.6790
0.6939
0.3251
0.6285
0.6761
0.6283
0.6594
0.2056
0.5572
0.6737
0.5578
0.6569
0.1532
0.5488
0.6110
0.5477
0.5794
0.1329
0.4252
0.5599
0.4171
0.5112
0.1244
0.4192
0.5547
0.4114
0.5110
0.1244
0.3735
0.5218
0.3591
0.4780
0.1244
0.3640
0.5181
0.3390
0.4768
0.1244
0.1833
0.4663
0.1935
0.4115
0.1244
0.1833
0.4659
0.1935
0.4115
0.1244
0.1833
0.4659
0.1935
0.4115
0.1244
Rutherford
0.0330
0.3981
0.0330
0.3859
0.0362
0.2313
0.6091
0.2460
0.6005
0.0353
0.3108
0.6103
0.3173
0.6013
0.0311
0.4922
0.6427
0.4949
0.6326
0.0311
0.4951
0.6451
0.4974
0.6329
0.0311
0.5534
0.6634
0.5527
0.6526
0.0311
0.5590
0.6638
0.5537
0.6528
0.0311
0.6062
0.6902
0.6078
0.6864
0.0585
0.6424
0.7036
0.6449
0.7012
0.3362
0.6888
0.6976
0.6895
0.6944
0.5615
0.6890
0.7094
0.6893
0.7066
0.5610
0.6866
0.6993
0.6874
0.6948
0.4071
0.6866
0.6993
0.6874
0.6948
0.4071
0.6772
0.6986
0.6790
0.6939
0.3251
0.6285
0.6761
0.6283
0.6594
0.2056
0.5572
0.6737
0.5578
0.6569
0.1532
0.5488
0.6110
0.5477
0.5794
0.1329
0.4252
0.5599
0.4171
0.5112
0.1244
0.4192
0.5547
0.4114
0.5110
0.1244
0.3735
0.5218
0.3591
0.4780
0.1244
0.3640
0.5181
0.3390
0.4768
0.1244
0.1833
0.4663
0.1935
0.4115
0.1244
0.1833
0.4659
0.1935
0.4115
0.1244
0.1833
0.4659
0.1935
0.4115
0.1244
Softball
0.0330
0.3981
0.0330
0.3859
0.0362
0.2313
0.6091
0.2460
0.6005
0.0353
0.3108
0.6103
0.3173
0.6013
0.0311
0.4922
0.6427
0.4949
0.6326
0.0311
0.4951
0.6451
0.4974
0.6329
0.0311
0.5534
0.6634
0.5527
0.6526
0.0311
0.5590
0.6638
0.5537
0.6528
0.0311
0.6062
0.6902
0.6078
0.6864
0.0585
0.6424
0.7036
0.6449
0.7012
0.3362
0.6888
0.6976
0.6895
0.6944
0.5615
0.6890
0.7094
0.6893
0.7066
0.5610
0.6866
0.6993
0.6874
0.6948
0.4071
0.6866
0.6993
0.6874
0.6948
0.4071
0.6772
0.6986
0.6790
0.6939
0.3251
0.6285
0.6761
0.6283
0.6594
0.2056
0.5572
0.6737
0.5578
0.6569
0.1532
0.5488
0.6110
0.5477
0.5794
0.1329
0.4252
0.5599
0.4171
0.5112
0.1244
0.4192
0.5547
0.4114
0.5110
0.1244
0.3735
0.5218
0.3591
0.4780
0.1244
0.3640
0.5181
0.3390
0.4768
0.1244
0.1833
0.4663
0.1935
0.4115
0.1244
0.1833
0.4659
0.1935
0.4115
0.1244
0.1833
0.4659
0.1935
0.4115
0.1244
Ezell
0.0330
0.3981
0.0330
0.3859
0.0362
0.2313
0.6091
0.2460
0.6005
0.0353
0.3108
0.6103
0.3173
0.6013
0.0311
0.4922
0.6427
0.4949
0.6326
0.0311
0.4951
0.6451
0.4974
0.6329
0.0311
0.5534
0.6634
0.5527
0.6526
0.0311
0.5590
0.6638
0.5537
0.6528
0.0311
0.6062
0.6902
0.6078
0.6864
0.0585
0.6424
0.7036
0.6449
0.7012
0.3362
0.6888
0.6976
0.6895
0.6944
0.5615
0.6890
0.7094
0.6893
0.7066
0.5610
0.6866
0.6993
0.6874
0.6948
0.4071
0.6866
0.6993
0.6874
0.6948
0.4071
0.6772
0.6986
0.6790
0.6939
0.3251
0.6285
0.6761
0.6283
0.6594
0.2056
0.5572
0.6737
0.5578
0.6569
0.1532
0.5488
0.6110
0.5477
0.5794
0.1329
0.4252
0.5599
0.4171
0.5112
0.1244
0.4192
0.5547
0.4114
0.5110
0.1244
0.3735
0.5218
0.3591
0.4780
0.1244
0.3640
0.5181
0.3390
0.4768
0.1244
0.1833
0.4663
0.1935
0.4115
0.1244
0.1833
0.4659
0.1935
0.4115
0.1244
0.1833
0.4659
0.1935
0.4115
0.1244
MtsuBlvdG
0.0330
0.3981
0.0330
0.3859
0.0362
0.2313
0.6091
0.2460
0.6005
0.0353
0.3108
0.6103
0.3173
0.6013
0.0311
0.4922
0.6427
0.4949
0.6326
0.0311
0.4951
0.6451
0.4974
0.6329
0.0311
0.5534
0.6634
0.5527
0.6526
0.0311
0.5590
0.6638
0.5537
0.6528
0.0311
0.6062
0.6902
0.6078
0.6864
0.0585
0.6424
0.7036
0.6449
0.7012
0.3362
0.6888
0.6976
0.6895
0.6944
0.5615
0.6890
0.7094
0.6893
0.7066
0.5610
0.6866
0.6993
0.6874
0.6948
0.4071
0.6866
0.6993
0.6874
0.6948
0.4071
0.6772
0.6986
0.6790
0.6939
0.3251
0.6285
0.6761
0.6283
0.6594
0.2056
0.5572
0.6737
0.5578
0.6569
0.1532
0.5488
0.6110
0.5477
0.5794
0.1329
0.4252
0.5599
0.4171
0.5112
0.1244
0.4192
0.5547
0.4114
0.5110
0.1244
0.3735
0.5218
0.3591
0.4780
0.1244
0.3640
0.5181
0.3390
0.4768
0.1244
0.1833
0.4663
0.1935
0.4115
0.1244
0.1833
0.4659
0.1935
0.4115
0.1244
0.1833
0.4659
0.1935
0.4115
0.1244
Rec
0.0330
0.3981
0.0330
0.3859
0.0362
0.2313
0.6091
0.2460
0.6005
0.0353
0.3108
0.6103
0.3173
0.6013
0.0311
0.4922
0.6427
0.4949
0.6326
0.0311
0.4951
0.6451
0.4974
0.6329
0.0311
0.5534
0.6634
0.5527
0.6526
0.0311
0.5590
0.6638
0.5537
0.6528
0.0311
0.6062
0.6902
0.6078
0.6864
0.0585
0.6424
0.7036
0.6449
0.7012
0.3362
0.6888
0.6976
0.6895
0.6944
0.5615
0.6890
0.7094
0.6893
0.7066
0.5610
0.6866
0.6993
0.6874
0.6948
0.4071
0.6866
0.6993
0.6874
0.6948
0.4071
0.6772
0.6986
0.6790
0.6939
0.3251
0.6285
0.6761
0.6283
0.6594
0.2056
0.5572
0.6737
0.5578
0.6569
0.1532
0.5488
0.6110
0.5477
0.5794
0.1329
0.4252
0.5599
0.4171
0.5112
0.1244
0.4192
0.5547
0.4114
0.5110
0.1244
0.3735
0.5218
0.3591
0.4780
0.1244
0.3640
0.5181
0.3390
0.4768
0.1244
0.1833
0.4663
0.1935
0.4115
0.1244
0.1833
0.4659
0.1935
0.4115
0.1244
0.1833
0.4659
0.1935
0.4115
0.1244
Abernathy
0.0330
0.3981
0.0330
0.3859
0.0362
0.2313
0.6091
0.2460
0.6005
0.0353
0.3108
0.6103
0.3173
0.6013
0.0311
0.4922
0.6427
0.4949
0.6326
0.0311
0.4951
0.6451
0.4974
0.6329
0.0311
0.5534
0.6634
0.5527
0.6526
0.0311
0.5590
0.6638
0.5537
0.6528
0.0311
0.6062
0.6902
0.6078
0.6864
0.0585
0.6424
0.7036
0.6449
0.7012
0.3362
0.6888
0.6976
0.6895
0.6944
0.5615
0.6890
0.7094
0.6893
0.7066
0.5610
0.6866
0.6993
0.6874
0.6948
0.4071
0.6866
0.6993
0.6874
0.6948
0.4071
0.6772
0.6986
0.6790
0.6939
0.3251
0.6285
0.6761
0.6283
0.6594
0.2056
0.5572
0.6737
0.5578
0.6569
0.1532
0.5488
0.6110
0.5477
0.5794
0.1329
0.4252
0.5599
0.4171
0.5112
0.1244
0.4192
0.5547
0.4114
0.5110
0.1244
0.3735
0.5218
0.3591
0.4780
0.1244
0.3640
0.5181
0.3390
0.4768
0.1244
0.1833
0.4663
0.1935
0.4115
0.1244
0.1833
0.4659
0.1935
0.4115
0.1244
0.1833
0.4659
0.1935
0.4115
0.1244
MTSU
0.0330
0.3981
0.0330
0.3859
0.0362
0.2313
0.6091
0.2460
0.6005
0.0353
0.3108
0.6103
0.3173
0.6013
0.0311
0.4922
0.6427
0.4949
0.6326
0.0311
0.4951
0.6451
0.4974
0.6329
0.0311
0.5534
0.6634
0.5527
0.6526
0.0311
0.5590
0.6638
0.5537
0.6528
0.0311
0.6062
0.6902
0.6078
0.6864
0.0585
0.6424
0.7036
0.6449
0.7012
0.3362
0.6888
0.6976
0.6895
0.6944
0.5615
0.6890
0.7094
0.6893
0.7066
0.5610
0.6866
0.6993
0.6874
0.6948
0.4071
0.6866
0.6993
0.6874
0.6948
0.4071
0.6772
0.6986
0.6790
0.6939
0.3251
0.6285
0.6761
0.6283
0.6594
0.2056
0.5572
0.6737
0.5578
0.6569
0.1532
0.5488
0.6110
0.5477
0.5794
0.1329
0.4252
0.5599
0.4171
0.5112
0.1244
0.4192
0.5547
0.4114
0.5110
0.1244
0.3735
0.5218
0.3591
0.4780
0.1244
0.3640
0.5181
0.3390
0.4768
0.1244
0.1833
0.4663
0.1935
0.4115
0.1244
0.1833
0.4659
0.1935
0.4115
0.1244
0.1833
0.4659
0.1935
0.4115
0.1244
Highland
0.0330
0.3981
0.0330
0.3859
0.0362
0.2313
0.6091
0.2460
0.6005
0.0353
0.3108
0.6103
0.3173
0.6013
0.0311
0.4922
0.6427
0.4949
0.6326
0.0311
0.4951
0.6451
0.4974
0.6329
0.0311
0.5534
0.6634
0.5527
0.6526
0.0311
0.5590
0.6638
0.5537
0.6528
0.0311
0.6062
0.6902
0.6078
0.6864
0.0585
0.6424
0.7036
0.6449
0.7012
0.3362
0.6888
0.6976
0.6895
0.6944
0.5615
0.6890
0.7094
0.6893
0.7066
0.5610
0.6866
0.6993
0.6874
0.6948
0.4071
0.6866
0.6993
0.6874
0.6948
0.4071
0.6772
0.6986
0.6790
0.6939
0.3251
0.6285
0.6761
0.6283
0.6594
0.2056
0.5572
0.6737
0.5578
0.6569
0.1532
0.5488
0.6110
0.5477
0.5794
0.1329
0.4252
0.5599
0.4171
0.5112
0.1244
0.4192
0.5547
0.4114
0.5110
0.1244
0.3735
0.5218
0.3591
0.4780
0.1244
0.3640
0.5181
0.3390
0.4768
0.1244
0.1833
0.4663
0.1935
0.4115
0.1244
0.1833
0.4659
0.1935
0.4115
0.1244
0.1833
0.4659
0.1935
0.4115
0.1244
MEC
0.0330
0.3981
0.0330
0.3859
0.0362
0.2313
0.6091
0.2460
0.6005
0.0353
0.3108
0.6103
0.3173
0.6013
0.0311
0.4922
0.6427
0.4949
0.6326
0.0311
0.4951
0.6451
0.4974
0.6329
0.0311
0.5534
0.6634
0.5527
0.6526
0.0311
0.5590
0.6638
0.5537
0.6528
0.0311
0.6062
0.6902
0.6078
0.6864
0.0585
0.6424
0.7036
0.6449
0.7012
0.3362
0.6888
0.6976
0.6895
0.6944
0.5615
0.6890
0.7094
0.6893
0.7066
0.5610
0.6866
0.6993
0.6874
0.6948
0.4071
0.6866
0.6993
0.6874
0.6948
0.4071
0.6772
0.6986
0.6790
0.6939
0.3251
0.6285
0.6761
0.6283
0.6594
0.2056
0.5572
0.6737
0.5578
0.6569
0.1532
0.5488
0.6110
0.5477
0.5794
0.1329
0.4252
0.5599
0.4171
0.5112
0.1244
0.4192
0.5547
0.4114
0.5110
0.1244
0.3735
0.5218
0.3591
0.4780
0.1244
0.3640
0.5181
0.3390
0.4768
0.1244
0.1833
0.4663
0.1935
0.4115
0.1244
0.1833
0.4659
0.1935
0.4115
0.1244
0.1833
0.4659
0.1935
0.4115
0.1244
Jackson
0.0330
0.3981
0.0330
0.3859
0.0362
0.2313
0.6091
0.2460
0.6005
0.0353
0.3108
0.6103
0.3173
0.6013
0.0311
0.4922
0.6427
0.4949
0.6326
0.0311
0.4951
0.6451
0.4974
0.6329
0.0311
0.5534
0.6634
0.5527
0.6526
0.0311
0.5590
0.6638
0.5537
0.6528
0.0311
0.6062
0.6902
0.6078
0.6864
0.0585
0.6424
0.7036
0.6449
0.7012
0.3362
0.6888
0.6976
0.6895
0.6944
0.5615
0.6890
0.7094
0.6893
0.7066
0.5610
0.6866
0.6993
0.6874
0.6948
0.4071
0.6866
0.6993
0.6874
0.6948
0.4071
0.6772
0.6986
0.6790
0.6939
0.3251
0.6285
0.6761
0.6283
0.6594
0.2056
0.5572
0.6737
0.5578
0.6569
0.1532
0.5488
0.6110
0.5477
0.5794
0.1329
0.4252
0.5599
0.4171
0.5112
0.1244
0.4192
0.5547
0.4114
0.5110
0.1244
0.3735
0.5218
0.3591
0.4780
0.1244
0.3640
0.5181
0.3390
0.4768
0.1244
0.1833
0.4663
0.1935
0.4115
0.1244
0.1833
0.4659
0.1935
0.4115
0.1244
0.1833
0.4659
0.1935
0.4115
0.1244
Livestock
0.0330
0.3981
0.0330
0.3859
0.0362
0.2313
0.6091
0.2460
0.6005
0.0353
0.3108
0.6103
0.3173
0.6013
0.0311
0.4922
0.6427
0.4949
0.6326
0.0311
0.4951
0.6451
0.4974
0.6329
0.0311
0.5534
0.6634
0.5527
0.6526
0.0311
0.5590
0.6638
0.5537
0.6528
0.0311
0.6062
0.6902
0.6078
0.6864
0.0585
0.6424
0.7036
0.6449
0.7012
0.3362
0.6888
0.6976
0.6895
0.6944
0.5615
0.6890
0.7094
0.6893
0.7066
0.5610
0.6866
0.6993
0.6874
0.6948
0.4071
0.6866
0.6993
0.6874
0.6948
0.4071
0.6772
0.6986
0.6790
0.6939
0.3251
0.6285
0.6761
0.6283
0.6594
0.2056
0.5572
0.6737
0.5578
0.6569
0.1532
0.5488
0.6110
0.5477
0.5794
0.1329
0.4252
0.5599
0.4171
0.5112
0.1244
0.4192
0.5547
0.4114
0.5110
0.1244
0.3735
0.5218
0.3591
0.4780
0.1244
0.3640
0.5181
0.3390
0.4768
0.1244
0.1833
0.4663
0.1935
0.4115
0.1244
0.1833
0.4659
0.1935
0.4115
0.1244
0.1833
0.4659
0.1935
0.4115
0.1244
Greenhouse
0.0330
0.3981
0.0330
0.3859
0.0362
0.2313
0.6091
0.2460
0.6005
0.0353
0.3108
0.6103
0.3173
0.6013
0.0311
0.4922
0.6427
0.4949
0.6326
0.0311
0.4951
0.6451
0.4974
0.6329
0.0311
0.5534
0.6634
0.5527
0.6526
0.0311
0.5590
0.6638
0.5537
0.6528
0.0311
0.6062
0.6902
0.6078
0.6864
0.0585
0.6424
0.7036
0.6449
0.7012
0.3362
0.6888
0.6976
0.6895
0.6944
0.5615
0.6890
0.7094
0.6893
0.7066
0.5610
0.6866
0.6993
0.6874
0.6948
0.4071
0.6866
0.6993
0.6874
0.6948
0.4071
0.6772
0.6986
0.6790
0.6939
0.3251
0.6285
0.6761
0.6283
0.6594
0.2056
0.5572
0.6737
0.5578
0.6569
0.1532
0.5488
0.6110
0.5477
0.5794
0.1329
0.4252
0.5599
0.4171
0.5112
0.1244
0.4192
0.5547
0.4114
0.5110
0.1244
0.3735
0.5218
0.3591
0.4780
0.1244
0.3640
0.5181
0.3390
0.4768
0.1244
0.1833
0.4663
0.1935
0.4115
0.1244
0.1833
0.4659
0.1935
0.4115
0.1244
0.1833
0.4659
0.1935
0.4115
0.1244
ChampionWayG
0.0330
0.3981
0.0330
0.3859
0.0362
0.2313
0.6091
0.2460
0.6005
0.0353
0.3108
0.6103
0.3173
0.6013
0.0311
0.4922
0.6427
0.4949
0.6326
0.0311
0.4951
0.6451
0.4974
0.6329
0.0311
0.5534
0.6634
0.5527
0.6526
0.0311
0.5590
0.6638
0.5537
0.6528
0.0311
0.6062
0.6902
0.6078
0.6864
0.0585
0.6424
0.7036
0.6449
0.7012
0.3362
0.6888
0.6976
0.6895
0.6944
0.5615
0.6890
0.7094
0.6893
0.7066
0.5610
0.6866
0.6993
0.6874
0.6948
0.4071
0.6866
0.6993
0.6874
0.6948
0.4071
0.6772
0.6986
0.6790
0.6939
0.3251
0.6285
0.6761
0.6283
0.6594
0.2056
0.5572
0.6737
0.5578
0.6569
0.1532
0.5488
0.6110
0.5477
0.5794
0.1329
0.4252
0.5599
0.4171
0.5112
0.1244
0.4192
0.5547
0.4114
0.5110
0.1244
0.3735
0.5218
0.3591
0.4780
0.1244
0.3640
0.5181
0.3390
0.4768
0.1244
0.1833
0.4663
0.1935
0.4115
0.1244
0.1833
0.4659
0.1935
0.4115
0.1244
0.1833
0.4659
0.1935
0.4115
0.1244
Greenland
0.0330
0.3981
0.0330
0.3859
0.0362
0.2313
0.6091
0.2460
0.6005
0.0353
0.3108
0.6103
0.3173
0.6013
0.0311
0.4922
0.6427
0.4949
0.6326
0.0311
0.4951
0.6451
0.4974
0.6329
0.0311
0.5534
0.6634
0.5527
0.6526
0.0311
0.5590
0.6638
0.5537
0.6528
0.0311
0.6062
0.6902
0.6078
0.6864
0.0585
0.6424
0.7036
0.6449
0.7012
0.3362
0.6888
0.6976
0.6895
0.6944
0.5615
0.6890
0.7094
0.6893
0.7066
0.5610
0.6866
0.6993
0.6874
0.6948
0.4071
0.6866
0.6993
0.6874
0.6948
0.4071
0.6772
0.6986
0.6790
0.6939
0.3251
0.6285
0.6761
0.6283
0.6594
0.2056
0.5572
0.6737
0.5578
0.6569
0.1532
0.5488
0.6110
0.5477
0.5794
0.1329
0.4252
0.5599
0.4171
0.5112
0.1244
0.4192
0.5547
0.4114
0.5110
0.1244
0.3735
0.5218
0.3591
0.4780
0.1244
0.3640
0.5181
0.3390
0.4768
0.1244
0.1833
0.4663
0.1935
0.4115
0.1244
0.1833
0.4659
0.1935
0.4115
0.1244
0.1833
0.4659
0.1935
0.4115
0.1244
MiddleTN
0.0330
0.3981
0.0330
0.3859
0.0362
0.2313
0.6091
0.2460
0.6005
0.0353
0.3108
0.6103
0.3173
0.6013
0.0311
0.4922
0.6427
0.4949
0.6326
0.0311
0.4951
0.6451
0.4974
0.6329
0.0311
0.5534
0.6634
0.5527
0.6526
0.0311
0.5590
0.6638
0.5537
0.6528
0.0311
0.6062
0.6902
0.6078
0.6864
0.0585
0.6424
0.7036
0.6449
0.7012
0.3362
0.6888
0.6976
0.6895
0.6944
0.5615
0.6890
0.7094
0.6893
0.7066
0.5610
0.6866
0.6993
0.6874
0.6948
0.4071
0.6866
0.6993
0.6874
0.6948
0.4071
0.6772
0.6986
0.6790
0.6939
0.3251
0.6285
0.6761
0.6283
0.6594
0.2056
0.5572
0.6737
0.5578
0.6569
0.1532
0.5488
0.6110
0.5477
0.5794
0.1329
0.4252
0.5599
0.4171
0.5112
0.1244
0.4192
0.5547
0.4114
0.5110
0.1244
0.3735
0.5218
0.3591
0.4780
0.1244
0.3640
0.5181
0.3390
0.4768
0.1244
0.1833
0.4663
0.1935
0.4115
0.1244
0.1833
0.4659
0.1935
0.4115
0.1244
0.1833
0.4659
0.1935
0.4115
0.1244
