Rose
0.0
0.368
0.0
0.3467
0.0
0.1656
0.7397
0.1744
0.7319
0.0
0.2169
0.7412
0.2278
0.7325
0.0
0.5352
0.7781
0.5398
0.7675
0.0
0.5404
0.7806
0.5443
0.7677
0.0
0.6465
0.7982
0.645
0.788
0.0
0.6567
0.7986
0.6469
0.7882
0.0
0.7363
0.8243
0.7383
0.8184
0.0182
0.7778
0.8438
0.7804
0.8405
0.26
0.8221
0.8352
0.8231
0.8307
0.6614
0.8224
0.8516
0.8229
0.8478
0.6603
0.8188
0.8377
0.8199
0.8311
0.3837
0.8188
0.8377
0.8199
0.8311
0.3837
0.8102
0.8366
0.8118
0.8298
0.2415
0.7629
0.8093
0.7626
0.7944
0.1513
0.6535
0.8072
0.6546
0.792
0.1238
0.6382
0.7419
0.636
0.6944
0.1135
0.4159
0.6579
0.4014
0.5694
0.1086
0.4053
0.6486
0.3913
0.5691
0.1086
0.3251
0.5882
0.3001
0.5094
0.1086
0.3086
0.5814
0.2654
0.5072
0.1086
0.1393
0.488
0.1447
0.3912
0.1086
0.1393
0.4872
0.1447
0.3912
0.1086
0.1393
0.4872
0.1447
0.3912
0.1086
FairView
0.0555
0.4098
0.0555
0.3907
0.0545
0.231
0.7409
0.2386
0.7349
0.0548
0.2748
0.7422
0.2845
0.7353
0.0561
0.5592
0.7733
0.5634
0.7643
0.0561
0.5639
0.7753
0.5674
0.7645
0.0561
0.6587
0.7902
0.6574
0.7816
0.0561
0.6678
0.7905
0.6591
0.7818
0.0561
0.7381
0.8123
0.7397
0.8073
0.0907
0.7731
0.8287
0.7753
0.826
0.3129
0.8105
0.8215
0.8113
0.8177
0.6719
0.8108
0.8353
0.8112
0.8321
0.6711
0.8077
0.8235
0.8086
0.818
0.4237
0.8077
0.8235
0.8086
0.818
0.4237
0.8006
0.8226
0.8018
0.8169
0.2967
0.7606
0.7995
0.7604
0.7871
0.2189
0.6649
0.7978
0.6659
0.785
0.1955
0.6513
0.7426
0.6493
0.7014
0.1862
0.4527
0.6689
0.4396
0.5899
0.1813
0.4432
0.6606
0.4305
0.5896
0.1813
0.3715
0.6066
0.3491
0.5363
0.1813
0.3568
0.6006
0.3182
0.5344
0.1813
0.2087
0.5169
0.2132
0.4306
0.1813
0.2087
0.5162
0.2132
0.4306
0.1813
0.2087
0.5162
0.2132
0.4306
0.1813
Bell
0.2738
0.6205
0.2736
0.6101
0.2679
0.5278
0.7949
0.5314
0.7963
0.2695
0.5466
0.7951
0.5521
0.7961
0.2774
0.7014
0.799
0.7037
0.7977
0.2774
0.704
0.7992
0.7059
0.7978
0.2774
0.7556
0.8012
0.7548
0.8
0.2774
0.7606
0.8012
0.7557
0.8001
0.2774
0.7944
0.8041
0.7943
0.8034
0.3975
0.799
0.8064
0.7991
0.806
0.5664
0.8039
0.8054
0.8039
0.8049
0.7624
0.8042
0.8072
0.804
0.8068
0.7621
0.8038
0.8055
0.8038
0.8049
0.6271
0.8038
0.8055
0.8038
0.8049
0.6271
0.803
0.8054
0.803
0.8048
0.5582
0.7978
0.8023
0.7976
0.8008
0.5226
0.7588
0.8021
0.7591
0.8005
0.5125
0.7515
0.7947
0.7501
0.7787
0.5064
0.6438
0.7615
0.6361
0.7187
0.5009
0.6387
0.757
0.6312
0.7186
0.5009
0.5997
0.7278
0.587
0.6898
0.5009
0.5917
0.7245
0.5704
0.6887
0.5009
0.5184
0.6785
0.5203
0.6319
0.5009
0.5184
0.6781
0.5203
0.6319
0.5009
0.5184
0.6781
0.5203
0.6319
0.5009
IngramN
0.3506
0.7023
0.3504
0.6949
0.3428
0.6387
0.822
0.641
0.8261
0.3449
0.6495
0.8218
0.6535
0.8257
0.3554
0.7593
0.8154
0.761
0.8171
0.3554
0.7611
0.815
0.7625
0.8171
0.3554
0.7978
0.8121
0.7972
0.8137
0.3554
0.8013
0.812
0.7978
0.8137
0.3554
0.8225
0.8077
0.8217
0.8086
0.5091
0.8155
0.8046
0.8148
0.8052
0.6631
0.8081
0.806
0.8078
0.8068
0.8024
0.8083
0.8032
0.808
0.804
0.8023
0.809
0.8054
0.8086
0.8066
0.7063
0.809
0.8054
0.8086
0.8066
0.7063
0.8105
0.8057
0.8101
0.8069
0.6575
0.8184
0.81
0.8183
0.8127
0.6357
0.8
0.8104
0.8001
0.8131
0.6299
0.7948
0.8212
0.7937
0.8142
0.6247
0.7187
0.8022
0.7129
0.772
0.6188
0.7151
0.7991
0.7094
0.7719
0.6188
0.6874
0.7784
0.6781
0.7516
0.6188
0.6818
0.7761
0.6665
0.7508
0.6188
0.6333
0.7432
0.6344
0.7104
0.6188
0.6333
0.743
0.6344
0.7104
0.6188
0.6333
0.743
0.6344
0.7104
0.6188
IngramS
0.3516
0.7532
0.3514
0.7456
0.3426
0.6831
0.8753
0.6862
0.8802
0.345
0.6992
0.8749
0.7032
0.8797
0.3572
0.8118
0.8637
0.8135
0.8668
0.3572
0.8137
0.8629
0.8151
0.8668
0.3572
0.8513
0.8578
0.8506
0.8608
0.3572
0.8549
0.8577
0.8513
0.8607
0.3572
0.8762
0.85
0.8752
0.8517
0.534
0.8638
0.8443
0.8629
0.8453
0.7134
0.8507
0.8469
0.8503
0.8482
0.8561
0.8508
0.842
0.8505
0.8432
0.8559
0.8519
0.846
0.8515
0.848
0.7576
0.8519
0.846
0.8515
0.848
0.7576
0.8546
0.8464
0.854
0.8485
0.7075
0.8687
0.8543
0.8686
0.8589
0.6786
0.8536
0.855
0.8537
0.8596
0.6699
0.8482
0.8742
0.8472
0.8681
0.6635
0.7701
0.8557
0.7643
0.8246
0.6568
0.7663
0.8524
0.7607
0.8245
0.6568
0.738
0.8312
0.7286
0.8036
0.6568
0.7322
0.8288
0.7165
0.8029
0.6568
0.675
0.7952
0.6766
0.7615
0.6568
0.675
0.795
0.6766
0.7615
0.6568
0.675
0.795
0.6766
0.7615
0.6568
ParkingServ
0.5058
0.8225
0.5057
0.8214
0.4953
0.8243
0.8292
0.8231
0.8381
0.4981
0.814
0.8282
0.8149
0.8373
0.5124
0.8297
0.8054
0.8301
0.8119
0.5124
0.8301
0.8038
0.8303
0.8117
0.5124
0.8355
0.7931
0.8352
0.7993
0.5124
0.836
0.7929
0.8353
0.7992
0.5124
0.8311
0.777
0.8293
0.7806
0.7139
0.8055
0.7652
0.8037
0.7673
0.8148
0.7783
0.7704
0.7776
0.7732
0.8356
0.7784
0.7603
0.7779
0.7628
0.8357
0.7807
0.7688
0.7799
0.7729
0.8214
0.7807
0.7688
0.7799
0.7729
0.8214
0.7861
0.7695
0.785
0.7738
0.8146
0.8152
0.7861
0.8152
0.7953
0.827
0.8355
0.7874
0.8353
0.7969
0.8325
0.8349
0.8273
0.8345
0.8378
0.8302
0.8246
0.8368
0.8231
0.8327
0.8243
0.8242
0.8364
0.8226
0.8327
0.8243
0.8202
0.8336
0.8183
0.8301
0.8243
0.8194
0.8333
0.8169
0.8299
0.8243
0.8296
0.828
0.8285
0.8238
0.8243
0.8296
0.828
0.8285
0.8238
0.8243
0.8296
0.828
0.8285
0.8238
0.8243
MainSt
0.556
0.8322
0.5558
0.8333
0.5453
0.8591
0.8005
0.8563
0.8106
0.5482
0.8389
0.7995
0.8387
0.8097
0.5627
0.8222
0.774
0.8222
0.7813
0.5627
0.8221
0.7723
0.822
0.7811
0.5627
0.8167
0.7603
0.8166
0.7673
0.5627
0.8162
0.7601
0.8165
0.7671
0.5627
0.8027
0.7424
0.8007
0.7464
0.7664
0.7742
0.7292
0.7721
0.7315
0.8353
0.7438
0.735
0.7431
0.7382
0.8153
0.7439
0.7238
0.7433
0.7265
0.8156
0.7465
0.7332
0.7456
0.7378
0.8293
0.7465
0.7332
0.7456
0.7378
0.8293
0.7525
0.734
0.7513
0.7388
0.8369
0.7849
0.7525
0.7849
0.7628
0.8646
0.8161
0.754
0.8157
0.7646
0.8755
0.817
0.7986
0.8168
0.8142
0.8749
0.8294
0.8171
0.8293
0.822
0.8694
0.83
0.8176
0.8299
0.822
0.8694
0.8342
0.8209
0.8348
0.8254
0.8694
0.8351
0.8213
0.837
0.8255
0.8694
0.8695
0.8256
0.8675
0.8312
0.8694
0.8695
0.8256
0.8675
0.8312
0.8694
0.8695
0.8256
0.8675
0.8312
0.8694
PublicSafety
0.5253
0.935
0.5251
0.9343
0.512
0.9315
0.9337
0.9315
0.9446
0.5156
0.9292
0.9322
0.9298
0.9437
0.5336
0.9399
0.8982
0.9401
0.908
0.5336
0.9401
0.8959
0.9403
0.9078
0.5336
0.9437
0.8798
0.9436
0.8892
0.5336
0.9441
0.8795
0.9436
0.889
0.5336
0.9367
0.8558
0.9345
0.8612
0.7853
0.8985
0.8381
0.896
0.8412
0.9296
0.8579
0.8459
0.8569
0.8501
0.9437
0.8578
0.8308
0.8572
0.8345
0.9439
0.8612
0.8436
0.8601
0.8497
0.9342
0.8612
0.8436
0.8601
0.8497
0.9342
0.8692
0.8446
0.8677
0.851
0.9296
0.9126
0.8695
0.9128
0.8833
0.932
0.9438
0.8714
0.9436
0.8855
0.9332
0.9434
0.9312
0.943
0.9453
0.9288
0.9365
0.9447
0.9354
0.9419
0.9214
0.9362
0.9444
0.9351
0.9419
0.9214
0.9335
0.9425
0.9321
0.9402
0.9214
0.933
0.9423
0.9312
0.9401
0.9214
0.9327
0.9387
0.9324
0.9359
0.9214
0.9327
0.9386
0.9324
0.9359
0.9214
0.9327
0.9386
0.9324
0.9359
0.9214
CollegeHeights
0.6762
0.8564
0.676
0.8627
0.665
0.9435
0.7333
0.9368
0.7461
0.668
0.8996
0.7319
0.8968
0.7449
0.6831
0.8056
0.7002
0.8045
0.7093
0.6831
0.8041
0.698
0.8032
0.7091
0.6831
0.7731
0.683
0.7734
0.6917
0.6831
0.77
0.6827
0.7729
0.6915
0.6831
0.736
0.6606
0.7337
0.6656
0.8931
0.7003
0.6441
0.6979
0.6469
0.8857
0.6624
0.6513
0.6614
0.6553
0.768
0.6623
0.6373
0.6617
0.6407
0.7686
0.6656
0.6492
0.6645
0.6549
0.8494
0.6656
0.6492
0.6645
0.6549
0.8494
0.673
0.6501
0.6716
0.6561
0.8915
0.7136
0.6734
0.7137
0.6862
0.9555
0.7707
0.6752
0.7701
0.6883
0.9791
0.7754
0.7311
0.7758
0.7592
0.9825
0.8418
0.771
0.8454
0.7973
0.9779
0.8451
0.7738
0.8485
0.7974
0.9779
0.8687
0.7918
0.8755
0.8154
0.9779
0.8737
0.7939
0.8861
0.816
0.9779
0.966
0.8208
0.9615
0.8499
0.9779
0.966
0.8211
0.9615
0.8499
0.9779
0.966
0.8211
0.9615
0.8499
0.9779
SportsPlex
0.5489
1.0
0.5486
1.0
0.5339
1.0
0.9853
1.0
0.9976
0.5379
1.0
0.9836
1.0
0.9966
0.5581
1.0
0.9428
1.0
0.9546
0.5581
1.0
0.9401
1.0
0.9543
0.5581
1.0
0.9206
1.0
0.9319
0.5581
1.0
0.9202
1.0
0.9317
0.5581
0.9894
0.8918
0.9871
0.8983
0.8395
0.9433
0.8702
0.9405
0.8739
1.0
0.8943
0.8797
0.8933
0.8848
1.0
0.894
0.8615
0.8935
0.8658
1.0
0.8979
0.877
0.8968
0.8842
1.0
0.8979
0.877
0.8968
0.8842
1.0
0.9074
0.8781
0.9057
0.8857
1.0
0.9597
0.9083
0.9601
0.9248
1.0
1.0
0.9106
1.0
0.9275
1.0
1.0
0.9828
1.0
1.0
0.9947
1.0
1.0
1.0
1.0
0.9866
1.0
1.0
1.0
1.0
0.9866
1.0
1.0
1.0
1.0
0.9866
1.0
1.0
1.0
1.0
0.9866
1.0
1.0
1.0
1.0
0.9866
1.0
1.0
1.0
1.0
0.9866
1.0
1.0
1.0
1.0
0.9866
CityView
0.5259
0.8707
0.5257
0.8702
0.514
0.8765
0.8661
0.875
0.8761
0.5172
0.8676
0.8649
0.8678
0.8752
0.5332
0.874
0.837
0.8742
0.8451
0.5332
0.8741
0.8352
0.8743
0.8449
0.5332
0.8763
0.8218
0.8763
0.8296
0.5332
0.8765
0.8216
0.8764
0.8294
0.5332
0.8691
0.8021
0.8675
0.8066
0.7574
0.8374
0.7873
0.8355
0.7898
0.8686
0.8038
0.7938
0.8032
0.7973
0.8767
0.8036
0.7813
0.8033
0.7842
0.8766
0.8062
0.7919
0.8055
0.7969
0.871
0.8062
0.7919
0.8055
0.7969
0.871
0.8127
0.7927
0.8116
0.7979
0.8681
0.8485
0.8134
0.8488
0.8247
0.8789
0.8765
0.815
0.8765
0.8265
0.8838
0.8762
0.8645
0.8761
0.8774
0.8808
0.8716
0.8767
0.8714
0.8748
0.8743
0.8714
0.8765
0.8712
0.8748
0.8743
0.8697
0.8753
0.8693
0.8735
0.8743
0.8694
0.8751
0.8686
0.8735
0.8743
0.8811
0.8733
0.8802
0.8712
0.8743
0.8811
0.8733
0.8802
0.8712
0.8743
0.8811
0.8733
0.8802
0.8712
0.8743
GreekRow
0.4595
0.673
0.4593
0.6706
0.4523
0.6712
0.7081
0.6685
0.7138
0.4543
0.6555
0.7078
0.6568
0.7132
0.4638
0.6924
0.7007
0.693
0.7028
0.4638
0.693
0.7002
0.6936
0.7027
0.4638
0.7053
0.6967
0.7053
0.6988
0.4638
0.7066
0.6967
0.7055
0.6987
0.4638
0.7092
0.6917
0.7088
0.6928
0.6018
0.7008
0.6877
0.7004
0.6884
0.6609
0.6921
0.6895
0.692
0.6904
0.7072
0.6919
0.6862
0.6919
0.6869
0.707
0.6926
0.689
0.6924
0.6903
0.675
0.6926
0.689
0.6924
0.6903
0.675
0.6942
0.6892
0.694
0.6905
0.6584
0.7035
0.6946
0.7036
0.6975
0.6756
0.7062
0.695
0.7064
0.6979
0.6842
0.7044
0.7079
0.7042
0.7111
0.6836
0.6785
0.7069
0.677
0.6964
0.6793
0.6772
0.7058
0.6758
0.6963
0.6793
0.668
0.6987
0.6652
0.6894
0.6793
0.6661
0.698
0.6611
0.6891
0.6793
0.6793
0.6874
0.6778
0.6758
0.6793
0.6793
0.6873
0.6778
0.6758
0.6793
0.6793
0.6873
0.6778
0.6758
0.6793
Rutherford
0.3555
0.7694
0.3553
0.762
0.3459
0.6991
0.8908
0.7019
0.8959
0.3485
0.7165
0.8903
0.7202
0.8955
0.3613
0.8284
0.8777
0.83
0.8814
0.3613
0.8302
0.8769
0.8316
0.8813
0.3613
0.8674
0.8708
0.867
0.8743
0.3613
0.871
0.8707
0.8676
0.8743
0.3613
0.8924
0.8618
0.8918
0.8639
0.547
0.8779
0.855
0.8771
0.8561
0.7322
0.8625
0.858
0.8623
0.8596
0.8729
0.8623
0.8523
0.8623
0.8536
0.8724
0.8635
0.8572
0.8632
0.8594
0.7754
0.8635
0.8572
0.8632
0.8594
0.7754
0.8664
0.8575
0.8659
0.8598
0.7253
0.8827
0.867
0.8829
0.8721
0.6942
0.87
0.8677
0.8705
0.8729
0.685
0.8646
0.8903
0.8639
0.8844
0.678
0.7862
0.8715
0.7813
0.8401
0.6711
0.7824
0.8681
0.7778
0.84
0.6711
0.7542
0.8468
0.7456
0.8188
0.6711
0.7484
0.8444
0.7333
0.8181
0.6711
0.6901
0.8119
0.692
0.7775
0.6711
0.6901
0.8116
0.692
0.7775
0.6711
0.6901
0.8116
0.692
0.7775
0.6711
Softball
0.4497
0.5395
0.4497
0.5372
0.4458
0.5512
0.5741
0.5464
0.5777
0.4469
0.5232
0.5743
0.5244
0.5772
0.4521
0.5575
0.5801
0.5581
0.5785
0.4521
0.5581
0.5804
0.5586
0.5785
0.4521
0.5695
0.583
0.5695
0.5816
0.4521
0.5707
0.5831
0.5697
0.5816
0.4521
0.5741
0.5871
0.5743
0.5862
0.5304
0.5801
0.5899
0.5806
0.5894
0.5283
0.5867
0.5886
0.5869
0.588
0.5713
0.5866
0.5911
0.5868
0.5905
0.5711
0.586
0.589
0.5863
0.588
0.5414
0.586
0.589
0.5863
0.588
0.5414
0.5846
0.5888
0.5849
0.5877
0.5258
0.5775
0.5848
0.5775
0.5825
0.5589
0.5704
0.5845
0.5706
0.5821
0.5742
0.5687
0.5747
0.5685
0.575
0.5766
0.5445
0.5711
0.5431
0.5612
0.5741
0.5434
0.57
0.5421
0.5612
0.5741
0.5347
0.5635
0.5322
0.5547
0.5741
0.533
0.5628
0.5284
0.5545
0.5741
0.5656
0.5529
0.5628
0.5421
0.5741
0.5656
0.5528
0.5628
0.5421
0.5741
0.5656
0.5528
0.5628
0.5421
0.5741
Ezell
1.0
0.4004
1.0
0.4228
1.0
0.7226
0.0
0.6957
0.0125
1.0
0.5594
0.0
0.5486
0.011
1.0
0.2218
0.0
0.2175
0.0
1.0
0.2164
0.0
0.2127
0.0
1.0
0.1042
0.0
0.106
0.0
1.0
0.0935
0.0
0.1041
0.0
1.0
0.0006
0.0
0.0
0.0
0.9927
0.0
0.0
0.0
0.0
0.513
0.0
0.0
0.0
0.0
0.0882
0.0
0.0
0.0
0.0
0.0894
0.0
0.0
0.0
0.0
0.382
0.0
0.0
0.0
0.0
0.382
0.0
0.0
0.0
0.0
0.5324
0.0
0.0
0.0
0.0
0.7677
0.0965
0.0
0.0954
0.0
0.856
0.1128
0.0
0.1151
0.054
0.883
0.349
0.0938
0.364
0.1875
0.8886
0.3604
0.1037
0.3748
0.1878
0.8886
0.4456
0.168
0.4716
0.2515
0.8886
0.4631
0.1752
0.5086
0.2538
0.8886
0.8065
0.2738
0.7898
0.3764
0.8886
0.8065
0.2746
0.7898
0.3764
0.8886
0.8065
0.2746
0.7898
0.3764
0.8886
MtsuBlvdG
0.6321
0.3941
0.6321
0.4004
0.6319
0.5226
0.2786
0.5086
0.2837
0.6319
0.4391
0.2792
0.4361
0.283
0.6322
0.3436
0.2923
0.3424
0.2886
0.6322
0.342
0.2932
0.3411
0.2887
0.6322
0.3103
0.2994
0.3109
0.2958
0.6322
0.3073
0.2995
0.3104
0.2959
0.6322
0.2781
0.3086
0.2786
0.3066
0.6375
0.2923
0.3154
0.2934
0.3142
0.4264
0.3079
0.3124
0.3083
0.3108
0.3059
0.3079
0.3182
0.3082
0.3168
0.3062
0.3066
0.3133
0.307
0.3109
0.3891
0.3066
0.3133
0.307
0.3109
0.3891
0.3035
0.3129
0.3041
0.3104
0.4316
0.2868
0.3033
0.2868
0.298
0.5457
0.3082
0.3025
0.308
0.2971
0.591
0.3128
0.2796
0.3135
0.2962
0.604
0.3795
0.3075
0.3839
0.3338
0.6057
0.3827
0.3102
0.3869
0.3339
0.6057
0.4068
0.3285
0.4143
0.3519
0.6057
0.4118
0.3305
0.4247
0.3525
0.6057
0.5656
0.3586
0.557
0.3873
0.6057
0.5656
0.3588
0.557
0.3873
0.6057
0.5656
0.3588
0.557
0.3873
0.6057
Rec
0.8349
0.4179
0.8349
0.433
0.8343
0.6504
0.1467
0.6297
0.1561
0.8345
0.5252
0.1468
0.518
0.155
0.8353
0.2977
0.1508
0.2948
0.1497
0.8353
0.294
0.1511
0.2916
0.1497
0.8353
0.2184
0.153
0.2196
0.1519
0.8353
0.2112
0.153
0.2183
0.1519
0.8353
0.147
0.1558
0.1468
0.1552
0.8429
0.1509
0.1578
0.1513
0.1575
0.4942
0.1556
0.1569
0.1558
0.1564
0.2077
0.1556
0.1586
0.1557
0.1582
0.2085
0.1551
0.1572
0.1553
0.1565
0.4058
0.1551
0.1572
0.1553
0.1565
0.4058
0.1542
0.157
0.1544
0.1563
0.5071
0.1492
0.1542
0.1492
0.1526
0.6851
0.2133
0.1539
0.2125
0.1523
0.7528
0.2242
0.147
0.2258
0.1846
0.7731
0.3833
0.2113
0.3935
0.2743
0.7766
0.3909
0.2179
0.4008
0.2746
0.7766
0.4484
0.2613
0.4661
0.3175
0.7766
0.4602
0.2662
0.491
0.319
0.7766
0.7148
0.3327
0.702
0.4018
0.7766
0.7148
0.3333
0.702
0.4018
0.7766
0.7148
0.3333
0.702
0.4018
0.7766
Abernathy
0.8686
0.688
0.8685
0.7035
0.8616
0.9005
0.4063
0.8837
0.4204
0.8635
0.7966
0.4053
0.7893
0.419
0.873
0.5648
0.3828
0.5619
0.3893
0.873
0.5611
0.3813
0.5586
0.3892
0.873
0.4842
0.3707
0.4853
0.3769
0.873
0.4768
0.3704
0.484
0.3767
0.873
0.4085
0.3548
0.4067
0.3583
1.0
0.3829
0.343
0.3812
0.345
0.7645
0.356
0.3482
0.3554
0.3509
0.473
0.3559
0.3382
0.3555
0.3406
0.4739
0.3582
0.3467
0.3575
0.3507
0.6745
0.3582
0.3467
0.3575
0.3507
0.6745
0.3634
0.3474
0.3625
0.3515
0.7779
0.3922
0.3639
0.3923
0.373
0.929
0.4788
0.3652
0.4779
0.3745
0.9851
0.4901
0.4049
0.4915
0.4498
1.0
0.6526
0.4775
0.6626
0.5419
1.0
0.6604
0.4843
0.6701
0.5421
1.0
0.7189
0.5285
0.7366
0.586
1.0
0.731
0.5335
0.7622
0.5875
1.0
0.9537
0.601
0.9432
0.6716
1.0
0.9537
0.6016
0.9432
0.6716
1.0
0.9537
0.6016
0.9432
0.6716
1.0
MTSU
0.2858
0.4721
0.2858
0.4629
0.2834
0.4063
0.6295
0.4062
0.6289
0.284
0.4068
0.6302
0.4114
0.6288
0.2872
0.5445
0.6479
0.5465
0.6429
0.2872
0.5467
0.6491
0.5485
0.643
0.2872
0.5926
0.6573
0.5921
0.6526
0.2872
0.5971
0.6575
0.5929
0.6527
0.2872
0.6283
0.6697
0.6293
0.667
0.3418
0.6477
0.6788
0.6491
0.6772
0.4262
0.6686
0.6748
0.6691
0.6726
0.5994
0.6685
0.6825
0.6689
0.6806
0.5987
0.6668
0.676
0.6674
0.6728
0.4793
0.6668
0.676
0.6674
0.6728
0.4793
0.6626
0.6754
0.6635
0.6721
0.4176
0.6403
0.6627
0.6402
0.6556
0.4061
0.5958
0.6617
0.5963
0.6544
0.4062
0.5891
0.6309
0.5882
0.6136
0.4039
0.4926
0.5978
0.4867
0.5591
0.4006
0.488
0.5936
0.4823
0.5589
0.4006
0.4533
0.5674
0.4428
0.533
0.4006
0.4462
0.5645
0.4276
0.5321
0.4006
0.4061
0.5245
0.4062
0.4821
0.4006
0.4061
0.5242
0.4062
0.4821
0.4006
0.4061
0.5242
0.4062
0.4821
0.4006
Highland
0.1367
0.7132
0.1365
0.6964
0.1283
0.535
1.0
0.5449
1.0
0.1306
0.5938
1.0
0.6023
1.0
0.1418
0.8455
1.0
0.8491
1.0
0.1418
0.8496
1.0
0.8526
1.0
0.1418
0.9334
1.0
0.9322
1.0
0.1418
0.9415
1.0
0.9337
1.0
0.1418
1.0
1.0
1.0
1.0
0.3101
1.0
1.0
1.0
1.0
0.6278
1.0
1.0
1.0
1.0
0.9452
1.0
1.0
1.0
1.0
0.9444
1.0
1.0
1.0
1.0
0.7256
1.0
1.0
1.0
1.0
0.7256
1.0
1.0
1.0
1.0
0.6132
1.0
1.0
1.0
1.0
0.5185
0.939
1.0
0.9398
1.0
0.4869
0.9269
1.0
0.9251
0.9713
0.4731
0.7511
0.9425
0.7395
0.8724
0.4646
0.7427
0.9351
0.7315
0.8722
0.4646
0.6792
0.8873
0.6594
0.8249
0.4646
0.6662
0.882
0.632
0.8232
0.4646
0.5047
0.8081
0.5108
0.7315
0.4646
0.5047
0.8075
0.5108
0.7315
0.4646
0.5047
0.8075
0.5108
0.7315
0.4646
MEC
0.1214
0.6686
0.1212
0.6513
0.1141
0.4885
0.9645
0.4982
0.9636
0.1161
0.5458
0.9647
0.5546
0.9637
0.1258
0.8046
0.9694
0.8083
0.9681
0.1258
0.8088
0.9697
0.8119
0.9681
0.1258
0.895
0.972
0.8938
0.9707
0.1258
0.9033
0.972
0.8953
0.9707
0.1258
0.9641
0.9753
0.9643
0.9745
0.2746
0.9694
0.9778
0.9697
0.9774
0.5808
0.975
0.9767
0.9751
0.9761
0.9071
0.9751
0.9788
0.9751
0.9783
0.9062
0.9746
0.977
0.9747
0.9762
0.6813
0.9746
0.977
0.9747
0.9762
0.6813
0.9735
0.9769
0.9737
0.976
0.5658
0.9675
0.9734
0.9675
0.9715
0.4725
0.9007
0.9731
0.9015
0.9712
0.4417
0.8883
0.9648
0.8864
0.9339
0.4284
0.7076
0.9044
0.6957
0.8323
0.4204
0.6989
0.8967
0.6875
0.8321
0.4204
0.6337
0.8476
0.6133
0.7835
0.4204
0.6203
0.8421
0.5852
0.7818
0.4204
0.459
0.7662
0.465
0.6875
0.4204
0.459
0.7655
0.465
0.6875
0.4204
0.459
0.7655
0.465
0.6875
0.4204
Jackson
0.1081
0.6707
0.1079
0.6528
0.1008
0.4832
0.9771
0.4934
0.9759
0.1027
0.5437
0.9773
0.5528
0.976
0.1125
0.8113
0.9822
0.8152
0.9808
0.1125
0.8157
0.9826
0.819
0.9808
0.1125
0.9049
0.9849
0.9036
0.9836
0.1125
0.9135
0.985
0.9052
0.9836
0.1125
0.9766
0.9884
0.9769
0.9876
0.2629
0.9822
0.991
0.9825
0.9906
0.5799
0.9881
0.9899
0.9882
0.9893
0.9174
0.9881
0.9921
0.9882
0.9916
0.9165
0.9876
0.9902
0.9878
0.9893
0.6839
0.9876
0.9902
0.9878
0.9893
0.6839
0.9865
0.9901
0.9867
0.9891
0.5644
0.9801
0.9864
0.9801
0.9844
0.4663
0.9108
0.9861
0.9117
0.9841
0.4338
0.8979
0.9774
0.896
0.9452
0.42
0.711
0.9145
0.6987
0.84
0.4118
0.702
0.9067
0.6902
0.8397
0.4118
0.6346
0.8558
0.6135
0.7895
0.4118
0.6207
0.8502
0.5843
0.7877
0.4118
0.4521
0.7717
0.4584
0.6902
0.4118
0.4521
0.771
0.4584
0.6902
0.4118
0.4521
0.771
0.4584
0.6902
0.4118
Livestock
0.1056
0.1106
0.1056
0.0952
0.1118
0.0
0.3853
0.0
0.3759
0.1101
0.0007
0.3877
0.0085
0.3764
0.1017
0.2324
0.4453
0.2357
0.4287
0.1017
0.2362
0.4491
0.2389
0.4291
0.1017
0.3134
0.4764
0.3123
0.4606
0.1017
0.3208
0.477
0.3136
0.461
0.1017
0.3804
0.5171
0.3834
0.508
0.0
0.4448
0.5473
0.4489
0.5422
0.0323
0.5136
0.534
0.5151
0.5269
0.3242
0.5139
0.5594
0.5147
0.5535
0.3234
0.5084
0.5377
0.51
0.5276
0.1222
0.5084
0.5377
0.51
0.5276
0.1222
0.495
0.536
0.4974
0.5254
0.0188
0.4215
0.4936
0.421
0.4705
0.0
0.3185
0.4903
0.3193
0.4667
0.0
0.3074
0.3888
0.3058
0.3483
0.0
0.1455
0.3215
0.135
0.2571
0.0
0.1378
0.3147
0.1277
0.2569
0.0
0.0793
0.2706
0.0613
0.2133
0.0
0.0673
0.2657
0.036
0.2118
0.0
0.0
0.1978
0.0
0.1274
0.0
0.0
0.1973
0.0
0.1274
0.0
0.0
0.1973
0.0
0.1274
0.0
Greenhouse
0.4464
0.0
0.4465
0.0
0.4556
0.0853
0.0044
0.0708
0.0
0.4531
0.0
0.0067
0.0
0.0
0.4407
0.0
0.0631
0.0
0.0468
0.4407
0.0
0.0668
0.0
0.0472
0.4407
0.0
0.0935
0.0
0.0781
0.4407
0.0
0.0941
0.0
0.0784
0.4407
0.0
0.1333
0.0027
0.1244
0.2758
0.0627
0.1629
0.0668
0.1579
0.0
0.1301
0.1499
0.1315
0.143
0.0
0.1304
0.1748
0.1312
0.169
0.0
0.1249
0.1535
0.1265
0.1436
0.0
0.1249
0.1535
0.1265
0.1436
0.0
0.1119
0.1518
0.1142
0.1415
0.0
0.0399
0.1103
0.0395
0.0877
0.1095
0.0
0.107
0.0
0.0839
0.1559
0.0
0.0076
0.0
0.0
0.1717
0.0
0.0
0.0
0.0
0.1771
0.0
0.0
0.0
0.0
0.1771
0.0
0.0
0.0
0.0
0.1771
0.0
0.0
0.0
0.0
0.1771
0.1298
0.0
0.1209
0.0
0.1771
0.1298
0.0
0.1209
0.0
0.1771
0.1298
0.0
0.1209
0.0
0.1771
ChampionWayG
0.2281
0.0748
0.2281
0.065
0.2353
0.0342
0.2521
0.0292
0.2446
0.2334
0.0043
0.2545
0.0093
0.2449
0.2236
0.1527
0.3112
0.1547
0.2948
0.2236
0.1552
0.3149
0.1568
0.2952
0.2236
0.2047
0.3419
0.2038
0.3263
0.2236
0.2093
0.3424
0.2047
0.3267
0.2236
0.2473
0.382
0.25
0.373
0.1003
0.3107
0.4119
0.3147
0.4069
0.0238
0.3786
0.3987
0.38
0.3918
0.2112
0.3791
0.4237
0.3798
0.418
0.2109
0.3737
0.4022
0.3752
0.3924
0.0818
0.3737
0.4022
0.3752
0.3924
0.0818
0.3607
0.4005
0.3629
0.3903
0.0159
0.2882
0.3585
0.2876
0.336
0.043
0.2078
0.3552
0.2082
0.3322
0.0595
0.2008
0.2549
0.1996
0.2267
0.0652
0.0974
0.2094
0.0904
0.1687
0.0671
0.0924
0.2051
0.0856
0.1686
0.0671
0.055
0.1769
0.0432
0.1408
0.0671
0.0473
0.1737
0.0271
0.1398
0.0671
0.0503
0.1298
0.0469
0.0854
0.0671
0.0503
0.1295
0.0469
0.0854
0.0671
0.0503
0.1295
0.0469
0.0854
0.0671
Greenland
0.0511
0.231
0.0511
0.2126
0.0544
0.0749
0.5548
0.0793
0.546
0.0535
0.1003
0.5568
0.1097
0.5466
0.049
0.3757
0.6048
0.3796
0.5909
0.049
0.3802
0.608
0.3835
0.5913
0.049
0.472
0.6309
0.4707
0.6177
0.049
0.4808
0.6313
0.4723
0.618
0.049
0.5505
0.6649
0.553
0.6572
0.0032
0.6044
0.6903
0.6078
0.686
0.1373
0.662
0.6791
0.6633
0.6732
0.4847
0.6624
0.7003
0.6631
0.6955
0.4839
0.6578
0.6821
0.6591
0.6737
0.2444
0.6578
0.6821
0.6591
0.6737
0.2444
0.6467
0.6807
0.6487
0.672
0.1216
0.5852
0.6451
0.5848
0.6259
0.068
0.478
0.6424
0.4789
0.6228
0.0545
0.4648
0.5573
0.4629
0.5133
0.0495
0.2726
0.4816
0.2599
0.4053
0.0472
0.2634
0.4735
0.2512
0.4051
0.0472
0.194
0.4213
0.1723
0.3534
0.0472
0.1797
0.4154
0.1424
0.3516
0.0472
0.0621
0.3344
0.0647
0.2511
0.0472
0.0621
0.3337
0.0647
0.2511
0.0472
0.0621
0.3337
0.0647
0.2511
0.0472
MiddleTN
0.0147
0.3424
0.0147
0.3219
0.0153
0.1515
0.7011
0.1592
0.6933
0.0152
0.1968
0.7028
0.2073
0.6938
0.0143
0.5036
0.7416
0.5081
0.7304
0.0143
0.5087
0.7441
0.5124
0.7306
0.0143
0.6109
0.7627
0.6096
0.752
0.0143
0.6208
0.763
0.6113
0.7522
0.0143
0.6976
0.7901
0.6997
0.7839
0.0203
0.7412
0.8106
0.744
0.8072
0.2382
0.7879
0.8016
0.7888
0.7968
0.6252
0.7881
0.8189
0.7887
0.8149
0.6243
0.7843
0.8041
0.7855
0.7973
0.3575
0.7843
0.8041
0.7855
0.7973
0.3575
0.7754
0.803
0.777
0.7959
0.2205
0.7256
0.7743
0.7253
0.7587
0.1388
0.6177
0.7721
0.6187
0.7562
0.1146
0.603
0.7034
0.6008
0.6571
0.1054
0.3887
0.6219
0.3746
0.5366
0.1011
0.3785
0.6129
0.3649
0.5363
0.1011
0.3011
0.5547
0.277
0.4788
0.1011
0.2852
0.5482
0.2436
0.4767
0.1011
0.1283
0.458
0.133
0.3648
0.1011
0.1283
0.4572
0.133
0.3648
0.1011
0.1283
0.4572
0.133
0.3648
0.1011
