Rose
0.0
0.1306
0.0
0.1233
0.0
0.0574
0.4044
0.0619
0.3907
0.0
0.0852
0.4064
0.088
0.3918
0.0
0.2366
0.4607
0.2401
0.4434
0.0
0.2403
0.4649
0.2433
0.4438
0.0
0.3195
0.4977
0.3185
0.4781
0.0
0.3276
0.4984
0.3199
0.4785
0.0
0.3997
0.5561
0.4023
0.5415
0.0
0.4601
0.611
0.4645
0.5995
0.0969
0.5508
0.5803
0.5531
0.5714
0.3313
0.5515
0.6376
0.5527
0.6246
0.3305
0.5426
0.5899
0.5453
0.5724
0.1363
0.5426
0.5899
0.5453
0.5724
0.1363
0.523
0.5858
0.5264
0.5699
0.0916
0.4365
0.5212
0.4361
0.4904
0.05
0.3249
0.5166
0.3258
0.4858
0.0366
0.3129
0.4075
0.3113
0.3579
0.032
0.1565
0.329
0.1473
0.2615
0.0301
0.1498
0.3216
0.141
0.2613
0.0301
0.116
0.2757
0.1082
0.219
0.0301
0.1107
0.2708
0.0979
0.2175
0.0301
0.0441
0.2046
0.0468
0.1415
0.0301
0.0441
0.2041
0.0468
0.1415
0.0301
0.0441
0.2041
0.0468
0.1415
0.0301
FairView
0.0841
0.1513
0.0841
0.147
0.085
0.1071
0.3492
0.11
0.3393
0.0847
0.1241
0.3507
0.1259
0.3401
0.0836
0.2273
0.3899
0.23
0.3773
0.0836
0.2301
0.3929
0.2323
0.3776
0.0836
0.2876
0.4169
0.2869
0.4025
0.0836
0.2934
0.4174
0.2879
0.4028
0.0836
0.3457
0.4593
0.3475
0.4486
0.0707
0.3897
0.5071
0.3928
0.4956
0.1308
0.4558
0.4766
0.4573
0.4704
0.2959
0.4565
0.5335
0.4573
0.5207
0.2956
0.4499
0.4859
0.4518
0.4711
0.1542
0.4499
0.4859
0.4518
0.4711
0.1542
0.4358
0.4818
0.4383
0.4695
0.1278
0.3728
0.4339
0.3726
0.4116
0.1027
0.2914
0.4306
0.292
0.4084
0.0945
0.2828
0.3511
0.2815
0.3153
0.0917
0.1694
0.2946
0.1624
0.2457
0.0906
0.1645
0.2892
0.1578
0.2456
0.0906
0.1429
0.2561
0.138
0.2151
0.0906
0.1396
0.2525
0.1319
0.214
0.0906
0.0991
0.204
0.1007
0.1585
0.0906
0.0991
0.2037
0.1007
0.1585
0.0906
0.0991
0.2037
0.1007
0.1585
0.0906
Bell
0.5235
0.396
0.5234
0.4032
0.5258
0.4573
0.2367
0.4541
0.2444
0.5251
0.4345
0.2356
0.4326
0.2437
0.5221
0.3301
0.2041
0.3288
0.2136
0.5221
0.3282
0.2016
0.3269
0.2134
0.5221
0.284
0.1837
0.2846
0.1942
0.5221
0.2795
0.1833
0.2837
0.194
0.5221
0.2383
0.1508
0.2359
0.1585
0.4885
0.2047
0.1549
0.2015
0.1469
0.4234
0.1547
0.1341
0.1529
0.1417
0.2761
0.1553
0.173
0.1539
0.1643
0.2774
0.1599
0.14
0.1581
0.141
0.3852
0.1599
0.14
0.1581
0.141
0.3852
0.1715
0.1374
0.1692
0.1436
0.4287
0.2195
0.1706
0.2194
0.188
0.4634
0.2803
0.1733
0.2792
0.1908
0.4743
0.2872
0.2338
0.2875
0.2618
0.4783
0.3766
0.2802
0.3801
0.3188
0.4799
0.3805
0.2846
0.3837
0.3189
0.4799
0.4097
0.3111
0.4153
0.3436
0.4799
0.4141
0.3139
0.4241
0.3444
0.4799
0.4684
0.3492
0.4662
0.386
0.4799
0.4684
0.3495
0.4662
0.386
0.4799
0.4684
0.3495
0.4662
0.386
0.4799
IngramN
0.693
0.5511
0.693
0.5609
0.6944
0.633
0.2719
0.6286
0.2855
0.694
0.6025
0.2699
0.5999
0.2844
0.6922
0.4379
0.2148
0.4352
0.2318
0.6922
0.4344
0.2105
0.4319
0.2314
0.6922
0.356
0.1785
0.3569
0.1974
0.6922
0.3479
0.1778
0.3554
0.197
0.6922
0.2753
0.1201
0.2716
0.1341
0.6716
0.2155
0.1045
0.2102
0.0994
0.5882
0.1263
0.0913
0.1234
0.104
0.3426
0.1267
0.1159
0.1247
0.1104
0.3444
0.1352
0.0949
0.1322
0.1028
0.5361
0.1352
0.0949
0.1322
0.1028
0.5361
0.1554
0.0933
0.1515
0.1069
0.5949
0.2408
0.1552
0.2408
0.1859
0.6411
0.3497
0.1599
0.3481
0.1907
0.6557
0.3619
0.2676
0.3628
0.3171
0.6611
0.5194
0.3486
0.5266
0.4164
0.6632
0.5262
0.3561
0.5329
0.4166
0.6632
0.5693
0.4026
0.577
0.4598
0.6632
0.5751
0.4076
0.5886
0.4612
0.6632
0.6478
0.4713
0.6449
0.5357
0.6632
0.6478
0.4719
0.6449
0.5357
0.6632
0.6478
0.4719
0.6449
0.5357
0.6632
IngramS
0.6579
0.6669
0.6578
0.6714
0.6559
0.6956
0.4559
0.6943
0.4662
0.6564
0.6854
0.4544
0.6846
0.4654
0.6591
0.5813
0.4127
0.5793
0.4255
0.6591
0.5787
0.4094
0.5768
0.4252
0.6591
0.5195
0.3853
0.5201
0.3995
0.6591
0.5134
0.3848
0.519
0.3992
0.6591
0.4584
0.3412
0.4555
0.3518
0.6866
0.4133
0.3228
0.4092
0.3208
0.6801
0.346
0.3174
0.3438
0.3285
0.5092
0.3464
0.3271
0.3448
0.3251
0.5106
0.3528
0.319
0.3505
0.3275
0.6553
0.3528
0.319
0.3505
0.3275
0.6553
0.3682
0.3183
0.3652
0.3311
0.6827
0.4326
0.3676
0.4326
0.3909
0.6983
0.5146
0.3712
0.5134
0.3946
0.7032
0.5239
0.4525
0.5245
0.49
0.705
0.643
0.5139
0.6483
0.5652
0.7058
0.6482
0.5196
0.653
0.5654
0.7058
0.6745
0.5548
0.6768
0.5981
0.7058
0.6764
0.5586
0.6808
0.5992
0.7058
0.7006
0.6065
0.6996
0.6553
0.7058
0.7006
0.6069
0.6996
0.6553
0.7058
0.7006
0.6069
0.6996
0.6553
0.7058
ParkingServ
0.9486
0.8024
0.9486
0.8155
0.9482
0.9095
0.3477
0.9035
0.3702
0.9483
0.8694
0.3445
0.8658
0.3683
0.9488
0.6199
0.2549
0.6152
0.283
0.9488
0.6141
0.248
0.6099
0.2823
0.9488
0.4855
0.1952
0.4872
0.2266
0.9488
0.4724
0.1941
0.4848
0.2259
0.9488
0.3539
0.0997
0.3484
0.1229
0.9541
0.2559
0.0533
0.2477
0.0531
0.852
0.1091
0.0527
0.1047
0.0731
0.4646
0.1089
0.0537
0.1061
0.0535
0.4668
0.1232
0.0528
0.1186
0.0712
0.7814
0.1232
0.0528
0.1186
0.0712
0.7814
0.1559
0.0527
0.1498
0.0776
0.8597
0.2962
0.1572
0.2965
0.2073
0.9199
0.4757
0.1649
0.4736
0.2151
0.9391
0.4956
0.3419
0.4976
0.4226
0.9459
0.7525
0.473
0.7655
0.5834
0.9487
0.7636
0.4852
0.7759
0.5838
0.9487
0.8259
0.5609
0.8366
0.6538
0.9487
0.8335
0.5691
0.8515
0.6562
0.9487
0.9285
0.6746
0.9248
0.7789
0.9487
0.9285
0.6756
0.9248
0.7789
0.9487
0.9285
0.6756
0.9248
0.7789
0.9487
MainSt
1.0
0.8222
1.0
0.8369
1.0
0.9445
0.3234
0.9375
0.3481
1.0
0.8985
0.3198
0.8944
0.346
1.0
0.6221
0.2217
0.6169
0.2525
1.0
0.6157
0.2141
0.6111
0.2518
1.0
0.4746
0.1561
0.4765
0.1906
1.0
0.4602
0.1549
0.4739
0.1899
1.0
0.3303
0.0512
0.3244
0.0768
1.0
0.2226
0.0
0.2138
0.0
0.879
0.0613
0.0
0.0566
0.022
0.4519
0.0609
0.0
0.058
0.0
0.4541
0.0767
0.0
0.0718
0.02
0.7996
0.0767
0.0
0.0718
0.02
0.7996
0.1125
0.0
0.106
0.0269
0.8876
0.2666
0.1145
0.267
0.1694
0.9563
0.4639
0.1229
0.4617
0.1779
0.9784
0.4857
0.3174
0.488
0.4058
0.9862
0.7675
0.4609
0.7821
0.5819
0.9893
0.7798
0.4743
0.7935
0.5823
0.9893
0.8487
0.5573
0.8611
0.6591
0.9893
0.8575
0.5663
0.8781
0.6617
0.9893
0.9662
0.6824
0.962
0.7966
0.9893
0.9662
0.6834
0.962
0.7966
0.9893
0.9662
0.6834
0.962
0.7966
0.9893
PublicSafety
0.8543
0.9973
0.8542
1.0
0.8476
1.0
0.692
1.0
0.7071
0.8494
1.0
0.6898
1.0
0.7058
0.8583
0.8752
0.6294
0.872
0.6483
0.8583
0.8713
0.6248
0.8684
0.6479
0.8583
0.7848
0.5893
0.7858
0.6104
0.8583
0.7759
0.5885
0.7842
0.61
0.8583
0.6961
0.525
0.6924
0.5407
0.9531
0.6302
0.4765
0.6247
0.4818
1.0
0.5314
0.4895
0.5285
0.5062
0.7706
0.5314
0.4645
0.5295
0.4704
0.7722
0.541
0.4861
0.5379
0.5045
0.9838
0.541
0.4861
0.5379
0.5045
0.9838
0.5631
0.4877
0.559
0.5097
1.0
0.6575
0.5636
0.6576
0.5974
1.0
0.7781
0.5688
0.7767
0.6027
1.0
0.7915
0.6878
0.7929
0.7423
1.0
0.9645
0.7761
0.9732
0.8506
1.0
0.972
0.7843
0.9802
0.8508
1.0
1.0
0.8353
1.0
0.898
1.0
1.0
0.8408
1.0
0.8996
1.0
1.0
0.9117
1.0
0.9821
1.0
1.0
0.9123
1.0
0.9821
1.0
1.0
0.9123
1.0
0.9821
1.0
CollegeHeights
0.9598
0.8621
0.9598
0.8738
0.9581
0.954
0.4148
0.9487
0.437
0.9586
0.9196
0.4116
0.9165
0.4351
0.9607
0.6827
0.3238
0.678
0.3515
0.9607
0.6769
0.317
0.6728
0.3509
0.9607
0.5503
0.2649
0.5521
0.2959
0.9607
0.5374
0.2637
0.5498
0.2953
0.9607
0.421
0.1707
0.416
0.1937
0.9846
0.3244
0.1204
0.3167
0.1216
0.906
0.1794
0.1235
0.1754
0.1441
0.5303
0.1788
0.1177
0.1765
0.1189
0.5322
0.1931
0.123
0.1888
0.1423
0.8422
0.1931
0.123
0.1888
0.1423
0.8422
0.225
0.1233
0.2193
0.1486
0.9116
0.3634
0.2278
0.3639
0.2768
0.9627
0.5409
0.2353
0.5391
0.2844
0.9794
0.5604
0.41
0.5627
0.4891
0.985
0.8129
0.5383
0.8264
0.6465
0.9873
0.8239
0.5503
0.8367
0.6468
0.9873
0.8823
0.6246
0.8919
0.7156
0.9873
0.8888
0.6327
0.9045
0.7179
0.9873
0.9701
0.7373
0.967
0.8392
0.9873
0.9701
0.7382
0.967
0.8392
0.9873
0.9701
0.7382
0.967
0.8392
0.9873
SportsPlex
0.543
1.0
0.5428
0.9889
0.5309
0.8696
1.0
0.8771
1.0
0.5342
0.9205
1.0
0.925
1.0
0.5501
1.0
1.0
1.0
1.0
0.5501
1.0
1.0
1.0
1.0
0.5501
1.0
1.0
1.0
1.0
0.5501
1.0
1.0
1.0
1.0
0.5501
1.0
1.0
1.0
1.0
0.7207
1.0
0.9742
1.0
0.9812
0.9433
1.0
0.9914
1.0
0.9978
1.0
1.0
0.9579
1.0
0.9657
1.0
1.0
0.9875
1.0
0.9971
1.0
1.0
0.9875
1.0
0.9971
1.0
1.0
0.9894
1.0
0.999
0.9328
1.0
1.0
1.0
1.0
0.8564
1.0
1.0
1.0
1.0
0.832
1.0
1.0
1.0
1.0
0.8232
1.0
1.0
1.0
1.0
0.8198
1.0
1.0
1.0
1.0
0.8198
0.9753
1.0
0.962
1.0
0.8198
0.9657
1.0
0.943
1.0
0.8198
0.8453
1.0
0.8501
1.0
0.8198
0.8453
1.0
0.8501
1.0
0.8198
0.8453
1.0
0.8501
1.0
0.8198
CityView
0.4779
0.868
0.4778
0.8583
0.4679
0.7536
0.893
0.7601
0.8917
0.4707
0.7982
0.8931
0.8021
0.8918
0.4838
0.8775
0.8982
0.8778
0.8966
0.4838
0.8778
0.8986
0.8781
0.8967
0.4838
0.8851
0.9016
0.885
0.8998
0.4838
0.8858
0.9017
0.8852
0.8998
0.4838
0.8926
0.9069
0.8929
0.9056
0.6246
0.8981
0.8919
0.8985
0.8961
0.8185
0.9063
0.9017
0.9066
0.9063
0.8864
0.9062
0.8824
0.9064
0.8869
0.8862
0.9054
0.9
0.9057
0.9059
0.8684
0.9054
0.9
0.9057
0.9059
0.8684
0.9035
0.901
0.9039
0.9073
0.8091
0.8957
0.9039
0.8957
0.9009
0.7419
0.8856
0.9034
0.8858
0.9005
0.7206
0.8845
0.8935
0.8844
0.8888
0.7128
0.87
0.8861
0.8693
0.8797
0.7098
0.8694
0.8854
0.8688
0.8797
0.7098
0.8462
0.8812
0.8346
0.8757
0.7098
0.8377
0.8807
0.8179
0.8756
0.7098
0.7322
0.8749
0.7365
0.8687
0.7098
0.7322
0.8748
0.7365
0.8687
0.7098
0.7322
0.8748
0.7365
0.8687
0.7098
GreekRow
0.3841
0.701
0.384
0.6924
0.3765
0.6019
0.7687
0.6075
0.7653
0.3786
0.6404
0.7692
0.6438
0.7656
0.3885
0.727
0.7829
0.7278
0.7786
0.3885
0.7278
0.784
0.7286
0.7787
0.3885
0.7475
0.792
0.7473
0.7872
0.3885
0.7495
0.7921
0.7477
0.7873
0.3885
0.7676
0.8065
0.7685
0.8029
0.4944
0.7825
0.8061
0.7838
0.8066
0.6584
0.8049
0.8066
0.8055
0.8086
0.7508
0.8047
0.805
0.8052
0.8053
0.7503
0.8026
0.8076
0.8033
0.8084
0.7024
0.8026
0.8076
0.8033
0.8084
0.7024
0.7975
0.8073
0.7985
0.809
0.6499
0.7762
0.7981
0.7762
0.7901
0.5918
0.749
0.7969
0.7493
0.789
0.5733
0.7459
0.77
0.7456
0.7574
0.5666
0.7068
0.7501
0.7048
0.7328
0.564
0.7051
0.7482
0.7033
0.7328
0.564
0.6818
0.7367
0.6719
0.7222
0.564
0.6745
0.7355
0.6574
0.7218
0.564
0.5833
0.7195
0.5871
0.7032
0.564
0.5833
0.7194
0.5871
0.7032
0.564
0.5833
0.7194
0.5871
0.7032
0.564
Rutherford
0.3302
0.7745
0.33
0.7612
0.32
0.6282
0.916
0.6367
0.9089
0.3228
0.6848
0.917
0.6899
0.9095
0.3361
0.8301
0.9451
0.8317
0.9363
0.3361
0.8319
0.9473
0.8334
0.9365
0.3361
0.8724
0.9639
0.8719
0.954
0.3361
0.8766
0.9643
0.8727
0.9542
0.3361
0.9138
0.9939
0.9153
0.9865
0.4798
0.9446
0.9942
0.947
0.9969
0.7101
0.9909
1.0
0.9921
1.0
0.8788
0.991
0.9882
0.9917
0.9909
0.8782
0.9865
0.9996
0.9879
1.0
0.779
0.9865
0.9996
0.9879
1.0
0.779
0.9763
1.0
0.9781
1.0
0.6984
0.9321
0.976
0.9319
0.9601
0.6135
0.8754
0.9737
0.876
0.9577
0.5864
0.8692
0.918
0.8684
0.8924
0.5766
0.7886
0.8771
0.7843
0.8422
0.5728
0.7852
0.8733
0.781
0.8421
0.5728
0.7459
0.8496
0.731
0.8202
0.5728
0.7352
0.847
0.7099
0.8195
0.5728
0.6012
0.8137
0.6066
0.7808
0.5728
0.6012
0.8134
0.6066
0.7808
0.5728
0.6012
0.8134
0.6066
0.7808
0.5728
Softball
0.3553
0.6048
0.3552
0.5981
0.3495
0.5253
0.6727
0.5297
0.6692
0.3511
0.5563
0.6732
0.559
0.6695
0.3585
0.6306
0.687
0.6315
0.6827
0.3585
0.6315
0.6881
0.6323
0.6828
0.3585
0.6512
0.6961
0.6511
0.6913
0.3585
0.6533
0.6963
0.6515
0.6914
0.3585
0.6716
0.7108
0.6725
0.7071
0.4384
0.6866
0.7169
0.6879
0.7152
0.5711
0.7091
0.7117
0.7098
0.713
0.6547
0.7089
0.721
0.7094
0.7187
0.6542
0.7067
0.7143
0.7075
0.713
0.6059
0.7067
0.7143
0.7075
0.713
0.6059
0.7016
0.7133
0.7026
0.7134
0.564
0.6801
0.7024
0.6801
0.6943
0.5171
0.6528
0.7012
0.6532
0.6931
0.5023
0.6497
0.6742
0.6494
0.6613
0.4969
0.6102
0.654
0.6083
0.6365
0.4947
0.6085
0.6521
0.6067
0.6364
0.4947
0.5894
0.6405
0.5816
0.6257
0.4947
0.5836
0.6393
0.5699
0.6254
0.4947
0.5103
0.6233
0.5134
0.6067
0.4947
0.5103
0.6231
0.5134
0.6067
0.4947
0.5103
0.6231
0.5134
0.6067
0.4947
Ezell
0.6347
0.5604
0.6348
0.5674
0.6347
0.6141
0.3435
0.6106
0.3541
0.6347
0.5945
0.342
0.5925
0.3532
0.6346
0.4726
0.2999
0.4704
0.3133
0.6346
0.4697
0.2968
0.4679
0.313
0.6346
0.4086
0.2714
0.4097
0.2864
0.6346
0.4025
0.2709
0.4086
0.2861
0.6346
0.3468
0.226
0.3449
0.2371
0.6335
0.3
0.2132
0.2966
0.2088
0.5882
0.2299
0.2018
0.2282
0.2125
0.3999
0.2291
0.2236
0.2283
0.2182
0.4003
0.2358
0.206
0.234
0.2116
0.5503
0.2358
0.206
0.234
0.2116
0.5503
0.2508
0.2042
0.2484
0.2148
0.5902
0.3178
0.2541
0.3183
0.2772
0.619
0.4043
0.2577
0.4038
0.2808
0.6286
0.4135
0.3422
0.4149
0.3797
0.6316
0.5347
0.4033
0.5418
0.4545
0.6329
0.5399
0.4088
0.5468
0.4546
0.6329
0.5719
0.4446
0.5781
0.4875
0.6329
0.5757
0.4485
0.585
0.4887
0.6329
0.6231
0.4998
0.6214
0.5477
0.6329
0.6231
0.5002
0.6214
0.5477
0.6329
0.6231
0.5002
0.6214
0.5477
0.6329
MtsuBlvdG
0.4299
0.5392
0.4299
0.5378
0.427
0.513
0.5154
0.5142
0.5165
0.4278
0.5238
0.5153
0.5245
0.5164
0.4315
0.5284
0.5112
0.5283
0.5125
0.4315
0.528
0.5109
0.528
0.5125
0.4315
0.5218
0.5082
0.5221
0.5097
0.4315
0.5213
0.5082
0.522
0.5097
0.4315
0.5159
0.5036
0.5159
0.5047
0.4714
0.511
0.5071
0.5108
0.5033
0.5302
0.5038
0.4969
0.5037
0.5009
0.5214
0.5033
0.5159
0.5035
0.5113
0.5212
0.504
0.5008
0.5039
0.5006
0.5367
0.504
0.5008
0.5039
0.5006
0.5367
0.5052
0.4992
0.5052
0.5018
0.5267
0.5122
0.5069
0.5124
0.5088
0.5101
0.5215
0.5073
0.5216
0.5092
0.5051
0.5223
0.5161
0.5226
0.5193
0.5031
0.5344
0.5219
0.5354
0.5264
0.5023
0.5349
0.5223
0.536
0.5264
0.5023
0.5345
0.5259
0.5323
0.5297
0.5023
0.5325
0.5264
0.528
0.5298
0.5023
0.5077
0.5321
0.5089
0.5361
0.5023
0.5077
0.5321
0.5089
0.5361
0.5023
0.5077
0.5321
0.5089
0.5361
0.5023
Rec
0.5364
0.5696
0.5364
0.5719
0.5345
0.5785
0.4511
0.5777
0.4568
0.535
0.5759
0.4502
0.5755
0.4563
0.5374
0.5211
0.4275
0.5199
0.4348
0.5374
0.5195
0.4258
0.5186
0.4346
0.5374
0.4863
0.412
0.487
0.4201
0.5374
0.483
0.4117
0.4864
0.42
0.5374
0.453
0.3874
0.452
0.3933
0.5626
0.4275
0.3815
0.4257
0.3778
0.5768
0.3894
0.3719
0.3885
0.3793
0.4818
0.3888
0.39
0.3885
0.3855
0.4819
0.3924
0.3756
0.3915
0.3787
0.5635
0.3924
0.3756
0.3915
0.3787
0.5635
0.4004
0.374
0.3992
0.3809
0.5758
0.4368
0.4028
0.4372
0.4152
0.579
0.4841
0.4047
0.4839
0.4171
0.5805
0.489
0.4507
0.4898
0.4708
0.5806
0.5546
0.4837
0.5587
0.5111
0.5808
0.5574
0.4866
0.5614
0.5112
0.5808
0.572
0.506
0.5736
0.529
0.5808
0.5726
0.5081
0.5742
0.5296
0.5808
0.5795
0.5362
0.5794
0.5618
0.5808
0.5795
0.5365
0.5794
0.5618
0.5808
0.5795
0.5365
0.5794
0.5618
0.5808
Abernathy
0.7451
0.7078
0.7452
0.7149
0.7435
0.7596
0.4258
0.7563
0.4397
0.7439
0.7406
0.4238
0.7387
0.4385
0.746
0.5941
0.3687
0.5913
0.3862
0.746
0.5904
0.3646
0.588
0.3858
0.746
0.5107
0.3316
0.5121
0.3512
0.746
0.5027
0.3309
0.5106
0.3508
0.746
0.4299
0.2724
0.4271
0.2869
0.7689
0.3689
0.2448
0.3643
0.2433
0.7344
0.2776
0.2411
0.2752
0.255
0.4989
0.2768
0.2481
0.2756
0.2462
0.4997
0.2857
0.243
0.2832
0.2539
0.6951
0.2857
0.243
0.2832
0.2539
0.6951
0.3055
0.2422
0.3022
0.258
0.7364
0.3928
0.3087
0.3932
0.3392
0.7642
0.505
0.3134
0.5041
0.3439
0.7735
0.5172
0.4235
0.5188
0.4728
0.7765
0.6756
0.5037
0.6846
0.571
0.7777
0.6825
0.511
0.6911
0.5712
0.7777
0.7192
0.5577
0.7251
0.6143
0.7777
0.7228
0.5628
0.7318
0.6158
0.7777
0.7682
0.6292
0.7666
0.6924
0.7777
0.7682
0.6298
0.7666
0.6924
0.7777
0.7682
0.6298
0.7666
0.6924
0.7777
MTSU
0.2442
0.5325
0.2441
0.5232
0.2384
0.4297
0.6872
0.4355
0.6795
0.24
0.4694
0.6883
0.473
0.6801
0.2475
0.5926
0.7193
0.5945
0.7096
0.2475
0.5946
0.7218
0.5963
0.7098
0.2475
0.6392
0.74
0.6387
0.7291
0.2475
0.6438
0.7404
0.6395
0.7293
0.2475
0.6848
0.773
0.6865
0.7648
0.3288
0.7187
0.7907
0.7214
0.7878
0.4878
0.7695
0.7824
0.7709
0.7803
0.6464
0.7695
0.7975
0.7704
0.7939
0.6455
0.7646
0.786
0.7662
0.7806
0.5365
0.7646
0.786
0.7662
0.7806
0.5365
0.7532
0.7846
0.7553
0.7799
0.4791
0.7047
0.7535
0.7046
0.7358
0.4193
0.6425
0.7509
0.6432
0.7332
0.4003
0.6356
0.6897
0.6348
0.6613
0.3934
0.5469
0.6447
0.5422
0.606
0.3907
0.5431
0.6404
0.5387
0.6059
0.3907
0.5122
0.6143
0.5018
0.5818
0.3907
0.5047
0.6115
0.4869
0.581
0.3907
0.4106
0.575
0.4145
0.5385
0.3907
0.4106
0.5747
0.4145
0.5385
0.3907
0.4106
0.5747
0.4145
0.5385
0.3907
Highland
0.2059
0.6398
0.2057
0.6253
0.197
0.4855
0.8617
0.4948
0.8506
0.1994
0.5448
0.8633
0.5504
0.8516
0.2112
0.7267
0.9069
0.7294
0.893
0.2112
0.7297
0.9103
0.7319
0.8933
0.2112
0.7934
0.9367
0.7924
0.9209
0.2112
0.7998
0.9373
0.7936
0.9212
0.2112
0.8578
0.9838
0.8597
0.972
0.3369
0.9065
1.0
0.9099
1.0
0.5698
0.9796
0.9987
0.9813
0.995
0.8026
0.9803
1.0
0.9811
1.0
0.8021
0.9732
1.0
0.9752
0.9954
0.6457
0.9732
1.0
0.9752
0.9954
0.6457
0.9575
0.9997
0.9601
0.9945
0.5586
0.8878
0.9554
0.8874
0.9308
0.4701
0.7977
0.9517
0.7983
0.9271
0.4415
0.7881
0.8638
0.7866
0.8241
0.4316
0.6623
0.8008
0.6546
0.7467
0.4276
0.6569
0.7949
0.6495
0.7465
0.4276
0.6097
0.758
0.5934
0.7126
0.4276
0.5985
0.7539
0.5715
0.7114
0.4276
0.4573
0.7005
0.4629
0.65
0.4276
0.4573
0.7001
0.4629
0.65
0.4276
0.4573
0.7001
0.4629
0.65
0.4276
MEC
0.1847
0.5666
0.1846
0.5535
0.1772
0.4276
0.7877
0.436
0.7767
0.1793
0.481
0.7893
0.4861
0.7776
0.1892
0.6529
0.8329
0.6557
0.8189
0.1892
0.6559
0.8362
0.6582
0.8193
0.1892
0.7195
0.8626
0.7186
0.8468
0.1892
0.726
0.8632
0.7198
0.8471
0.1892
0.7838
0.9096
0.7857
0.8978
0.2948
0.8324
0.9307
0.8358
0.929
0.5034
0.9054
0.9251
0.9071
0.9209
0.7287
0.9062
0.9347
0.9069
0.9328
0.7282
0.899
0.9276
0.901
0.9214
0.5721
0.899
0.9276
0.901
0.9214
0.5721
0.8834
0.9267
0.886
0.9203
0.4933
0.8137
0.8813
0.8134
0.8567
0.4136
0.7238
0.8777
0.7244
0.853
0.3879
0.7142
0.7898
0.7127
0.7502
0.379
0.5888
0.7271
0.5811
0.6731
0.3753
0.5834
0.7212
0.576
0.6729
0.3753
0.5395
0.6843
0.5247
0.639
0.3753
0.5294
0.6803
0.5051
0.6378
0.3753
0.4022
0.6269
0.4072
0.5765
0.3753
0.4022
0.6265
0.4072
0.5765
0.3753
0.4022
0.6265
0.4072
0.5765
0.3753
Jackson
0.1621
0.5743
0.162
0.56
0.1541
0.4231
0.8198
0.4322
0.8075
0.1562
0.4811
0.8215
0.4866
0.8086
0.1669
0.6703
0.8699
0.6733
0.8544
0.1669
0.6736
0.8736
0.6762
0.8548
0.1669
0.7441
0.9028
0.7431
0.8853
0.1669
0.7513
0.9034
0.7444
0.8857
0.1669
0.8155
0.9549
0.8177
0.9419
0.2805
0.8694
0.9774
0.8731
0.976
0.5056
0.9502
0.9725
0.9521
0.9675
0.7544
0.9509
0.9806
0.9518
0.979
0.7538
0.9431
0.9749
0.9453
0.9681
0.5808
0.9431
0.9749
0.9453
0.9681
0.5808
0.9257
0.9741
0.9286
0.9668
0.4946
0.8485
0.9235
0.8481
0.8962
0.408
0.7489
0.9195
0.7496
0.8922
0.38
0.7383
0.8222
0.7367
0.7782
0.3703
0.5991
0.7524
0.5907
0.6925
0.3663
0.5931
0.7459
0.585
0.6923
0.3663
0.5447
0.705
0.5287
0.6547
0.3663
0.5337
0.7005
0.5073
0.6533
0.3663
0.3955
0.6415
0.401
0.5854
0.3663
0.3955
0.641
0.401
0.5854
0.3663
0.3955
0.641
0.401
0.5854
0.3663
Livestock
0.1107
0.1186
0.1107
0.1166
0.1127
0.0962
0.2822
0.0973
0.2739
0.1122
0.1049
0.2834
0.1055
0.2746
0.1094
0.1811
0.3164
0.1831
0.306
0.1094
0.1833
0.319
0.1851
0.3063
0.1094
0.2309
0.3386
0.2304
0.3269
0.1094
0.2359
0.339
0.2313
0.3271
0.1094
0.2796
0.3738
0.2813
0.3651
0.0802
0.3159
0.4207
0.3187
0.4082
0.1097
0.3703
0.3879
0.3718
0.3827
0.2385
0.3704
0.4494
0.3713
0.4352
0.2377
0.3651
0.3981
0.3668
0.3833
0.121
0.3651
0.3981
0.3668
0.3833
0.121
0.3531
0.3935
0.3552
0.3818
0.1072
0.3011
0.3529
0.301
0.3341
0.094
0.2344
0.3501
0.2351
0.3313
0.0899
0.2271
0.2846
0.2262
0.2545
0.0882
0.1325
0.2367
0.1273
0.1956
0.0876
0.1284
0.2322
0.1235
0.1955
0.0876
0.114
0.2044
0.1119
0.1698
0.0876
0.1123
0.2014
0.1086
0.1689
0.0876
0.092
0.1621
0.0929
0.1234
0.0876
0.092
0.1618
0.0929
0.1234
0.0876
0.092
0.1618
0.0929
0.1234
0.0876
Greenhouse
0.3202
0.2482
0.3202
0.2513
0.3225
0.2717
0.2462
0.2699
0.2461
0.3219
0.2634
0.2462
0.2622
0.2461
0.3187
0.2454
0.2467
0.2455
0.2466
0.3187
0.2454
0.2468
0.2455
0.2466
0.3187
0.2456
0.2468
0.2458
0.2467
0.3187
0.2458
0.2468
0.2458
0.2467
0.3187
0.2464
0.247
0.2466
0.2469
0.2849
0.2465
0.2721
0.2467
0.2617
0.2615
0.2468
0.245
0.2469
0.2463
0.2463
0.2464
0.2962
0.2467
0.2841
0.246
0.2463
0.2535
0.2465
0.2462
0.2454
0.2463
0.2535
0.2465
0.2462
0.2454
0.246
0.2497
0.2462
0.2466
0.2619
0.2458
0.2474
0.2459
0.2467
0.274
0.2458
0.2473
0.246
0.2467
0.2782
0.2457
0.2471
0.2458
0.2462
0.2794
0.2446
0.2463
0.2449
0.2451
0.28
0.2445
0.2461
0.2449
0.2451
0.28
0.253
0.2458
0.256
0.2448
0.28
0.2547
0.2458
0.2589
0.2448
0.28
0.2757
0.2461
0.275
0.2448
0.28
0.2757
0.2461
0.275
0.2448
0.28
0.2757
0.2461
0.275
0.2448
0.28
ChampionWayG
0.249
0.0045
0.249
0.0123
0.256
0.0787
0.0
0.0739
0.0
0.2541
0.0507
0.0
0.0478
0.0
0.2447
0.0
0.0
0.0
0.0
0.2447
0.0
0.0
0.0
0.0
0.2447
0.0
0.0
0.0
0.0
0.2447
0.0
0.0
0.0
0.0
0.2447
0.0
0.0
0.0
0.0
0.1435
0.0
0.0419
0.0
0.0259
0.0395
0.0
0.0002
0.0
0.0
0.0
0.0
0.0787
0.0
0.0606
0.0
0.0
0.0122
0.0
0.0
0.0
0.0
0.0122
0.0
0.0
0.0
0.0
0.0066
0.0
0.0
0.0446
0.0
0.0
0.0
0.0
0.0862
0.0
0.0
0.0
0.0
0.0998
0.0
0.0
0.0
0.0
0.1044
0.0
0.0
0.0
0.0
0.1062
0.0
0.0
0.0
0.0
0.1062
0.0195
0.0
0.0275
0.0
0.1062
0.0248
0.0
0.0377
0.0
0.1062
0.0921
0.0
0.0895
0.0
0.1062
0.0921
0.0
0.0895
0.0
0.1062
0.0921
0.0
0.0895
0.0
0.1062
Greenland
0.0705
0.0
0.0705
0.0
0.0747
0.0
0.1674
0.0
0.1589
0.0736
0.0
0.1686
0.0
0.1596
0.0679
0.0635
0.2021
0.0657
0.1914
0.0679
0.0658
0.2047
0.0677
0.1917
0.0679
0.1148
0.225
0.1142
0.2129
0.0679
0.1198
0.2254
0.1151
0.2131
0.0679
0.1644
0.2612
0.166
0.2522
0.0067
0.2018
0.3168
0.2045
0.3016
0.0
0.258
0.277
0.2594
0.2708
0.122
0.2585
0.3516
0.2592
0.3346
0.1216
0.2529
0.2887
0.2546
0.2715
0.0014
0.2529
0.2887
0.2546
0.2715
0.0014
0.2408
0.2834
0.2429
0.2698
0.0
0.1872
0.2394
0.1871
0.2205
0.0
0.1181
0.2366
0.1187
0.2177
0.0
0.1107
0.169
0.1097
0.1385
0.0
0.014
0.1206
0.0083
0.079
0.0
0.0098
0.116
0.0044
0.0788
0.0
0.0
0.0876
0.0
0.0527
0.0
0.0
0.0846
0.0
0.0518
0.0
0.0
0.0435
0.0
0.0047
0.0
0.0
0.0432
0.0
0.0047
0.0
0.0
0.0432
0.0
0.0047
0.0
MiddleTN
0.0214
0.092
0.0214
0.0869
0.0227
0.0407
0.3338
0.0439
0.3216
0.0223
0.0602
0.3355
0.0622
0.3226
0.0206
0.1853
0.3835
0.1884
0.3682
0.0206
0.1885
0.3873
0.1912
0.3686
0.0206
0.2586
0.4163
0.2578
0.3989
0.0206
0.2658
0.4169
0.2591
0.3993
0.0206
0.3296
0.468
0.3319
0.4551
0.0024
0.3831
0.5231
0.387
0.5105
0.0683
0.4635
0.4897
0.4654
0.4816
0.269
0.4641
0.5522
0.4652
0.538
0.2684
0.4562
0.4999
0.4585
0.4826
0.0964
0.4562
0.4999
0.4585
0.4826
0.0964
0.4389
0.4955
0.4419
0.4804
0.0646
0.3622
0.4371
0.362
0.4098
0.0355
0.2634
0.4331
0.2642
0.4058
0.0261
0.2528
0.3364
0.2513
0.2926
0.0229
0.1144
0.267
0.1062
0.2074
0.0216
0.1085
0.2605
0.1006
0.2072
0.0216
0.0818
0.2199
0.0763
0.1698
0.0216
0.0781
0.2155
0.0692
0.1685
0.0216
0.0314
0.1569
0.0333
0.1011
0.0216
0.0314
0.1564
0.0333
0.1011
0.0216
0.0314
0.1564
0.0333
0.1011
0.0216
