Rose
0.0
0.1747
0.0
0.169
0.0
0.0952
0.2782
0.1012
0.2739
0.0
0.1312
0.2788
0.1341
0.2742
0.0
0.2199
0.2956
0.2211
0.2905
0.0
0.2213
0.2969
0.2223
0.2906
0.0
0.25
0.3063
0.2497
0.3007
0.0
0.2528
0.3065
0.2502
0.3008
0.0
0.2768
0.3225
0.2777
0.3186
0.0065
0.2953
0.3366
0.2967
0.334
0.1447
0.3208
0.3301
0.3215
0.3268
0.2543
0.3209
0.3429
0.3213
0.3397
0.2539
0.3186
0.332
0.3193
0.3272
0.1793
0.3186
0.332
0.3193
0.3272
0.1793
0.313
0.3312
0.314
0.3262
0.1386
0.2879
0.3129
0.2878
0.3042
0.0842
0.2521
0.3116
0.2524
0.3028
0.062
0.2478
0.2794
0.2473
0.2633
0.0533
0.1874
0.2533
0.1838
0.2289
0.0498
0.1845
0.2507
0.1811
0.2288
0.0498
0.1624
0.2341
0.1553
0.2124
0.0498
0.1575
0.2323
0.1449
0.2119
0.0498
0.0745
0.2074
0.0788
0.1807
0.0498
0.0745
0.2072
0.0788
0.1807
0.0498
0.0745
0.2072
0.0788
0.1807
0.0498
FairView
0.3133
0.0
0.3135
0.0
0.3369
0.0
0.0
0.0
0.0
0.3304
0.0
0.0
0.0
0.0
0.2997
0.0
0.0
0.0
0.0
0.2997
0.0
0.0
0.0
0.0
0.2997
0.0
0.0
0.0
0.0
0.2997
0.0
0.0
0.0
0.0
0.2997
0.0
0.0
0.0
0.0
0.0404
0.0
0.0
0.0
0.0
0.0
0.0
0.0
0.0
0.0
0.0
0.0
0.0
0.0
0.0
0.0
0.0
0.0
0.0
0.0
0.0
0.0
0.0
0.0
0.0
0.0
0.0
0.0
0.0
0.0
0.0
0.0
0.0
0.0
0.0
0.0
0.0
0.0
0.0
0.0
0.0
0.0
0.0
0.0
0.0
0.0
0.0
0.0
0.0
0.0
0.0
0.0
0.0
0.0
0.0
0.0
0.0
0.0
0.0
0.0
0.0
0.0
0.0
0.0
0.0
0.0
0.0
0.0
0.0
0.0
0.0
0.0
0.0
0.0
0.0
0.0
0.0
0.0
0.0
0.0
0.0
Bell
1.0
0.663
1.0
0.6703
1.0
0.7245
0.5302
0.7203
0.5358
1.0
0.6986
0.5294
0.6966
0.5353
1.0
0.6045
0.5079
0.603
0.5144
1.0
0.6027
0.5062
0.6014
0.5143
1.0
0.566
0.4942
0.5663
0.5013
1.0
0.5624
0.4939
0.5657
0.5011
1.0
0.5317
0.4734
0.5302
0.4784
0.8256
0.508
0.4555
0.506
0.4587
0.6886
0.4753
0.4637
0.4743
0.4679
0.5602
0.4753
0.4474
0.4746
0.4514
0.5609
0.4784
0.4613
0.4774
0.4675
0.6562
0.4784
0.4613
0.4774
0.4675
0.6562
0.4855
0.4624
0.4841
0.4687
0.6932
0.5176
0.4857
0.5176
0.4968
0.7325
0.5633
0.4873
0.5626
0.4986
0.7485
0.5687
0.5285
0.5691
0.5491
0.7548
0.6465
0.5624
0.6506
0.5936
0.7573
0.6502
0.5658
0.6541
0.5937
0.7573
0.6762
0.587
0.681
0.6148
0.7573
0.6798
0.5893
0.6886
0.6155
0.7573
0.7395
0.621
0.7364
0.6552
0.7573
0.7395
0.6213
0.7364
0.6552
0.7573
0.7395
0.6213
0.7364
0.6552
0.7573
IngramN
0.9674
0.8117
0.9673
0.8178
0.9555
0.851
0.7015
0.8484
0.7061
0.9588
0.8354
0.7008
0.8342
0.7058
0.9742
0.7631
0.683
0.7619
0.6884
0.9742
0.7616
0.6817
0.7606
0.6883
0.9742
0.7312
0.6717
0.7314
0.6775
0.9742
0.7282
0.6714
0.7309
0.6774
0.9742
0.7027
0.6544
0.7014
0.6585
0.9109
0.6831
0.6395
0.6814
0.6423
0.8293
0.6559
0.6464
0.6551
0.6499
0.7264
0.6559
0.6328
0.6554
0.6362
0.7269
0.6586
0.6444
0.6577
0.6495
0.8059
0.6586
0.6444
0.6577
0.6495
0.8059
0.6644
0.6453
0.6632
0.6505
0.8321
0.6911
0.6646
0.691
0.6739
0.8558
0.7289
0.666
0.7284
0.6753
0.8653
0.7334
0.7002
0.7338
0.7172
0.8691
0.798
0.7283
0.8014
0.7542
0.8707
0.801
0.7311
0.8043
0.7542
0.8707
0.822
0.7487
0.8248
0.7717
0.8707
0.8241
0.7506
0.8294
0.7723
0.8707
0.86
0.7769
0.8581
0.8053
0.8707
0.86
0.7772
0.8581
0.8053
0.8707
0.86
0.7772
0.8581
0.8053
0.8707
IngramS
0.9432
0.8617
0.9431
0.8671
0.9269
0.891
0.7628
0.8892
0.767
0.9314
0.8801
0.7622
0.8792
0.7666
0.9526
0.8181
0.7462
0.817
0.7511
0.9526
0.8168
0.745
0.8158
0.7509
0.9526
0.7895
0.736
0.7897
0.7413
0.9526
0.7868
0.7358
0.7892
0.7412
0.9526
0.7639
0.7205
0.7628
0.7242
0.9332
0.7463
0.7072
0.7448
0.7096
0.8757
0.722
0.7133
0.7212
0.7164
0.7851
0.722
0.7012
0.7215
0.7042
0.7856
0.7243
0.7115
0.7235
0.7161
0.8565
0.7243
0.7115
0.7235
0.7161
0.8565
0.7296
0.7123
0.7285
0.7171
0.8777
0.7535
0.7296
0.7535
0.738
0.8944
0.7874
0.7309
0.7869
0.7393
0.9011
0.7915
0.7616
0.7918
0.7769
0.9038
0.8494
0.7869
0.8525
0.8101
0.9049
0.8522
0.7893
0.8551
0.8102
0.9049
0.8706
0.8051
0.8726
0.8259
0.9049
0.8721
0.8069
0.8758
0.8264
0.9049
0.8974
0.8304
0.896
0.8559
0.9049
0.8974
0.8307
0.896
0.8559
0.9049
0.8974
0.8307
0.896
0.8559
0.9049
ParkingServ
0.9089
0.9308
0.9087
0.9353
0.8864
0.9459
0.8478
0.9452
0.8513
0.8926
0.9414
0.8473
0.941
0.851
0.9218
0.8941
0.8339
0.8932
0.838
0.9218
0.893
0.8329
0.8922
0.8379
0.9218
0.8701
0.8253
0.8703
0.8298
0.9218
0.8678
0.8252
0.8699
0.8297
0.9218
0.8486
0.8124
0.8477
0.8155
0.9637
0.8339
0.8011
0.8326
0.8032
0.9397
0.8134
0.8063
0.8128
0.8089
0.8665
0.8134
0.7961
0.8129
0.7986
0.8668
0.8154
0.8048
0.8147
0.8086
0.9262
0.8154
0.8048
0.8147
0.8086
0.9262
0.8198
0.8055
0.8189
0.8094
0.9404
0.8399
0.82
0.8398
0.827
0.9473
0.8684
0.8211
0.868
0.8281
0.9501
0.8718
0.8469
0.8721
0.8596
0.9511
0.9203
0.868
0.923
0.8874
0.9516
0.9226
0.8701
0.9252
0.8875
0.9516
0.9375
0.8833
0.9384
0.9006
0.9516
0.9382
0.8848
0.9397
0.9011
0.9516
0.9485
0.9047
0.948
0.9259
0.9516
0.9485
0.9048
0.948
0.9259
0.9516
0.9485
0.9048
0.948
0.9259
0.9516
MainSt
0.8846
0.9373
0.8844
0.9415
0.8608
0.947
0.8617
0.9467
0.8649
0.8674
0.9449
0.8613
0.9447
0.8647
0.8983
0.9038
0.8491
0.903
0.8529
0.8983
0.9028
0.8482
0.9021
0.8528
0.8983
0.882
0.8413
0.8822
0.8454
0.8983
0.88
0.8412
0.8818
0.8453
0.8983
0.8625
0.8295
0.8617
0.8323
0.9564
0.8491
0.8193
0.848
0.8211
0.9443
0.8304
0.824
0.8298
0.8263
0.8787
0.8303
0.8147
0.83
0.817
0.879
0.8322
0.8226
0.8316
0.8261
0.9331
0.8322
0.8226
0.8316
0.8261
0.9331
0.8362
0.8232
0.8354
0.8268
0.9444
0.8545
0.8365
0.8545
0.8428
0.9476
0.8805
0.8375
0.8801
0.8438
0.9489
0.8836
0.861
0.8838
0.8726
0.9494
0.9277
0.8802
0.9302
0.8978
0.9496
0.9299
0.8821
0.9322
0.8979
0.9496
0.9432
0.8941
0.9436
0.9098
0.9496
0.9435
0.8955
0.9442
0.9102
0.9496
0.9481
0.9136
0.9479
0.9329
0.9496
0.9481
0.9138
0.9479
0.9329
0.9496
0.9481
0.9138
0.9479
0.9329
0.9496
PublicSafety
0.8944
0.9944
0.8941
0.9984
0.8667
1.0
0.9213
1.0
0.9244
0.8744
1.0
0.9208
1.0
0.9241
0.9103
0.9621
0.909
0.9613
0.9126
0.9103
0.9612
0.9081
0.9605
0.9126
0.9103
0.941
0.9015
0.9412
0.9054
0.9103
0.939
0.9013
0.9408
0.9053
0.9103
0.9221
0.89
0.9213
0.8928
1.0
0.9091
0.8802
0.908
0.882
1.0
0.8911
0.8847
0.8905
0.887
0.9378
0.891
0.8757
0.8907
0.878
0.9381
0.8928
0.8834
0.8922
0.8868
0.9905
0.8928
0.8834
0.8922
0.8868
0.9905
0.8967
0.884
0.8959
0.8875
1.0
0.9144
0.8968
0.9144
0.903
1.0
0.9395
0.8977
0.9391
0.9039
1.0
0.9425
0.9204
0.9428
0.9317
1.0
0.9853
0.9391
0.9876
0.9562
1.0
0.9873
0.9409
0.9895
0.9563
1.0
1.0
0.9526
1.0
0.9679
1.0
1.0
0.9539
1.0
0.9683
1.0
1.0
0.9713
1.0
0.9901
1.0
1.0
0.9715
1.0
0.9901
1.0
1.0
0.9715
1.0
0.9901
1.0
CollegeHeights
0.8144
0.9482
0.8143
0.9512
0.7873
0.9432
0.8934
0.9439
0.8957
0.7949
0.9477
0.893
0.948
0.8955
0.83
0.9238
0.8843
0.9233
0.887
0.83
0.9231
0.8836
0.9226
0.8869
0.83
0.908
0.8786
0.9082
0.8816
0.83
0.9065
0.8785
0.9079
0.8815
0.83
0.8939
0.87
0.8933
0.8721
0.9298
0.8842
0.8626
0.8834
0.8639
0.9498
0.8706
0.866
0.8702
0.8677
0.9057
0.8705
0.8593
0.8703
0.8609
0.9059
0.8719
0.8651
0.8715
0.8675
0.9451
0.8719
0.8651
0.8715
0.8675
0.9451
0.8747
0.8655
0.8742
0.8681
0.9486
0.888
0.8752
0.888
0.8797
0.9417
0.9069
0.8759
0.9067
0.8804
0.9389
0.9092
0.893
0.9094
0.9013
0.9377
0.9411
0.9069
0.943
0.9195
0.9373
0.9427
0.9082
0.9445
0.9196
0.9373
0.9516
0.9169
0.9509
0.9282
0.9373
0.951
0.9179
0.9495
0.9285
0.9373
0.9404
0.9311
0.941
0.9449
0.9373
0.9404
0.9312
0.941
0.9449
0.9373
0.9404
0.9312
0.941
0.9449
0.9373
SportsPlex
0.6363
1.0
0.6359
1.0
0.599
0.9552
1.0
0.9589
1.0
0.6094
0.978
1.0
0.9798
1.0
0.6578
1.0
1.0
1.0
1.0
0.6578
1.0
1.0
1.0
1.0
0.6578
1.0
1.0
1.0
1.0
0.6578
1.0
1.0
1.0
1.0
0.6578
1.0
1.0
1.0
1.0
0.8787
1.0
1.0
1.0
1.0
0.9867
1.0
1.0
1.0
1.0
1.0
1.0
1.0
1.0
1.0
1.0
1.0
1.0
1.0
1.0
1.0
1.0
1.0
1.0
1.0
1.0
1.0
1.0
1.0
1.0
0.9828
1.0
1.0
1.0
1.0
0.9483
1.0
1.0
1.0
1.0
0.9343
1.0
1.0
1.0
1.0
0.9288
1.0
1.0
1.0
1.0
0.9265
1.0
1.0
1.0
1.0
0.9265
0.9975
1.0
0.9931
1.0
0.9265
0.9943
1.0
0.9865
1.0
0.9265
0.9422
1.0
0.9449
1.0
0.9265
0.9422
1.0
0.9449
1.0
0.9265
0.9422
1.0
0.9449
1.0
0.9265
CityView
0.5652
0.9521
0.5648
0.9513
0.5288
0.8986
0.9678
0.903
0.9671
0.5389
0.9252
0.9679
0.9272
0.9672
0.5861
0.959
0.9704
0.9591
0.9697
0.5861
0.9592
0.9706
0.9593
0.9697
0.5861
0.9635
0.972
0.9635
0.9712
0.5861
0.9639
0.9721
0.9635
0.9712
0.5861
0.9676
0.9745
0.9677
0.9739
0.8115
0.9704
0.9766
0.9706
0.9762
0.9354
0.9742
0.9756
0.9743
0.9751
0.9642
0.9742
0.9776
0.9743
0.9771
0.9641
0.9738
0.9759
0.974
0.9752
0.9529
0.9738
0.9759
0.974
0.9752
0.9529
0.973
0.9758
0.9731
0.975
0.9308
0.9692
0.9731
0.9692
0.9717
0.8906
0.9638
0.9729
0.9639
0.9715
0.8743
0.9632
0.968
0.9631
0.9656
0.8678
0.954
0.964
0.9535
0.9603
0.8652
0.9536
0.9636
0.9531
0.9603
0.8652
0.9479
0.9611
0.9428
0.9578
0.8652
0.9442
0.9608
0.9351
0.9577
0.8652
0.8834
0.9571
0.8866
0.953
0.8652
0.8834
0.9571
0.8866
0.953
0.8652
0.8834
0.9571
0.8866
0.953
0.8652
GreekRow
0.4728
0.8909
0.4725
0.8889
0.4376
0.826
0.9269
0.8311
0.9254
0.4473
0.8575
0.9271
0.8599
0.9255
0.493
0.9066
0.933
0.907
0.9313
0.493
0.9071
0.9335
0.9075
0.9313
0.493
0.9171
0.9367
0.917
0.9348
0.493
0.9181
0.9368
0.9172
0.9349
0.493
0.9265
0.9424
0.9268
0.941
0.725
0.9329
0.9472
0.9334
0.9463
0.8697
0.9417
0.945
0.942
0.9438
0.9187
0.9417
0.9495
0.9419
0.9483
0.9185
0.9409
0.9457
0.9412
0.944
0.8926
0.9409
0.9457
0.9412
0.944
0.8926
0.9389
0.9454
0.9393
0.9436
0.8641
0.9302
0.9391
0.9302
0.936
0.8165
0.9178
0.9386
0.918
0.9355
0.7971
0.9164
0.9275
0.9162
0.9218
0.7894
0.8952
0.9183
0.8941
0.9097
0.7863
0.8942
0.9173
0.8931
0.9096
0.7863
0.8844
0.9115
0.8784
0.9039
0.7863
0.8801
0.9109
0.8693
0.9037
0.7863
0.8079
0.9024
0.8117
0.8929
0.7863
0.8079
0.9023
0.8117
0.8929
0.7863
0.8079
0.9023
0.8117
0.8929
0.7863
Rutherford
0.4383
0.9161
0.4379
0.9135
0.4
0.8419
0.964
0.8478
0.962
0.4106
0.8776
0.9643
0.8804
0.9622
0.4602
0.9371
0.9721
0.9376
0.9697
0.4602
0.9377
0.9727
0.9382
0.9698
0.4602
0.951
0.977
0.9508
0.9745
0.4602
0.9523
0.9771
0.9511
0.9745
0.4602
0.9634
0.9845
0.9639
0.9827
0.7251
0.972
0.991
0.9726
0.9898
0.8913
0.9838
0.9881
0.9841
0.9865
0.953
0.9838
0.994
0.984
0.9925
0.9528
0.9827
0.9889
0.983
0.9867
0.9183
0.9827
0.9889
0.983
0.9867
0.9183
0.9801
0.9885
0.9806
0.9862
0.8851
0.9685
0.9801
0.9685
0.976
0.8311
0.952
0.9795
0.9521
0.9754
0.8091
0.95
0.9646
0.9498
0.9571
0.8004
0.922
0.9525
0.9203
0.9411
0.7969
0.9206
0.9512
0.9191
0.9411
0.7969
0.9083
0.9436
0.9014
0.9335
0.7969
0.9034
0.9427
0.8911
0.9332
0.7969
0.8214
0.9313
0.8257
0.9189
0.7969
0.8214
0.9312
0.8257
0.9189
0.7969
0.8214
0.9312
0.8257
0.9189
0.7969
Softball
0.4407
0.8558
0.4404
0.8535
0.4069
0.7885
0.8977
0.7937
0.8959
0.4163
0.8209
0.8979
0.8234
0.8961
0.4601
0.8741
0.9048
0.8746
0.9027
0.4601
0.8746
0.9053
0.8751
0.9028
0.4601
0.8862
0.9091
0.8861
0.9069
0.4601
0.8874
0.9092
0.8863
0.9069
0.4601
0.8972
0.9156
0.8976
0.9141
0.6855
0.9046
0.9213
0.9052
0.9202
0.8336
0.9149
0.9187
0.9152
0.9173
0.8881
0.9148
0.9239
0.915
0.9225
0.8878
0.9139
0.9195
0.9142
0.9175
0.8578
0.9139
0.9195
0.9142
0.9175
0.8578
0.9116
0.9191
0.912
0.917
0.8278
0.9015
0.9119
0.9014
0.9082
0.7786
0.8871
0.9113
0.8873
0.9076
0.7586
0.8854
0.8984
0.8852
0.8917
0.7507
0.8608
0.8876
0.8595
0.8776
0.7475
0.8596
0.8865
0.8584
0.8775
0.7475
0.8487
0.8798
0.8425
0.8708
0.7475
0.8442
0.8791
0.8331
0.8706
0.7475
0.7698
0.8692
0.7737
0.8581
0.7475
0.7698
0.8691
0.7737
0.8581
0.7475
0.7698
0.8691
0.7737
0.8581
0.7475
Ezell
0.6057
0.8611
0.6055
0.8613
0.5773
0.825
0.8573
0.8278
0.8575
0.5852
0.8434
0.8573
0.8448
0.8574
0.6219
0.8593
0.8568
0.8592
0.857
0.6219
0.8592
0.8568
0.8592
0.857
0.6219
0.8581
0.8564
0.8582
0.8566
0.6219
0.8581
0.8564
0.8582
0.8566
0.6219
0.8573
0.8558
0.8574
0.8559
0.7697
0.8566
0.8551
0.8566
0.8552
0.851
0.8555
0.8554
0.8556
0.8555
0.8582
0.8553
0.8549
0.8554
0.8549
0.8581
0.8555
0.8555
0.8555
0.8555
0.8609
0.8555
0.8555
0.8555
0.8555
0.8609
0.8556
0.8554
0.8556
0.8555
0.8473
0.8566
0.8563
0.8566
0.8564
0.8193
0.8582
0.8563
0.8582
0.8564
0.808
0.8582
0.8576
0.8583
0.858
0.8034
0.8603
0.8583
0.8606
0.8589
0.8015
0.8604
0.8584
0.8607
0.8589
0.8015
0.8589
0.8589
0.8556
0.8594
0.8015
0.8564
0.859
0.8502
0.8594
0.8015
0.8142
0.8602
0.8165
0.8607
0.8015
0.8142
0.8602
0.8165
0.8607
0.8015
0.8142
0.8602
0.8165
0.8607
0.8015
MtsuBlvdG
0.4889
0.84
0.4886
0.8385
0.4579
0.7836
0.8671
0.788
0.8659
0.4665
0.8111
0.8672
0.8132
0.866
0.5066
0.8518
0.8717
0.8521
0.8704
0.5066
0.8521
0.8721
0.8524
0.8704
0.5066
0.8596
0.8745
0.8595
0.873
0.5066
0.8604
0.8745
0.8597
0.8731
0.5066
0.8667
0.8787
0.8671
0.8777
0.6984
0.8715
0.8822
0.8719
0.8816
0.8221
0.8781
0.8806
0.8783
0.8797
0.861
0.8779
0.8839
0.8781
0.883
0.8607
0.8774
0.8812
0.8776
0.8798
0.8414
0.8774
0.8812
0.8776
0.8798
0.8414
0.8758
0.8809
0.8762
0.8795
0.817
0.8693
0.8763
0.8693
0.8739
0.7752
0.8602
0.8759
0.8604
0.8735
0.7584
0.8591
0.8676
0.859
0.8633
0.7516
0.8431
0.8606
0.8424
0.854
0.7489
0.8424
0.8599
0.8417
0.8539
0.7489
0.8345
0.8555
0.8294
0.8496
0.7489
0.8308
0.855
0.8214
0.8494
0.7489
0.7677
0.8488
0.7711
0.8414
0.7489
0.7677
0.8487
0.7711
0.8414
0.7489
0.7677
0.8487
0.7711
0.8414
0.7489
Rec
0.5566
0.8573
0.5563
0.8568
0.5267
0.8122
0.867
0.8157
0.8666
0.535
0.8347
0.8671
0.8364
0.8666
0.5736
0.8615
0.8688
0.8616
0.8683
0.5736
0.8616
0.8689
0.8617
0.8683
0.5736
0.8643
0.8697
0.8643
0.8692
0.5736
0.8646
0.8697
0.8643
0.8692
0.5736
0.8669
0.8712
0.8671
0.8709
0.7432
0.8686
0.8724
0.8688
0.8721
0.8438
0.8708
0.8718
0.8709
0.8715
0.8649
0.8707
0.873
0.8708
0.8726
0.8647
0.8705
0.8721
0.8706
0.8716
0.8579
0.8705
0.8721
0.8706
0.8716
0.8579
0.8699
0.872
0.8701
0.8714
0.8395
0.8676
0.8705
0.8676
0.8695
0.8053
0.8645
0.8703
0.8646
0.8693
0.7915
0.8641
0.8675
0.8641
0.8657
0.7859
0.8583
0.8648
0.8581
0.8622
0.7837
0.858
0.8645
0.8579
0.8622
0.7837
0.8538
0.8629
0.8496
0.8606
0.7837
0.8507
0.8627
0.843
0.8605
0.7837
0.7991
0.8607
0.8019
0.8578
0.7837
0.7991
0.8607
0.8019
0.8578
0.7837
0.7991
0.8607
0.8019
0.8578
0.7837
Abernathy
0.6773
0.9053
0.6771
0.9064
0.6483
0.8783
0.8853
0.8806
0.8862
0.6563
0.8927
0.8852
0.8938
0.8861
0.6939
0.8963
0.8821
0.8961
0.8831
0.6939
0.896
0.8819
0.8959
0.8831
0.6939
0.8905
0.88
0.8906
0.8811
0.6939
0.89
0.88
0.8905
0.8811
0.6939
0.8855
0.8768
0.8853
0.8776
0.8344
0.8819
0.874
0.8817
0.8745
0.8987
0.8769
0.8753
0.8768
0.8759
0.8899
0.8767
0.8729
0.8767
0.8734
0.8898
0.8773
0.8751
0.8772
0.8759
0.9042
0.8773
0.8751
0.8772
0.8759
0.9042
0.8782
0.8752
0.8781
0.876
0.8958
0.8831
0.8788
0.8831
0.8804
0.8738
0.8902
0.8791
0.8901
0.8806
0.865
0.891
0.8854
0.8911
0.8883
0.8614
0.9025
0.8903
0.9033
0.8947
0.86
0.9031
0.8908
0.9039
0.8947
0.86
0.9049
0.8939
0.9023
0.8978
0.86
0.9029
0.8943
0.8981
0.8979
0.86
0.8699
0.8993
0.8717
0.904
0.86
0.8699
0.8993
0.8717
0.904
0.86
0.8699
0.8993
0.8717
0.904
0.86
MTSU
0.3401
0.82
0.3397
0.8164
0.3052
0.7371
0.8869
0.7435
0.8841
0.3149
0.7764
0.8873
0.7795
0.8843
0.36
0.8493
0.8982
0.85
0.8948
0.36
0.8501
0.899
0.8508
0.8949
0.36
0.8687
0.905
0.8684
0.9014
0.36
0.8705
0.9052
0.8688
0.9015
0.36
0.886
0.9155
0.8867
0.913
0.6121
0.8979
0.9245
0.8988
0.9229
0.7916
0.9144
0.9204
0.9148
0.9182
0.8716
0.9143
0.9286
0.9146
0.9265
0.8712
0.9128
0.9216
0.9133
0.9185
0.8232
0.9128
0.9216
0.9133
0.9185
0.8232
0.9092
0.9211
0.9099
0.9178
0.7847
0.893
0.9094
0.893
0.9036
0.7251
0.87
0.9085
0.8703
0.9028
0.7008
0.8673
0.8878
0.867
0.8773
0.6913
0.8281
0.8708
0.8259
0.8549
0.6874
0.8263
0.8691
0.8242
0.8548
0.6874
0.8102
0.8583
0.8026
0.8442
0.6874
0.8048
0.8572
0.7912
0.8438
0.6874
0.7144
0.8413
0.7192
0.8238
0.6874
0.7144
0.8411
0.7192
0.8238
0.6874
0.7144
0.8411
0.7192
0.8238
0.6874
Highland
0.4477
0.8034
0.4473
0.8014
0.4181
0.7433
0.838
0.7483
0.8366
0.4263
0.7724
0.8382
0.7748
0.8367
0.4648
0.8185
0.8437
0.8189
0.842
0.4648
0.819
0.8441
0.8193
0.842
0.4648
0.8286
0.8474
0.8285
0.8454
0.4648
0.8296
0.8475
0.8286
0.8455
0.4648
0.8375
0.8528
0.8376
0.8515
0.6521
0.8437
0.8577
0.8441
0.8568
0.7827
0.8525
0.8555
0.8526
0.8544
0.8298
0.8527
0.8598
0.8527
0.8588
0.8298
0.8518
0.856
0.852
0.8545
0.8046
0.8518
0.856
0.852
0.8545
0.8046
0.8501
0.8558
0.8503
0.8542
0.7782
0.8416
0.8495
0.8415
0.8467
0.7345
0.8292
0.8491
0.8292
0.8463
0.7165
0.8278
0.8382
0.8276
0.8329
0.7096
0.8078
0.8297
0.8063
0.8218
0.7068
0.8068
0.8289
0.8054
0.8217
0.7068
0.7976
0.8234
0.7917
0.8164
0.7068
0.7936
0.8228
0.7834
0.8162
0.7068
0.7267
0.8141
0.7301
0.8056
0.7068
0.7267
0.8141
0.7301
0.8056
0.7068
0.7267
0.8141
0.7301
0.8056
0.7068
MEC
0.4268
0.7399
0.4265
0.738
0.401
0.6826
0.7747
0.6873
0.7732
0.4082
0.7102
0.7749
0.7125
0.7734
0.4417
0.755
0.7804
0.7555
0.7787
0.4417
0.7555
0.7808
0.7559
0.7787
0.4417
0.7653
0.7841
0.7651
0.7822
0.4417
0.7662
0.7842
0.7653
0.7822
0.4417
0.7741
0.7895
0.7743
0.7882
0.5987
0.7804
0.7944
0.7808
0.7936
0.7201
0.7892
0.7922
0.7893
0.7911
0.7665
0.7893
0.7966
0.7894
0.7956
0.7665
0.7885
0.7928
0.7887
0.7912
0.7411
0.7885
0.7928
0.7887
0.7912
0.7411
0.7868
0.7926
0.787
0.7909
0.7158
0.7782
0.7863
0.7781
0.7834
0.6742
0.7658
0.7859
0.7659
0.783
0.6571
0.7645
0.7749
0.7642
0.7695
0.6505
0.7443
0.7664
0.7428
0.7584
0.6478
0.7434
0.7656
0.7419
0.7583
0.6478
0.7342
0.7601
0.7286
0.753
0.6478
0.7304
0.7595
0.7208
0.7528
0.6478
0.6668
0.7508
0.6701
0.7421
0.6478
0.6668
0.7507
0.6701
0.7421
0.6478
0.6668
0.7507
0.6701
0.7421
0.6478
Jackson
0.373
0.749
0.3726
0.7462
0.3446
0.6802
0.7997
0.6859
0.7975
0.3525
0.713
0.8
0.7157
0.7977
0.3893
0.7711
0.8081
0.7717
0.8055
0.3893
0.7718
0.8087
0.7723
0.8056
0.3893
0.7859
0.8134
0.7857
0.8106
0.3893
0.7873
0.8135
0.7859
0.8106
0.3893
0.7989
0.8213
0.7992
0.8194
0.5787
0.808
0.8284
0.8086
0.8271
0.7248
0.8207
0.8252
0.8209
0.8235
0.7878
0.8209
0.8315
0.821
0.83
0.7877
0.8197
0.826
0.82
0.8237
0.7509
0.8197
0.826
0.82
0.8237
0.7509
0.8171
0.8256
0.8175
0.8233
0.7197
0.8047
0.8166
0.8046
0.8123
0.6703
0.7868
0.816
0.7869
0.8117
0.65
0.7848
0.8
0.7844
0.7922
0.6422
0.7553
0.7875
0.7533
0.7758
0.639
0.754
0.7863
0.752
0.7757
0.639
0.7415
0.7783
0.7349
0.7678
0.639
0.737
0.7774
0.7255
0.7675
0.639
0.6615
0.7649
0.6654
0.7521
0.639
0.6615
0.7648
0.6654
0.7521
0.639
0.6615
0.7648
0.6654
0.7521
0.639
Livestock
0.2027
0.6026
0.2024
0.5979
0.1787
0.5162
0.6883
0.5227
0.6847
0.1853
0.5565
0.6888
0.5595
0.685
0.2163
0.6401
0.7029
0.641
0.6986
0.2163
0.6412
0.7039
0.642
0.6987
0.2163
0.665
0.7116
0.6646
0.7071
0.2163
0.6673
0.7118
0.665
0.7072
0.2163
0.6872
0.725
0.6881
0.7219
0.3973
0.7025
0.7366
0.7037
0.7345
0.5722
0.7235
0.7313
0.7241
0.7286
0.6687
0.7234
0.7418
0.7238
0.7391
0.6682
0.7216
0.7329
0.7222
0.7288
0.6067
0.7216
0.7329
0.7222
0.7288
0.6067
0.7169
0.7321
0.7177
0.7279
0.565
0.6962
0.7171
0.6961
0.7098
0.504
0.6667
0.716
0.6671
0.7086
0.4793
0.6632
0.6895
0.6628
0.6761
0.4694
0.6129
0.6675
0.6102
0.6472
0.4654
0.6105
0.6653
0.6079
0.6471
0.4654
0.591
0.6515
0.5833
0.6334
0.4654
0.5855
0.65
0.5716
0.6329
0.4654
0.4931
0.6297
0.4979
0.6073
0.4654
0.4931
0.6295
0.4979
0.6073
0.4654
0.4931
0.6295
0.4979
0.6073
0.4654
Greenhouse
0.4001
0.727
0.3998
0.7248
0.374
0.6655
0.7689
0.6702
0.7671
0.3812
0.6951
0.7691
0.6972
0.7672
0.4149
0.7454
0.7761
0.7458
0.774
0.4149
0.7459
0.7766
0.7463
0.774
0.4149
0.7574
0.7803
0.7573
0.7781
0.4149
0.7586
0.7804
0.7575
0.7781
0.4149
0.7684
0.7868
0.7688
0.7853
0.5784
0.7758
0.7924
0.7764
0.7913
0.7069
0.7859
0.7898
0.7862
0.7884
0.7594
0.7858
0.7949
0.786
0.7935
0.7591
0.7849
0.7906
0.7852
0.7886
0.7293
0.7849
0.7906
0.7852
0.7886
0.7293
0.7826
0.7902
0.783
0.7881
0.7014
0.7725
0.783
0.7725
0.7794
0.6566
0.7584
0.7825
0.7586
0.7788
0.6385
0.7566
0.7696
0.7564
0.763
0.6312
0.732
0.7587
0.7308
0.7486
0.6283
0.7308
0.7576
0.7297
0.7486
0.6283
0.7201
0.7508
0.7146
0.7418
0.6283
0.7161
0.7501
0.706
0.7416
0.6283
0.6486
0.7404
0.6521
0.7292
0.6283
0.6486
0.7403
0.6521
0.7292
0.6283
0.6486
0.7403
0.6521
0.7292
0.6283
ChampionWayG
0.3705
0.5786
0.3703
0.5766
0.3542
0.5273
0.6151
0.531
0.6136
0.3587
0.5518
0.6153
0.5535
0.6137
0.3798
0.5946
0.6215
0.5949
0.6197
0.3798
0.5951
0.6219
0.5953
0.6197
0.3798
0.6052
0.6251
0.6049
0.6233
0.3798
0.6061
0.6252
0.6051
0.6233
0.3798
0.6147
0.6309
0.6151
0.6296
0.4628
0.6212
0.6357
0.6217
0.6348
0.5617
0.63
0.6335
0.6303
0.6323
0.6068
0.6299
0.6379
0.63
0.6367
0.6065
0.6292
0.6341
0.6294
0.6324
0.5805
0.6292
0.6341
0.6294
0.6324
0.5805
0.6272
0.6337
0.6275
0.632
0.5572
0.6184
0.6274
0.6183
0.6243
0.52
0.606
0.6269
0.6061
0.6237
0.505
0.6045
0.6157
0.6043
0.61
0.4989
0.5829
0.606
0.5818
0.5973
0.4964
0.5818
0.6051
0.5809
0.5973
0.4964
0.5726
0.599
0.5681
0.5913
0.4964
0.5693
0.5984
0.5608
0.5911
0.4964
0.5132
0.5899
0.5161
0.5803
0.4964
0.5132
0.5898
0.5161
0.5803
0.4964
0.5132
0.5898
0.5161
0.5803
0.4964
Greenland
0.1811
0.3177
0.181
0.3141
0.177
0.2578
0.3836
0.2622
0.3808
0.1782
0.2854
0.384
0.2874
0.381
0.1834
0.3465
0.3948
0.3471
0.3915
0.1834
0.3474
0.3956
0.3479
0.3916
0.1834
0.3656
0.4015
0.3653
0.398
0.1834
0.3674
0.4016
0.3657
0.3981
0.1834
0.3827
0.4118
0.3834
0.4094
0.1926
0.3945
0.4207
0.3954
0.4191
0.2962
0.4106
0.4166
0.411
0.4146
0.3685
0.4105
0.4247
0.4108
0.4227
0.3681
0.4092
0.4178
0.4096
0.4147
0.3208
0.4092
0.4178
0.4096
0.4147
0.3208
0.4056
0.4172
0.4062
0.414
0.2913
0.3896
0.4056
0.3896
0.4001
0.2495
0.367
0.4048
0.3672
0.3992
0.2325
0.3643
0.3843
0.364
0.3742
0.2257
0.3256
0.3674
0.3235
0.3519
0.2229
0.3238
0.3657
0.3218
0.3519
0.2229
0.3091
0.355
0.3039
0.3413
0.2229
0.3053
0.3539
0.2958
0.3409
0.2229
0.2419
0.3382
0.2452
0.3212
0.2229
0.2419
0.3381
0.2452
0.3212
0.2229
0.2419
0.3381
0.2452
0.3212
0.2229
MiddleTN
0.0673
0.1167
0.0673
0.1123
0.0738
0.0564
0.1962
0.0609
0.1928
0.072
0.0837
0.1966
0.0858
0.1931
0.0635
0.1514
0.2096
0.1523
0.2056
0.0635
0.1525
0.2105
0.1532
0.2057
0.0635
0.1745
0.2177
0.1742
0.2135
0.0635
0.1767
0.2179
0.1746
0.2136
0.0635
0.1951
0.2302
0.1958
0.2272
0.0
0.2093
0.241
0.2104
0.239
0.0941
0.2289
0.236
0.2294
0.2335
0.1779
0.2289
0.2458
0.2292
0.2434
0.1775
0.2271
0.2375
0.2277
0.2338
0.1203
0.2271
0.2375
0.2277
0.2338
0.1203
0.2229
0.2368
0.2236
0.233
0.0893
0.2036
0.2228
0.2035
0.2161
0.0481
0.1761
0.2218
0.1764
0.215
0.0313
0.1729
0.1971
0.1725
0.1848
0.0247
0.1264
0.1769
0.1237
0.1582
0.022
0.1241
0.1749
0.1216
0.1581
0.022
0.1072
0.1622
0.1019
0.1455
0.022
0.1035
0.1608
0.094
0.1451
0.022
0.0407
0.1417
0.044
0.1212
0.022
0.0407
0.1416
0.044
0.1212
0.022
0.0407
0.1416
0.044
0.1212
0.022
