Rose
0.1702
0.2207
0.1701
0.2166
0.1675
0.1760
0.2898
0.1760
0.2871
0.1683
0.1896
0.2902
0.1917
0.2873
0.1710
0.2521
0.3005
0.2528
0.2974
0.1710
0.2530
0.3013
0.2537
0.2975
0.1710
0.2719
0.3070
0.2717
0.3036
0.1710
0.2737
0.3071
0.2720
0.3037
0.1710
0.2889
0.3166
0.2895
0.3143
0.1751
0.3003
0.3248
0.3012
0.3233
0.1999
0.3156
0.3210
0.3160
0.3191
0.2747
0.3156
0.3284
0.3158
0.3266
0.2744
0.3142
0.3221
0.3147
0.3193
0.2240
0.3142
0.3221
0.3147
0.3193
0.2240
0.3109
0.3216
0.3115
0.3187
0.1952
0.2957
0.3109
0.2957
0.3057
0.1760
0.2732
0.3101
0.2735
0.3049
0.1758
0.2705
0.2906
0.2702
0.2804
0.1757
0.2296
0.2739
0.2272
0.2580
0.1757
0.2276
0.2722
0.2253
0.2579
0.1757
0.2120
0.2614
0.2074
0.2469
0.1757
0.2088
0.2602
0.1998
0.2465
0.1757
0.1759
0.2435
0.1759
0.2249
0.1757
0.1759
0.2434
0.1759
0.2249
0.1757
0.1759
0.2434
0.1759
0.2249
0.1757
FairView
0.1702
0.2207
0.1701
0.2166
0.1675
0.1760
0.2898
0.1760
0.2871
0.1683
0.1896
0.2902
0.1917
0.2873
0.1710
0.2521
0.3005
0.2528
0.2974
0.1710
0.2530
0.3013
0.2537
0.2975
0.1710
0.2719
0.3070
0.2717
0.3036
0.1710
0.2737
0.3071
0.2720
0.3037
0.1710
0.2889
0.3166
0.2895
0.3143
0.1751
0.3003
0.3248
0.3012
0.3233
0.1999
0.3156
0.3210
0.3160
0.3191
0.2747
0.3156
0.3284
0.3158
0.3266
0.2744
0.3142
0.3221
0.3147
0.3193
0.2240
0.3142
0.3221
0.3147
0.3193
0.2240
0.3109
0.3216
0.3115
0.3187
0.1952
0.2957
0.3109
0.2957
0.3057
0.1760
0.2732
0.3101
0.2735
0.3049
0.1758
0.2705
0.2906
0.2702
0.2804
0.1757
0.2296
0.2739
0.2272
0.2580
0.1757
0.2276
0.2722
0.2253
0.2579
0.1757
0.2120
0.2614
0.2074
0.2469
0.1757
0.2088
0.2602
0.1998
0.2465
0.1757
0.1759
0.2435
0.1759
0.2249
0.1757
0.1759
0.2434
0.1759
0.2249
0.1757
0.1759
0.2434
0.1759
0.2249
0.1757
Bell
0.1702
0.2207
0.1701
0.2166
0.1675
0.1760
0.2898
0.1760
0.2871
0.1683
0.1896
0.2902
0.1917
0.2873
0.1710
0.2521
0.3005
0.2528
0.2974
0.1710
0.2530
0.3013
0.2537
0.2975
0.1710
0.2719
0.3070
0.2717
0.3036
0.1710
0.2737
0.3071
0.2720
0.3037
0.1710
0.2889
0.3166
0.2895
0.3143
0.1751
0.3003
0.3248
0.3012
0.3233
0.1999
0.3156
0.3210
0.3160
0.3191
0.2747
0.3156
0.3284
0.3158
0.3266
0.2744
0.3142
0.3221
0.3147
0.3193
0.2240
0.3142
0.3221
0.3147
0.3193
0.2240
0.3109
0.3216
0.3115
0.3187
0.1952
0.2957
0.3109
0.2957
0.3057
0.1760
0.2732
0.3101
0.2735
0.3049
0.1758
0.2705
0.2906
0.2702
0.2804
0.1757
0.2296
0.2739
0.2272
0.2580
0.1757
0.2276
0.2722
0.2253
0.2579
0.1757
0.2120
0.2614
0.2074
0.2469
0.1757
0.2088
0.2602
0.1998
0.2465
0.1757
0.1759
0.2435
0.1759
0.2249
0.1757
0.1759
0.2434
0.1759
0.2249
0.1757
0.1759
0.2434
0.1759
0.2249
0.1757
IngramN
0.1702
0.2207
0.1701
0.2166
0.1675
0.1760
0.2898
0.1760
0.2871
0.1683
0.1896
0.2902
0.1917
0.2873
0.1710
0.2521
0.3005
0.2528
0.2974
0.1710
0.2530
0.3013
0.2537
0.2975
0.1710
0.2719
0.3070
0.2717
0.3036
0.1710
0.2737
0.3071
0.2720
0.3037
0.1710
0.2889
0.3166
0.2895
0.3143
0.1751
0.3003
0.3248
0.3012
0.3233
0.1999
0.3156
0.3210
0.3160
0.3191
0.2747
0.3156
0.3284
0.3158
0.3266
0.2744
0.3142
0.3221
0.3147
0.3193
0.2240
0.3142
0.3221
0.3147
0.3193
0.2240
0.3109
0.3216
0.3115
0.3187
0.1952
0.2957
0.3109
0.2957
0.3057
0.1760
0.2732
0.3101
0.2735
0.3049
0.1758
0.2705
0.2906
0.2702
0.2804
0.1757
0.2296
0.2739
0.2272
0.2580
0.1757
0.2276
0.2722
0.2253
0.2579
0.1757
0.2120
0.2614
0.2074
0.2469
0.1757
0.2088
0.2602
0.1998
0.2465
0.1757
0.1759
0.2435
0.1759
0.2249
0.1757
0.1759
0.2434
0.1759
0.2249
0.1757
0.1759
0.2434
0.1759
0.2249
0.1757
IngramS
0.1702
0.2207
0.1701
0.2166
0.1675
0.1760
0.2898
0.1760
0.2871
0.1683
0.1896
0.2902
0.1917
0.2873
0.1710
0.2521
0.3005
0.2528
0.2974
0.1710
0.2530
0.3013
0.2537
0.2975
0.1710
0.2719
0.3070
0.2717
0.3036
0.1710
0.2737
0.3071
0.2720
0.3037
0.1710
0.2889
0.3166
0.2895
0.3143
0.1751
0.3003
0.3248
0.3012
0.3233
0.1999
0.3156
0.3210
0.3160
0.3191
0.2747
0.3156
0.3284
0.3158
0.3266
0.2744
0.3142
0.3221
0.3147
0.3193
0.2240
0.3142
0.3221
0.3147
0.3193
0.2240
0.3109
0.3216
0.3115
0.3187
0.1952
0.2957
0.3109
0.2957
0.3057
0.1760
0.2732
0.3101
0.2735
0.3049
0.1758
0.2705
0.2906
0.2702
0.2804
0.1757
0.2296
0.2739
0.2272
0.2580
0.1757
0.2276
0.2722
0.2253
0.2579
0.1757
0.2120
0.2614
0.2074
0.2469
0.1757
0.2088
0.2602
0.1998
0.2465
0.1757
0.1759
0.2435
0.1759
0.2249
0.1757
0.1759
0.2434
0.1759
0.2249
0.1757
0.1759
0.2434
0.1759
0.2249
0.1757
ParkingServ
0.1702
0.2207
0.1701
0.2166
0.1675
0.1760
0.2898
0.1760
0.2871
0.1683
0.1896
0.2902
0.1917
0.2873
0.1710
0.2521
0.3005
0.2528
0.2974
0.1710
0.2530
0.3013
0.2537
0.2975
0.1710
0.2719
0.3070
0.2717
0.3036
0.1710
0.2737
0.3071
0.2720
0.3037
0.1710
0.2889
0.3166
0.2895
0.3143
0.1751
0.3003
0.3248
0.3012
0.3233
0.1999
0.3156
0.3210
0.3160
0.3191
0.2747
0.3156
0.3284
0.3158
0.3266
0.2744
0.3142
0.3221
0.3147
0.3193
0.2240
0.3142
0.3221
0.3147
0.3193
0.2240
0.3109
0.3216
0.3115
0.3187
0.1952
0.2957
0.3109
0.2957
0.3057
0.1760
0.2732
0.3101
0.2735
0.3049
0.1758
0.2705
0.2906
0.2702
0.2804
0.1757
0.2296
0.2739
0.2272
0.2580
0.1757
0.2276
0.2722
0.2253
0.2579
0.1757
0.2120
0.2614
0.2074
0.2469
0.1757
0.2088
0.2602
0.1998
0.2465
0.1757
0.1759
0.2435
0.1759
0.2249
0.1757
0.1759
0.2434
0.1759
0.2249
0.1757
0.1759
0.2434
0.1759
0.2249
0.1757
MainSt
0.1702
0.2207
0.1701
0.2166
0.1675
0.1760
0.2898
0.1760
0.2871
0.1683
0.1896
0.2902
0.1917
0.2873
0.1710
0.2521
0.3005
0.2528
0.2974
0.1710
0.2530
0.3013
0.2537
0.2975
0.1710
0.2719
0.3070
0.2717
0.3036
0.1710
0.2737
0.3071
0.2720
0.3037
0.1710
0.2889
0.3166
0.2895
0.3143
0.1751
0.3003
0.3248
0.3012
0.3233
0.1999
0.3156
0.3210
0.3160
0.3191
0.2747
0.3156
0.3284
0.3158
0.3266
0.2744
0.3142
0.3221
0.3147
0.3193
0.2240
0.3142
0.3221
0.3147
0.3193
0.2240
0.3109
0.3216
0.3115
0.3187
0.1952
0.2957
0.3109
0.2957
0.3057
0.1760
0.2732
0.3101
0.2735
0.3049
0.1758
0.2705
0.2906
0.2702
0.2804
0.1757
0.2296
0.2739
0.2272
0.2580
0.1757
0.2276
0.2722
0.2253
0.2579
0.1757
0.2120
0.2614
0.2074
0.2469
0.1757
0.2088
0.2602
0.1998
0.2465
0.1757
0.1759
0.2435
0.1759
0.2249
0.1757
0.1759
0.2434
0.1759
0.2249
0.1757
0.1759
0.2434
0.1759
0.2249
0.1757
PublicSafety
0.1702
0.2207
0.1701
0.2166
0.1675
0.1760
0.2898
0.1760
0.2871
0.1683
0.1896
0.2902
0.1917
0.2873
0.1710
0.2521
0.3005
0.2528
0.2974
0.1710
0.2530
0.3013
0.2537
0.2975
0.1710
0.2719
0.3070
0.2717
0.3036
0.1710
0.2737
0.3071
0.2720
0.3037
0.1710
0.2889
0.3166
0.2895
0.3143
0.1751
0.3003
0.3248
0.3012
0.3233
0.1999
0.3156
0.3210
0.3160
0.3191
0.2747
0.3156
0.3284
0.3158
0.3266
0.2744
0.3142
0.3221
0.3147
0.3193
0.2240
0.3142
0.3221
0.3147
0.3193
0.2240
0.3109
0.3216
0.3115
0.3187
0.1952
0.2957
0.3109
0.2957
0.3057
0.1760
0.2732
0.3101
0.2735
0.3049
0.1758
0.2705
0.2906
0.2702
0.2804
0.1757
0.2296
0.2739
0.2272
0.2580
0.1757
0.2276
0.2722
0.2253
0.2579
0.1757
0.2120
0.2614
0.2074
0.2469
0.1757
0.2088
0.2602
0.1998
0.2465
0.1757
0.1759
0.2435
0.1759
0.2249
0.1757
0.1759
0.2434
0.1759
0.2249
0.1757
0.1759
0.2434
0.1759
0.2249
0.1757
CollegeHeights
0.1702
0.2207
0.1701
0.2166
0.1675
0.1760
0.2898
0.1760
0.2871
0.1683
0.1896
0.2902
0.1917
0.2873
0.1710
0.2521
0.3005
0.2528
0.2974
0.1710
0.2530
0.3013
0.2537
0.2975
0.1710
0.2719
0.3070
0.2717
0.3036
0.1710
0.2737
0.3071
0.2720
0.3037
0.1710
0.2889
0.3166
0.2895
0.3143
0.1751
0.3003
0.3248
0.3012
0.3233
0.1999
0.3156
0.3210
0.3160
0.3191
0.2747
0.3156
0.3284
0.3158
0.3266
0.2744
0.3142
0.3221
0.3147
0.3193
0.2240
0.3142
0.3221
0.3147
0.3193
0.2240
0.3109
0.3216
0.3115
0.3187
0.1952
0.2957
0.3109
0.2957
0.3057
0.1760
0.2732
0.3101
0.2735
0.3049
0.1758
0.2705
0.2906
0.2702
0.2804
0.1757
0.2296
0.2739
0.2272
0.2580
0.1757
0.2276
0.2722
0.2253
0.2579
0.1757
0.2120
0.2614
0.2074
0.2469
0.1757
0.2088
0.2602
0.1998
0.2465
0.1757
0.1759
0.2435
0.1759
0.2249
0.1757
0.1759
0.2434
0.1759
0.2249
0.1757
0.1759
0.2434
0.1759
0.2249
0.1757
SportsPlex
0.1702
0.2207
0.1701
0.2166
0.1675
0.1760
0.2898
0.1760
0.2871
0.1683
0.1896
0.2902
0.1917
0.2873
0.1710
0.2521
0.3005
0.2528
0.2974
0.1710
0.2530
0.3013
0.2537
0.2975
0.1710
0.2719
0.3070
0.2717
0.3036
0.1710
0.2737
0.3071
0.2720
0.3037
0.1710
0.2889
0.3166
0.2895
0.3143
0.1751
0.3003
0.3248
0.3012
0.3233
0.1999
0.3156
0.3210
0.3160
0.3191
0.2747
0.3156
0.3284
0.3158
0.3266
0.2744
0.3142
0.3221
0.3147
0.3193
0.2240
0.3142
0.3221
0.3147
0.3193
0.2240
0.3109
0.3216
0.3115
0.3187
0.1952
0.2957
0.3109
0.2957
0.3057
0.1760
0.2732
0.3101
0.2735
0.3049
0.1758
0.2705
0.2906
0.2702
0.2804
0.1757
0.2296
0.2739
0.2272
0.2580
0.1757
0.2276
0.2722
0.2253
0.2579
0.1757
0.2120
0.2614
0.2074
0.2469
0.1757
0.2088
0.2602
0.1998
0.2465
0.1757
0.1759
0.2435
0.1759
0.2249
0.1757
0.1759
0.2434
0.1759
0.2249
0.1757
0.1759
0.2434
0.1759
0.2249
0.1757
CityView
0.1702
0.2207
0.1701
0.2166
0.1675
0.1760
0.2898
0.1760
0.2871
0.1683
0.1896
0.2902
0.1917
0.2873
0.1710
0.2521
0.3005
0.2528
0.2974
0.1710
0.2530
0.3013
0.2537
0.2975
0.1710
0.2719
0.3070
0.2717
0.3036
0.1710
0.2737
0.3071
0.2720
0.3037
0.1710
0.2889
0.3166
0.2895
0.3143
0.1751
0.3003
0.3248
0.3012
0.3233
0.1999
0.3156
0.3210
0.3160
0.3191
0.2747
0.3156
0.3284
0.3158
0.3266
0.2744
0.3142
0.3221
0.3147
0.3193
0.2240
0.3142
0.3221
0.3147
0.3193
0.2240
0.3109
0.3216
0.3115
0.3187
0.1952
0.2957
0.3109
0.2957
0.3057
0.1760
0.2732
0.3101
0.2735
0.3049
0.1758
0.2705
0.2906
0.2702
0.2804
0.1757
0.2296
0.2739
0.2272
0.2580
0.1757
0.2276
0.2722
0.2253
0.2579
0.1757
0.2120
0.2614
0.2074
0.2469
0.1757
0.2088
0.2602
0.1998
0.2465
0.1757
0.1759
0.2435
0.1759
0.2249
0.1757
0.1759
0.2434
0.1759
0.2249
0.1757
0.1759
0.2434
0.1759
0.2249
0.1757
GreekRow
0.1702
0.2207
0.1701
0.2166
0.1675
0.1760
0.2898
0.1760
0.2871
0.1683
0.1896
0.2902
0.1917
0.2873
0.1710
0.2521
0.3005
0.2528
0.2974
0.1710
0.2530
0.3013
0.2537
0.2975
0.1710
0.2719
0.3070
0.2717
0.3036
0.1710
0.2737
0.3071
0.2720
0.3037
0.1710
0.2889
0.3166
0.2895
0.3143
0.1751
0.3003
0.3248
0.3012
0.3233
0.1999
0.3156
0.3210
0.3160
0.3191
0.2747
0.3156
0.3284
0.3158
0.3266
0.2744
0.3142
0.3221
0.3147
0.3193
0.2240
0.3142
0.3221
0.3147
0.3193
0.2240
0.3109
0.3216
0.3115
0.3187
0.1952
0.2957
0.3109
0.2957
0.3057
0.1760
0.2732
0.3101
0.2735
0.3049
0.1758
0.2705
0.2906
0.2702
0.2804
0.1757
0.2296
0.2739
0.2272
0.2580
0.1757
0.2276
0.2722
0.2253
0.2579
0.1757
0.2120
0.2614
0.2074
0.2469
0.1757
0.2088
0.2602
0.1998
0.2465
0.1757
0.1759
0.2435
0.1759
0.2249
0.1757
0.1759
0.2434
0.1759
0.2249
0.1757
0.1759
0.2434
0.1759
0.2249
0.1757
Rutherford
0.1702
0.2207
0.1701
0.2166
0.1675
0.1760
0.2898
0.1760
0.2871
0.1683
0.1896
0.2902
0.1917
0.2873
0.1710
0.2521
0.3005
0.2528
0.2974
0.1710
0.2530
0.3013
0.2537
0.2975
0.1710
0.2719
0.3070
0.2717
0.3036
0.1710
0.2737
0.3071
0.2720
0.3037
0.1710
0.2889
0.3166
0.2895
0.3143
0.1751
0.3003
0.3248
0.3012
0.3233
0.1999
0.3156
0.3210
0.3160
0.3191
0.2747
0.3156
0.3284
0.3158
0.3266
0.2744
0.3142
0.3221
0.3147
0.3193
0.2240
0.3142
0.3221
0.3147
0.3193
0.2240
0.3109
0.3216
0.3115
0.3187
0.1952
0.2957
0.3109
0.2957
0.3057
0.1760
0.2732
0.3101
0.2735
0.3049
0.1758
0.2705
0.2906
0.2702
0.2804
0.1757
0.2296
0.2739
0.2272
0.2580
0.1757
0.2276
0.2722
0.2253
0.2579
0.1757
0.2120
0.2614
0.2074
0.2469
0.1757
0.2088
0.2602
0.1998
0.2465
0.1757
0.1759
0.2435
0.1759
0.2249
0.1757
0.1759
0.2434
0.1759
0.2249
0.1757
0.1759
0.2434
0.1759
0.2249
0.1757
Softball
0.1702
0.2207
0.1701
0.2166
0.1675
0.1760
0.2898
0.1760
0.2871
0.1683
0.1896
0.2902
0.1917
0.2873
0.1710
0.2521
0.3005
0.2528
0.2974
0.1710
0.2530
0.3013
0.2537
0.2975
0.1710
0.2719
0.3070
0.2717
0.3036
0.1710
0.2737
0.3071
0.2720
0.3037
0.1710
0.2889
0.3166
0.2895
0.3143
0.1751
0.3003
0.3248
0.3012
0.3233
0.1999
0.3156
0.3210
0.3160
0.3191
0.2747
0.3156
0.3284
0.3158
0.3266
0.2744
0.3142
0.3221
0.3147
0.3193
0.2240
0.3142
0.3221
0.3147
0.3193
0.2240
0.3109
0.3216
0.3115
0.3187
0.1952
0.2957
0.3109
0.2957
0.3057
0.1760
0.2732
0.3101
0.2735
0.3049
0.1758
0.2705
0.2906
0.2702
0.2804
0.1757
0.2296
0.2739
0.2272
0.2580
0.1757
0.2276
0.2722
0.2253
0.2579
0.1757
0.2120
0.2614
0.2074
0.2469
0.1757
0.2088
0.2602
0.1998
0.2465
0.1757
0.1759
0.2435
0.1759
0.2249
0.1757
0.1759
0.2434
0.1759
0.2249
0.1757
0.1759
0.2434
0.1759
0.2249
0.1757
Ezell
0.1702
0.2207
0.1701
0.2166
0.1675
0.1760
0.2898
0.1760
0.2871
0.1683
0.1896
0.2902
0.1917
0.2873
0.1710
0.2521
0.3005
0.2528
0.2974
0.1710
0.2530
0.3013
0.2537
0.2975
0.1710
0.2719
0.3070
0.2717
0.3036
0.1710
0.2737
0.3071
0.2720
0.3037
0.1710
0.2889
0.3166
0.2895
0.3143
0.1751
0.3003
0.3248
0.3012
0.3233
0.1999
0.3156
0.3210
0.3160
0.3191
0.2747
0.3156
0.3284
0.3158
0.3266
0.2744
0.3142
0.3221
0.3147
0.3193
0.2240
0.3142
0.3221
0.3147
0.3193
0.2240
0.3109
0.3216
0.3115
0.3187
0.1952
0.2957
0.3109
0.2957
0.3057
0.1760
0.2732
0.3101
0.2735
0.3049
0.1758
0.2705
0.2906
0.2702
0.2804
0.1757
0.2296
0.2739
0.2272
0.2580
0.1757
0.2276
0.2722
0.2253
0.2579
0.1757
0.2120
0.2614
0.2074
0.2469
0.1757
0.2088
0.2602
0.1998
0.2465
0.1757
0.1759
0.2435
0.1759
0.2249
0.1757
0.1759
0.2434
0.1759
0.2249
0.1757
0.1759
0.2434
0.1759
0.2249
0.1757
MtsuBlvdG
0.1702
0.2207
0.1701
0.2166
0.1675
0.1760
0.2898
0.1760
0.2871
0.1683
0.1896
0.2902
0.1917
0.2873
0.1710
0.2521
0.3005
0.2528
0.2974
0.1710
0.2530
0.3013
0.2537
0.2975
0.1710
0.2719
0.3070
0.2717
0.3036
0.1710
0.2737
0.3071
0.2720
0.3037
0.1710
0.2889
0.3166
0.2895
0.3143
0.1751
0.3003
0.3248
0.3012
0.3233
0.1999
0.3156
0.3210
0.3160
0.3191
0.2747
0.3156
0.3284
0.3158
0.3266
0.2744
0.3142
0.3221
0.3147
0.3193
0.2240
0.3142
0.3221
0.3147
0.3193
0.2240
0.3109
0.3216
0.3115
0.3187
0.1952
0.2957
0.3109
0.2957
0.3057
0.1760
0.2732
0.3101
0.2735
0.3049
0.1758
0.2705
0.2906
0.2702
0.2804
0.1757
0.2296
0.2739
0.2272
0.2580
0.1757
0.2276
0.2722
0.2253
0.2579
0.1757
0.2120
0.2614
0.2074
0.2469
0.1757
0.2088
0.2602
0.1998
0.2465
0.1757
0.1759
0.2435
0.1759
0.2249
0.1757
0.1759
0.2434
0.1759
0.2249
0.1757
0.1759
0.2434
0.1759
0.2249
0.1757
Rec
0.1702
0.2207
0.1701
0.2166
0.1675
0.1760
0.2898
0.1760
0.2871
0.1683
0.1896
0.2902
0.1917
0.2873
0.1710
0.2521
0.3005
0.2528
0.2974
0.1710
0.2530
0.3013
0.2537
0.2975
0.1710
0.2719
0.3070
0.2717
0.3036
0.1710
0.2737
0.3071
0.2720
0.3037
0.1710
0.2889
0.3166
0.2895
0.3143
0.1751
0.3003
0.3248
0.3012
0.3233
0.1999
0.3156
0.3210
0.3160
0.3191
0.2747
0.3156
0.3284
0.3158
0.3266
0.2744
0.3142
0.3221
0.3147
0.3193
0.2240
0.3142
0.3221
0.3147
0.3193
0.2240
0.3109
0.3216
0.3115
0.3187
0.1952
0.2957
0.3109
0.2957
0.3057
0.1760
0.2732
0.3101
0.2735
0.3049
0.1758
0.2705
0.2906
0.2702
0.2804
0.1757
0.2296
0.2739
0.2272
0.2580
0.1757
0.2276
0.2722
0.2253
0.2579
0.1757
0.2120
0.2614
0.2074
0.2469
0.1757
0.2088
0.2602
0.1998
0.2465
0.1757
0.1759
0.2435
0.1759
0.2249
0.1757
0.1759
0.2434
0.1759
0.2249
0.1757
0.1759
0.2434
0.1759
0.2249
0.1757
Abernathy
0.1702
0.2207
0.1701
0.2166
0.1675
0.1760
0.2898
0.1760
0.2871
0.1683
0.1896
0.2902
0.1917
0.2873
0.1710
0.2521
0.3005
0.2528
0.2974
0.1710
0.2530
0.3013
0.2537
0.2975
0.1710
0.2719
0.3070
0.2717
0.3036
0.1710
0.2737
0.3071
0.2720
0.3037
0.1710
0.2889
0.3166
0.2895
0.3143
0.1751
0.3003
0.3248
0.3012
0.3233
0.1999
0.3156
0.3210
0.3160
0.3191
0.2747
0.3156
0.3284
0.3158
0.3266
0.2744
0.3142
0.3221
0.3147
0.3193
0.2240
0.3142
0.3221
0.3147
0.3193
0.2240
0.3109
0.3216
0.3115
0.3187
0.1952
0.2957
0.3109
0.2957
0.3057
0.1760
0.2732
0.3101
0.2735
0.3049
0.1758
0.2705
0.2906
0.2702
0.2804
0.1757
0.2296
0.2739
0.2272
0.2580
0.1757
0.2276
0.2722
0.2253
0.2579
0.1757
0.2120
0.2614
0.2074
0.2469
0.1757
0.2088
0.2602
0.1998
0.2465
0.1757
0.1759
0.2435
0.1759
0.2249
0.1757
0.1759
0.2434
0.1759
0.2249
0.1757
0.1759
0.2434
0.1759
0.2249
0.1757
MTSU
0.1702
0.2207
0.1701
0.2166
0.1675
0.1760
0.2898
0.1760
0.2871
0.1683
0.1896
0.2902
0.1917
0.2873
0.1710
0.2521
0.3005
0.2528
0.2974
0.1710
0.2530
0.3013
0.2537
0.2975
0.1710
0.2719
0.3070
0.2717
0.3036
0.1710
0.2737
0.3071
0.2720
0.3037
0.1710
0.2889
0.3166
0.2895
0.3143
0.1751
0.3003
0.3248
0.3012
0.3233
0.1999
0.3156
0.3210
0.3160
0.3191
0.2747
0.3156
0.3284
0.3158
0.3266
0.2744
0.3142
0.3221
0.3147
0.3193
0.2240
0.3142
0.3221
0.3147
0.3193
0.2240
0.3109
0.3216
0.3115
0.3187
0.1952
0.2957
0.3109
0.2957
0.3057
0.1760
0.2732
0.3101
0.2735
0.3049
0.1758
0.2705
0.2906
0.2702
0.2804
0.1757
0.2296
0.2739
0.2272
0.2580
0.1757
0.2276
0.2722
0.2253
0.2579
0.1757
0.2120
0.2614
0.2074
0.2469
0.1757
0.2088
0.2602
0.1998
0.2465
0.1757
0.1759
0.2435
0.1759
0.2249
0.1757
0.1759
0.2434
0.1759
0.2249
0.1757
0.1759
0.2434
0.1759
0.2249
0.1757
Highland
0.1702
0.2207
0.1701
0.2166
0.1675
0.1760
0.2898
0.1760
0.2871
0.1683
0.1896
0.2902
0.1917
0.2873
0.1710
0.2521
0.3005
0.2528
0.2974
0.1710
0.2530
0.3013
0.2537
0.2975
0.1710
0.2719
0.3070
0.2717
0.3036
0.1710
0.2737
0.3071
0.2720
0.3037
0.1710
0.2889
0.3166
0.2895
0.3143
0.1751
0.3003
0.3248
0.3012
0.3233
0.1999
0.3156
0.3210
0.3160
0.3191
0.2747
0.3156
0.3284
0.3158
0.3266
0.2744
0.3142
0.3221
0.3147
0.3193
0.2240
0.3142
0.3221
0.3147
0.3193
0.2240
0.3109
0.3216
0.3115
0.3187
0.1952
0.2957
0.3109
0.2957
0.3057
0.1760
0.2732
0.3101
0.2735
0.3049
0.1758
0.2705
0.2906
0.2702
0.2804
0.1757
0.2296
0.2739
0.2272
0.2580
0.1757
0.2276
0.2722
0.2253
0.2579
0.1757
0.2120
0.2614
0.2074
0.2469
0.1757
0.2088
0.2602
0.1998
0.2465
0.1757
0.1759
0.2435
0.1759
0.2249
0.1757
0.1759
0.2434
0.1759
0.2249
0.1757
0.1759
0.2434
0.1759
0.2249
0.1757
MEC
0.1702
0.2207
0.1701
0.2166
0.1675
0.1760
0.2898
0.1760
0.2871
0.1683
0.1896
0.2902
0.1917
0.2873
0.1710
0.2521
0.3005
0.2528
0.2974
0.1710
0.2530
0.3013
0.2537
0.2975
0.1710
0.2719
0.3070
0.2717
0.3036
0.1710
0.2737
0.3071
0.2720
0.3037
0.1710
0.2889
0.3166
0.2895
0.3143
0.1751
0.3003
0.3248
0.3012
0.3233
0.1999
0.3156
0.3210
0.3160
0.3191
0.2747
0.3156
0.3284
0.3158
0.3266
0.2744
0.3142
0.3221
0.3147
0.3193
0.2240
0.3142
0.3221
0.3147
0.3193
0.2240
0.3109
0.3216
0.3115
0.3187
0.1952
0.2957
0.3109
0.2957
0.3057
0.1760
0.2732
0.3101
0.2735
0.3049
0.1758
0.2705
0.2906
0.2702
0.2804
0.1757
0.2296
0.2739
0.2272
0.2580
0.1757
0.2276
0.2722
0.2253
0.2579
0.1757
0.2120
0.2614
0.2074
0.2469
0.1757
0.2088
0.2602
0.1998
0.2465
0.1757
0.1759
0.2435
0.1759
0.2249
0.1757
0.1759
0.2434
0.1759
0.2249
0.1757
0.1759
0.2434
0.1759
0.2249
0.1757
Jackson
0.1702
0.2207
0.1701
0.2166
0.1675
0.1760
0.2898
0.1760
0.2871
0.1683
0.1896
0.2902
0.1917
0.2873
0.1710
0.2521
0.3005
0.2528
0.2974
0.1710
0.2530
0.3013
0.2537
0.2975
0.1710
0.2719
0.3070
0.2717
0.3036
0.1710
0.2737
0.3071
0.2720
0.3037
0.1710
0.2889
0.3166
0.2895
0.3143
0.1751
0.3003
0.3248
0.3012
0.3233
0.1999
0.3156
0.3210
0.3160
0.3191
0.2747
0.3156
0.3284
0.3158
0.3266
0.2744
0.3142
0.3221
0.3147
0.3193
0.2240
0.3142
0.3221
0.3147
0.3193
0.2240
0.3109
0.3216
0.3115
0.3187
0.1952
0.2957
0.3109
0.2957
0.3057
0.1760
0.2732
0.3101
0.2735
0.3049
0.1758
0.2705
0.2906
0.2702
0.2804
0.1757
0.2296
0.2739
0.2272
0.2580
0.1757
0.2276
0.2722
0.2253
0.2579
0.1757
0.2120
0.2614
0.2074
0.2469
0.1757
0.2088
0.2602
0.1998
0.2465
0.1757
0.1759
0.2435
0.1759
0.2249
0.1757
0.1759
0.2434
0.1759
0.2249
0.1757
0.1759
0.2434
0.1759
0.2249
0.1757
Livestock
0.1702
0.2207
0.1701
0.2166
0.1675
0.1760
0.2898
0.1760
0.2871
0.1683
0.1896
0.2902
0.1917
0.2873
0.1710
0.2521
0.3005
0.2528
0.2974
0.1710
0.2530
0.3013
0.2537
0.2975
0.1710
0.2719
0.3070
0.2717
0.3036
0.1710
0.2737
0.3071
0.2720
0.3037
0.1710
0.2889
0.3166
0.2895
0.3143
0.1751
0.3003
0.3248
0.3012
0.3233
0.1999
0.3156
0.3210
0.3160
0.3191
0.2747
0.3156
0.3284
0.3158
0.3266
0.2744
0.3142
0.3221
0.3147
0.3193
0.2240
0.3142
0.3221
0.3147
0.3193
0.2240
0.3109
0.3216
0.3115
0.3187
0.1952
0.2957
0.3109
0.2957
0.3057
0.1760
0.2732
0.3101
0.2735
0.3049
0.1758
0.2705
0.2906
0.2702
0.2804
0.1757
0.2296
0.2739
0.2272
0.2580
0.1757
0.2276
0.2722
0.2253
0.2579
0.1757
0.2120
0.2614
0.2074
0.2469
0.1757
0.2088
0.2602
0.1998
0.2465
0.1757
0.1759
0.2435
0.1759
0.2249
0.1757
0.1759
0.2434
0.1759
0.2249
0.1757
0.1759
0.2434
0.1759
0.2249
0.1757
Greenhouse
0.1702
0.2207
0.1701
0.2166
0.1675
0.1760
0.2898
0.1760
0.2871
0.1683
0.1896
0.2902
0.1917
0.2873
0.1710
0.2521
0.3005
0.2528
0.2974
0.1710
0.2530
0.3013
0.2537
0.2975
0.1710
0.2719
0.3070
0.2717
0.3036
0.1710
0.2737
0.3071
0.2720
0.3037
0.1710
0.2889
0.3166
0.2895
0.3143
0.1751
0.3003
0.3248
0.3012
0.3233
0.1999
0.3156
0.3210
0.3160
0.3191
0.2747
0.3156
0.3284
0.3158
0.3266
0.2744
0.3142
0.3221
0.3147
0.3193
0.2240
0.3142
0.3221
0.3147
0.3193
0.2240
0.3109
0.3216
0.3115
0.3187
0.1952
0.2957
0.3109
0.2957
0.3057
0.1760
0.2732
0.3101
0.2735
0.3049
0.1758
0.2705
0.2906
0.2702
0.2804
0.1757
0.2296
0.2739
0.2272
0.2580
0.1757
0.2276
0.2722
0.2253
0.2579
0.1757
0.2120
0.2614
0.2074
0.2469
0.1757
0.2088
0.2602
0.1998
0.2465
0.1757
0.1759
0.2435
0.1759
0.2249
0.1757
0.1759
0.2434
0.1759
0.2249
0.1757
0.1759
0.2434
0.1759
0.2249
0.1757
ChampionWayG
0.1702
0.2207
0.1701
0.2166
0.1675
0.1760
0.2898
0.1760
0.2871
0.1683
0.1896
0.2902
0.1917
0.2873
0.1710
0.2521
0.3005
0.2528
0.2974
0.1710
0.2530
0.3013
0.2537
0.2975
0.1710
0.2719
0.3070
0.2717
0.3036
0.1710
0.2737
0.3071
0.2720
0.3037
0.1710
0.2889
0.3166
0.2895
0.3143
0.1751
0.3003
0.3248
0.3012
0.3233
0.1999
0.3156
0.3210
0.3160
0.3191
0.2747
0.3156
0.3284
0.3158
0.3266
0.2744
0.3142
0.3221
0.3147
0.3193
0.2240
0.3142
0.3221
0.3147
0.3193
0.2240
0.3109
0.3216
0.3115
0.3187
0.1952
0.2957
0.3109
0.2957
0.3057
0.1760
0.2732
0.3101
0.2735
0.3049
0.1758
0.2705
0.2906
0.2702
0.2804
0.1757
0.2296
0.2739
0.2272
0.2580
0.1757
0.2276
0.2722
0.2253
0.2579
0.1757
0.2120
0.2614
0.2074
0.2469
0.1757
0.2088
0.2602
0.1998
0.2465
0.1757
0.1759
0.2435
0.1759
0.2249
0.1757
0.1759
0.2434
0.1759
0.2249
0.1757
0.1759
0.2434
0.1759
0.2249
0.1757
Greenland
0.1702
0.2207
0.1701
0.2166
0.1675
0.1760
0.2898
0.1760
0.2871
0.1683
0.1896
0.2902
0.1917
0.2873
0.1710
0.2521
0.3005
0.2528
0.2974
0.1710
0.2530
0.3013
0.2537
0.2975
0.1710
0.2719
0.3070
0.2717
0.3036
0.1710
0.2737
0.3071
0.2720
0.3037
0.1710
0.2889
0.3166
0.2895
0.3143
0.1751
0.3003
0.3248
0.3012
0.3233
0.1999
0.3156
0.3210
0.3160
0.3191
0.2747
0.3156
0.3284
0.3158
0.3266
0.2744
0.3142
0.3221
0.3147
0.3193
0.2240
0.3142
0.3221
0.3147
0.3193
0.2240
0.3109
0.3216
0.3115
0.3187
0.1952
0.2957
0.3109
0.2957
0.3057
0.1760
0.2732
0.3101
0.2735
0.3049
0.1758
0.2705
0.2906
0.2702
0.2804
0.1757
0.2296
0.2739
0.2272
0.2580
0.1757
0.2276
0.2722
0.2253
0.2579
0.1757
0.2120
0.2614
0.2074
0.2469
0.1757
0.2088
0.2602
0.1998
0.2465
0.1757
0.1759
0.2435
0.1759
0.2249
0.1757
0.1759
0.2434
0.1759
0.2249
0.1757
0.1759
0.2434
0.1759
0.2249
0.1757
MiddleTN
0.1702
0.2207
0.1701
0.2166
0.1675
0.1760
0.2898
0.1760
0.2871
0.1683
0.1896
0.2902
0.1917
0.2873
0.1710
0.2521
0.3005
0.2528
0.2974
0.1710
0.2530
0.3013
0.2537
0.2975
0.1710
0.2719
0.3070
0.2717
0.3036
0.1710
0.2737
0.3071
0.2720
0.3037
0.1710
0.2889
0.3166
0.2895
0.3143
0.1751
0.3003
0.3248
0.3012
0.3233
0.1999
0.3156
0.3210
0.3160
0.3191
0.2747
0.3156
0.3284
0.3158
0.3266
0.2744
0.3142
0.3221
0.3147
0.3193
0.2240
0.3142
0.3221
0.3147
0.3193
0.2240
0.3109
0.3216
0.3115
0.3187
0.1952
0.2957
0.3109
0.2957
0.3057
0.1760
0.2732
0.3101
0.2735
0.3049
0.1758
0.2705
0.2906
0.2702
0.2804
0.1757
0.2296
0.2739
0.2272
0.2580
0.1757
0.2276
0.2722
0.2253
0.2579
0.1757
0.2120
0.2614
0.2074
0.2469
0.1757
0.2088
0.2602
0.1998
0.2465
0.1757
0.1759
0.2435
0.1759
0.2249
0.1757
0.1759
0.2434
0.1759
0.2249
0.1757
0.1759
0.2434
0.1759
0.2249
0.1757
