Rose
0.0
0.2967
0.0
0.2831
0.0
0.1371
0.5473
0.1432
0.5365
0.0
0.1984
0.5489
0.2057
0.5374
0.0
0.4045
0.5904
0.4076
0.5774
0.0
0.4079
0.5935
0.4106
0.5777
0.0
0.4779
0.6174
0.4771
0.6032
0.0
0.4848
0.6179
0.4783
0.6035
0.0
0.5436
0.6584
0.5457
0.6484
0.0356
0.5899
0.6828
0.5932
0.6794
0.2278
0.6548
0.6742
0.6563
0.6696
0.4879
0.6553
0.6911
0.6561
0.687
0.4872
0.6491
0.6767
0.6509
0.6703
0.3068
0.6491
0.6767
0.6509
0.6703
0.3068
0.6354
0.6757
0.6378
0.6682
0.2148
0.5721
0.6341
0.5718
0.6121
0.1267
0.4826
0.6309
0.4833
0.6088
0.1072
0.4724
0.5497
0.4709
0.5101
0.1001
0.3272
0.486
0.3179
0.427
0.0973
0.3204
0.4797
0.3115
0.4268
0.0973
0.2695
0.4397
0.2539
0.3878
0.0973
0.2591
0.4353
0.2308
0.3864
0.0973
0.1182
0.3743
0.122
0.3118
0.0973
0.1182
0.3738
0.122
0.3118
0.0973
0.1182
0.3738
0.122
0.3118
0.0973
FairView
0.1187
0.3247
0.1187
0.3141
0.1205
0.1983
0.5207
0.2026
0.5123
0.12
0.2463
0.5219
0.2523
0.513
0.1177
0.409
0.5543
0.4115
0.5441
0.1177
0.4117
0.5567
0.4138
0.5443
0.1177
0.4665
0.5755
0.4659
0.5643
0.1177
0.4718
0.5759
0.4668
0.5645
0.1177
0.5178
0.6075
0.5193
0.5996
0.1271
0.554
0.6252
0.5565
0.6229
0.27
0.6049
0.6194
0.606
0.6164
0.4742
0.6054
0.6307
0.6059
0.628
0.4738
0.6005
0.6211
0.6019
0.6168
0.3324
0.6005
0.6211
0.6019
0.6168
0.3324
0.5899
0.6204
0.5917
0.6153
0.2595
0.5403
0.5885
0.5401
0.5714
0.1914
0.47
0.586
0.4706
0.5688
0.1781
0.4621
0.5224
0.4609
0.4915
0.1735
0.3487
0.4728
0.3413
0.4269
0.1715
0.3434
0.4679
0.3363
0.4267
0.1715
0.3037
0.4368
0.2913
0.3963
0.1715
0.2956
0.4333
0.2728
0.3952
0.1715
0.1856
0.3853
0.1882
0.3367
0.1715
0.1856
0.3849
0.1882
0.3367
0.1715
0.1856
0.3849
0.1882
0.3367
0.1715
Bell
0.6106
0.5883
0.6105
0.5889
0.6138
0.5771
0.5753
0.5761
0.5758
0.6129
0.5821
0.5752
0.5836
0.5758
0.6088
0.5821
0.5727
0.5822
0.5732
0.6088
0.582
0.5725
0.582
0.5732
0.6088
0.5786
0.5715
0.5786
0.572
0.6088
0.5782
0.5715
0.5785
0.572
0.6088
0.5749
0.5694
0.5743
0.5697
0.5839
0.5728
0.5583
0.5722
0.5611
0.5862
0.5699
0.5655
0.5695
0.5691
0.5774
0.5703
0.5514
0.5699
0.5549
0.5778
0.5705
0.5633
0.5703
0.5688
0.5862
0.5705
0.5633
0.5703
0.5688
0.5862
0.5715
0.5644
0.5711
0.5693
0.5846
0.5744
0.5706
0.5742
0.5718
0.5794
0.578
0.5708
0.5777
0.5721
0.5835
0.5786
0.5745
0.5783
0.5766
0.5852
0.5868
0.5789
0.5863
0.5823
0.5858
0.5872
0.5793
0.5866
0.5823
0.5858
0.5899
0.5817
0.5898
0.5848
0.5858
0.5905
0.5819
0.5879
0.5848
0.5858
0.5813
0.5841
0.5805
0.588
0.5858
0.5813
0.5841
0.5805
0.588
0.5858
0.5813
0.5841
0.5805
0.588
0.5858
IngramN
0.7468
0.7067
0.7467
0.7101
0.7484
0.7206
0.6413
0.719
0.6441
0.7479
0.7175
0.6408
0.718
0.6438
0.7459
0.6778
0.6297
0.6773
0.6329
0.7459
0.677
0.6288
0.6765
0.6329
0.7459
0.659
0.6229
0.6591
0.6263
0.7459
0.6572
0.6227
0.6588
0.6262
0.7459
0.6416
0.6122
0.6405
0.6146
0.7345
0.6298
0.5929
0.6285
0.5972
0.7177
0.6134
0.6039
0.6127
0.6095
0.6556
0.6137
0.5824
0.6131
0.5877
0.6562
0.6152
0.6007
0.6146
0.609
0.7022
0.6152
0.6007
0.6146
0.609
0.7022
0.6191
0.6022
0.6182
0.6101
0.7178
0.6352
0.6185
0.6351
0.6242
0.724
0.6574
0.6194
0.6568
0.6252
0.7302
0.6602
0.64
0.6601
0.6504
0.7326
0.6987
0.6579
0.7
0.6735
0.7335
0.7005
0.6596
0.7017
0.6735
0.7335
0.7139
0.6703
0.717
0.6842
0.7335
0.7166
0.6715
0.7189
0.6845
0.7335
0.7268
0.6863
0.7256
0.7033
0.7335
0.7268
0.6865
0.7256
0.7033
0.7335
0.7268
0.6865
0.7256
0.7033
0.7335
IngramS
0.7187
0.7763
0.7186
0.7786
0.7167
0.7713
0.7329
0.7715
0.7348
0.7172
0.7779
0.7327
0.7791
0.7346
0.7199
0.757
0.7252
0.7568
0.7273
0.7199
0.7565
0.7246
0.7562
0.7273
0.7199
0.7447
0.7207
0.7447
0.7229
0.7199
0.7435
0.7206
0.7445
0.7229
0.7199
0.7331
0.7136
0.7322
0.7152
0.7534
0.7253
0.6957
0.7243
0.6999
0.7815
0.7145
0.7065
0.714
0.7119
0.7423
0.7148
0.6854
0.7143
0.6906
0.7428
0.7158
0.7034
0.7153
0.7115
0.773
0.7158
0.7034
0.7153
0.7115
0.773
0.7184
0.7048
0.7178
0.7124
0.7801
0.729
0.7178
0.7289
0.7216
0.7714
0.7435
0.7184
0.7431
0.7223
0.7715
0.7454
0.732
0.7453
0.7389
0.7717
0.7711
0.744
0.7718
0.7544
0.7717
0.7723
0.7452
0.7729
0.7545
0.7717
0.7812
0.7523
0.783
0.7616
0.7717
0.783
0.7531
0.7826
0.7618
0.7717
0.7715
0.7627
0.7715
0.7741
0.7717
0.7715
0.7628
0.7715
0.7741
0.7717
0.7715
0.7628
0.7715
0.7741
0.7717
ParkingServ
0.9378
0.8631
0.9377
0.8706
0.9377
0.9139
0.7232
0.911
0.7293
0.9377
0.8985
0.7223
0.8975
0.7288
0.9379
0.802
0.6989
0.8006
0.7061
0.9379
0.8002
0.6972
0.799
0.7059
0.9379
0.7615
0.6841
0.7619
0.6918
0.9379
0.7577
0.6838
0.7612
0.6916
0.9379
0.7246
0.6612
0.7229
0.6666
0.941
0.6991
0.6305
0.6968
0.6369
0.8933
0.6633
0.6468
0.6621
0.6551
0.7552
0.6634
0.6148
0.6626
0.6226
0.7559
0.6669
0.6422
0.6657
0.6544
0.8554
0.6669
0.6422
0.6657
0.6544
0.8554
0.6747
0.6443
0.6731
0.6562
0.8955
0.7097
0.6748
0.7097
0.687
0.9189
0.7585
0.6767
0.7578
0.689
0.9287
0.7643
0.7216
0.7648
0.7436
0.9322
0.846
0.7583
0.8501
0.7912
0.9337
0.8498
0.7618
0.8538
0.7913
0.9337
0.8782
0.7844
0.8861
0.8135
0.9337
0.884
0.7869
0.8934
0.8143
0.9337
0.9232
0.82
0.9214
0.8553
0.9337
0.9232
0.8203
0.9214
0.8553
0.9337
0.9232
0.8203
0.9214
0.8553
0.9337
MainSt
0.9804
0.8744
0.9803
0.8829
0.9809
0.9367
0.7152
0.9332
0.7221
0.9807
0.9166
0.7141
0.9152
0.7215
0.9801
0.8049
0.6876
0.8033
0.6958
0.9801
0.8028
0.6856
0.8014
0.6956
0.9801
0.7587
0.6706
0.7592
0.6795
0.9801
0.7544
0.6703
0.7584
0.6793
0.9801
0.7168
0.6446
0.7149
0.6507
0.9746
0.6877
0.6114
0.6852
0.6182
0.9097
0.6469
0.6287
0.6456
0.6376
0.7517
0.6469
0.5947
0.646
0.603
0.7524
0.6509
0.6239
0.6496
0.6369
0.8658
0.6509
0.6239
0.6496
0.6369
0.8658
0.6598
0.6262
0.658
0.6388
0.9126
0.6996
0.6601
0.6996
0.674
0.9429
0.7554
0.6623
0.7546
0.6762
0.9549
0.762
0.7134
0.7626
0.7384
0.9592
0.8548
0.7551
0.8597
0.7925
0.961
0.8592
0.7591
0.8639
0.7926
0.961
0.8915
0.7847
0.9006
0.8178
0.961
0.8981
0.7876
0.9096
0.8186
0.961
0.9482
0.8254
0.9459
0.8654
0.961
0.9482
0.8257
0.9459
0.8654
0.961
0.9482
0.8257
0.9459
0.8654
0.961
PublicSafety
0.8978
0.9787
0.8976
0.9844
0.8917
1.0
0.8722
1.0
0.8768
0.8933
1.0
0.8716
1.0
0.8764
0.9013
0.9323
0.8537
0.9312
0.8592
0.9013
0.9309
0.8524
0.9299
0.859
0.9013
0.9014
0.8424
0.9017
0.8483
0.9013
0.8985
0.8422
0.9012
0.8482
0.9013
0.8733
0.825
0.872
0.8291
0.9767
0.8539
0.7961
0.8522
0.8025
1.0
0.8267
0.8122
0.8258
0.8204
0.8966
0.8268
0.7807
0.8262
0.7884
0.8972
0.8294
0.8077
0.8285
0.8197
0.9729
0.8294
0.8077
0.8285
0.8197
0.9729
0.8354
0.8097
0.8342
0.8212
1.0
0.862
0.8353
0.862
0.8447
1.0
0.8992
0.8367
0.8986
0.8462
1.0
0.9036
0.8708
0.9039
0.8877
1.0
0.9657
0.8988
0.9689
0.924
1.0
0.9686
0.9015
0.9717
0.9241
1.0
0.9903
0.9187
0.9963
0.9409
1.0
0.9947
0.9206
1.0
0.9415
1.0
1.0
0.9457
1.0
0.9727
1.0
1.0
0.9459
1.0
0.9727
1.0
1.0
0.9459
1.0
0.9727
1.0
CollegeHeights
1.0
0.8974
1.0
0.9063
1.0
0.9625
0.7317
0.9588
0.7389
1.0
0.9417
0.7306
0.9401
0.7382
1.0
0.8251
0.703
0.8234
0.7116
1.0
0.8229
0.701
0.8215
0.7114
1.0
0.7769
0.6854
0.7776
0.6946
1.0
0.7725
0.685
0.7768
0.6944
1.0
0.7334
0.6582
0.7317
0.6646
1.0
0.7031
0.6237
0.7006
0.6307
0.935
0.6605
0.6417
0.6592
0.6508
0.7699
0.6603
0.6066
0.6596
0.615
0.7706
0.6645
0.6368
0.6632
0.6501
0.8888
0.6645
0.6368
0.6632
0.6501
0.8888
0.6736
0.6391
0.6719
0.6521
0.9376
0.7152
0.6745
0.7153
0.6889
0.9685
0.7736
0.6767
0.773
0.6912
0.9805
0.7805
0.7302
0.7812
0.7561
0.9847
0.8769
0.7732
0.8824
0.812
0.9865
0.8815
0.7774
0.8867
0.8121
0.9865
0.9151
0.804
0.9249
0.8382
0.9865
0.922
0.807
0.9342
0.8391
0.9865
0.9737
0.8467
0.9716
0.8881
0.9865
0.9737
0.847
0.9716
0.8881
0.9865
0.9737
0.847
0.9716
0.8881
0.9865
SportsPlex
0.6861
1.0
0.6859
1.0
0.6736
0.9519
1.0
0.9564
1.0
0.6771
0.9823
1.0
0.9847
1.0
0.6934
1.0
1.0
1.0
1.0
0.6934
1.0
1.0
1.0
1.0
0.6934
1.0
1.0
1.0
1.0
0.6934
1.0
1.0
1.0
1.0
0.6934
1.0
1.0
1.0
1.0
0.8524
1.0
0.9829
1.0
0.9874
0.9947
1.0
0.9943
1.0
1.0
1.0
1.0
0.9721
1.0
0.9774
1.0
1.0
0.9912
1.0
0.9995
1.0
1.0
0.9912
1.0
0.9995
1.0
1.0
0.9925
1.0
1.0
0.9891
1.0
1.0
1.0
1.0
0.9437
1.0
1.0
1.0
1.0
0.928
1.0
1.0
1.0
1.0
0.9221
1.0
1.0
1.0
1.0
0.9198
1.0
1.0
1.0
1.0
0.9198
1.0
1.0
1.0
1.0
0.9198
1.0
1.0
0.9942
1.0
0.9198
0.9366
1.0
0.9397
1.0
0.9198
0.9366
1.0
0.9397
1.0
0.9198
0.9366
1.0
0.9397
1.0
0.9198
CityView
0.6219
0.9048
0.6217
0.9037
0.6117
0.8505
0.925
0.8545
0.9241
0.6145
0.8812
0.9251
0.884
0.9242
0.6277
0.9134
0.9285
0.9137
0.9275
0.6277
0.9137
0.9288
0.914
0.9275
0.6277
0.9193
0.9306
0.9193
0.9295
0.6277
0.9199
0.9307
0.9194
0.9295
0.6277
0.9247
0.9339
0.9249
0.9331
0.7606
0.9284
0.9208
0.9287
0.9244
0.8949
0.9336
0.9301
0.9337
0.9348
0.9203
0.9335
0.9119
0.9336
0.9162
0.9201
0.933
0.9277
0.9332
0.9344
0.9057
0.933
0.9277
0.9332
0.9344
0.9057
0.9319
0.9287
0.9321
0.9347
0.8886
0.9268
0.9321
0.9268
0.9302
0.8429
0.9198
0.9318
0.9199
0.9299
0.8287
0.9189
0.9254
0.9188
0.922
0.8233
0.9071
0.9201
0.9065
0.9152
0.8211
0.9066
0.9196
0.906
0.9152
0.8211
0.9025
0.9163
0.9013
0.912
0.8211
0.9017
0.916
0.8943
0.9119
0.8211
0.8365
0.9112
0.8393
0.906
0.8211
0.8365
0.9112
0.8393
0.906
0.8211
0.8365
0.9112
0.8393
0.906
0.8211
GreekRow
0.5215
0.775
0.5214
0.7721
0.5143
0.7083
0.8289
0.7119
0.8266
0.5163
0.7413
0.8292
0.7446
0.8268
0.5256
0.7982
0.8383
0.7989
0.8355
0.5256
0.7989
0.839
0.7995
0.8356
0.5256
0.8139
0.844
0.8138
0.841
0.5256
0.8154
0.8441
0.814
0.8411
0.5256
0.8282
0.8528
0.8287
0.8507
0.6273
0.838
0.8457
0.8388
0.8481
0.7571
0.8519
0.852
0.8522
0.8551
0.8163
0.8518
0.8399
0.8521
0.8426
0.816
0.8505
0.8505
0.8509
0.8549
0.7775
0.8505
0.8505
0.8509
0.8549
0.7775
0.8474
0.8512
0.848
0.8548
0.7498
0.8339
0.8478
0.8339
0.8429
0.7012
0.815
0.8471
0.8152
0.8421
0.688
0.8127
0.8298
0.8125
0.821
0.683
0.7814
0.8158
0.7796
0.8028
0.681
0.7799
0.8144
0.7783
0.8028
0.681
0.769
0.8058
0.7658
0.7943
0.681
0.7667
0.8048
0.7566
0.794
0.681
0.6952
0.7921
0.6979
0.7782
0.681
0.6952
0.792
0.6979
0.7782
0.681
0.6952
0.792
0.6979
0.7782
0.681
Rutherford
0.4452
0.833
0.445
0.8277
0.4337
0.7338
0.9307
0.7402
0.9265
0.4368
0.782
0.9313
0.7865
0.9269
0.4519
0.8751
0.9477
0.8763
0.9426
0.4519
0.8764
0.9489
0.8774
0.9427
0.4519
0.9037
0.9581
0.9033
0.9527
0.4519
0.9064
0.9583
0.9038
0.9528
0.4519
0.9294
0.9741
0.9303
0.9703
0.6084
0.9474
0.9712
0.9488
0.9731
0.803
0.9726
0.9761
0.9732
0.9784
0.9078
0.9726
0.9667
0.973
0.9688
0.9074
0.9702
0.9749
0.971
0.9783
0.8373
0.9702
0.9749
0.971
0.9783
0.8373
0.9648
0.9754
0.9658
0.9778
0.7935
0.9402
0.9647
0.9401
0.9561
0.7223
0.9056
0.9634
0.906
0.9547
0.7004
0.9016
0.9319
0.9011
0.9163
0.6922
0.8447
0.9067
0.8414
0.8836
0.689
0.8421
0.9042
0.8389
0.8835
0.689
0.8222
0.8886
0.8163
0.8681
0.689
0.8181
0.8868
0.803
0.8676
0.689
0.7125
0.8634
0.7168
0.8387
0.689
0.7125
0.8632
0.7168
0.8387
0.689
0.7125
0.8632
0.7168
0.8387
0.689
Softball
0.494
0.695
0.494
0.6919
0.4895
0.6314
0.7529
0.6341
0.7504
0.4907
0.6612
0.7533
0.6644
0.7506
0.4966
0.7199
0.763
0.7206
0.76
0.4966
0.7206
0.7638
0.7213
0.7601
0.4966
0.7368
0.7692
0.7367
0.7659
0.4966
0.7384
0.7693
0.737
0.766
0.4966
0.7522
0.7786
0.7528
0.7763
0.5673
0.7627
0.7733
0.7636
0.7753
0.6766
0.7776
0.7785
0.778
0.781
0.7395
0.7775
0.7686
0.7778
0.7708
0.7391
0.7761
0.7774
0.7766
0.7809
0.6977
0.7761
0.7774
0.7766
0.7809
0.6977
0.7727
0.7779
0.7734
0.7807
0.6694
0.7582
0.7733
0.7582
0.768
0.6259
0.738
0.7725
0.7383
0.7672
0.6157
0.7356
0.754
0.7353
0.7445
0.6117
0.7018
0.7389
0.7
0.7249
0.6101
0.7002
0.7374
0.6985
0.7248
0.6101
0.6885
0.7281
0.6851
0.7157
0.6101
0.6861
0.7271
0.676
0.7154
0.6101
0.6212
0.7135
0.6233
0.6984
0.6101
0.6212
0.7133
0.6233
0.6984
0.6101
0.6212
0.7133
0.6233
0.6984
0.6101
Ezell
0.8367
0.6715
0.8367
0.6775
0.8417
0.7185
0.5598
0.7137
0.5646
0.8403
0.7006
0.5591
0.6997
0.5642
0.8335
0.623
0.5407
0.6219
0.5465
0.8335
0.6214
0.5394
0.6206
0.5463
0.8335
0.5903
0.5286
0.5909
0.5349
0.8335
0.5874
0.5284
0.5904
0.5348
0.8335
0.5613
0.5103
0.5604
0.5147
0.7766
0.5406
0.4856
0.5392
0.4906
0.698
0.5117
0.4986
0.511
0.5051
0.5862
0.5112
0.4734
0.511
0.4792
0.5863
0.5139
0.4954
0.5133
0.5046
0.6666
0.5139
0.4954
0.5133
0.5046
0.6666
0.5199
0.4969
0.519
0.5059
0.6985
0.5481
0.5217
0.5484
0.5311
0.7257
0.5882
0.5231
0.588
0.5326
0.7402
0.5927
0.5595
0.5934
0.5766
0.7451
0.6574
0.588
0.6616
0.6135
0.7472
0.6604
0.5907
0.6645
0.6136
0.7472
0.6832
0.6086
0.6902
0.6311
0.7472
0.6879
0.6106
0.6959
0.6317
0.7472
0.7319
0.6381
0.7293
0.6651
0.7472
0.7319
0.6383
0.7293
0.6651
0.7472
0.7319
0.6383
0.7293
0.6651
0.7472
MtsuBlvdG
0.6026
0.6401
0.6026
0.6402
0.6031
0.6185
0.6388
0.6179
0.6388
0.603
0.6293
0.6388
0.6309
0.6388
0.6022
0.6394
0.6387
0.6395
0.6388
0.6022
0.6394
0.6387
0.6395
0.6388
0.6022
0.639
0.6385
0.6391
0.6386
0.6022
0.639
0.6385
0.6391
0.6386
0.6022
0.6389
0.6382
0.639
0.6382
0.6087
0.6385
0.6269
0.6386
0.6297
0.6379
0.638
0.6343
0.6381
0.638
0.6393
0.6378
0.6201
0.6379
0.6233
0.6391
0.6378
0.6326
0.6379
0.6377
0.6403
0.6378
0.6326
0.6379
0.6377
0.6403
0.6377
0.6334
0.6378
0.638
0.6336
0.6382
0.6387
0.6383
0.6385
0.6185
0.6391
0.6387
0.6392
0.6385
0.619
0.639
0.6394
0.6392
0.6392
0.6189
0.6396
0.6395
0.64
0.6392
0.6189
0.6397
0.6394
0.64
0.6392
0.6189
0.64
0.6397
0.6403
0.6394
0.6189
0.64
0.6397
0.6366
0.6394
0.6189
0.6186
0.6405
0.6187
0.6401
0.6189
0.6186
0.6405
0.6187
0.6401
0.6189
0.6186
0.6405
0.6187
0.6401
0.6189
Rec
0.7284
0.672
0.7285
0.6751
0.7307
0.685
0.6131
0.6825
0.6156
0.7301
0.6817
0.6127
0.682
0.6154
0.7269
0.6464
0.603
0.6458
0.6061
0.7269
0.6455
0.6024
0.6451
0.606
0.7269
0.6291
0.5967
0.6295
0.6
0.7269
0.6276
0.5966
0.6292
0.5999
0.7269
0.6139
0.587
0.6135
0.5893
0.7069
0.6029
0.5684
0.6023
0.5724
0.6847
0.5877
0.5789
0.5874
0.5842
0.6271
0.5873
0.5586
0.5872
0.5633
0.6271
0.5887
0.5764
0.5884
0.5838
0.6696
0.5887
0.5764
0.5884
0.5838
0.6696
0.5918
0.5776
0.5913
0.5846
0.6828
0.6067
0.5932
0.6069
0.598
0.6885
0.6281
0.5939
0.628
0.5987
0.6956
0.6304
0.6132
0.6308
0.622
0.6978
0.6644
0.6281
0.6668
0.6413
0.6988
0.666
0.6295
0.6683
0.6413
0.6988
0.678
0.6389
0.6818
0.6505
0.6988
0.6805
0.64
0.6829
0.6508
0.6988
0.6914
0.6547
0.6902
0.6686
0.6988
0.6914
0.6548
0.6902
0.6686
0.6988
0.6914
0.6548
0.6902
0.6686
0.6988
Abernathy
0.9055
0.7917
0.9055
0.7987
0.9073
0.8426
0.6603
0.8387
0.6659
0.9068
0.8256
0.6594
0.8245
0.6655
0.9043
0.7344
0.6377
0.7331
0.6445
0.9043
0.7327
0.6361
0.7316
0.6443
0.9043
0.6961
0.6236
0.6967
0.6309
0.9043
0.6926
0.6233
0.6961
0.6308
0.9043
0.6618
0.602
0.6606
0.6071
0.8841
0.6376
0.573
0.6358
0.5789
0.8221
0.6037
0.5883
0.6028
0.596
0.691
0.6033
0.5587
0.6029
0.5656
0.6912
0.6065
0.5844
0.6057
0.5954
0.7854
0.6065
0.5844
0.6057
0.5954
0.7854
0.6137
0.5862
0.6125
0.597
0.823
0.6468
0.6152
0.647
0.6264
0.8485
0.6936
0.6169
0.6932
0.6282
0.8604
0.6989
0.6595
0.6997
0.6798
0.8645
0.7752
0.6933
0.7799
0.7237
0.8662
0.7788
0.6966
0.7834
0.7238
0.8662
0.8055
0.7176
0.8136
0.7444
0.8662
0.811
0.72
0.8204
0.7451
0.8662
0.8536
0.7519
0.8515
0.7842
0.8662
0.8536
0.7522
0.8515
0.7842
0.8662
0.8536
0.7522
0.8515
0.7842
0.8662
MTSU
0.3471
0.6311
0.347
0.6245
0.3416
0.5307
0.7529
0.5354
0.7477
0.3431
0.5747
0.7537
0.5793
0.7481
0.3502
0.6835
0.7741
0.685
0.7678
0.3502
0.6851
0.7757
0.6865
0.7679
0.3502
0.7191
0.7871
0.7188
0.7803
0.3502
0.7225
0.7874
0.7194
0.7804
0.3502
0.7513
0.807
0.7525
0.8022
0.4384
0.7737
0.8103
0.7754
0.8108
0.5961
0.805
0.8118
0.8058
0.8123
0.7244
0.805
0.8092
0.8055
0.8096
0.7238
0.802
0.8117
0.803
0.8124
0.6365
0.802
0.8117
0.803
0.8124
0.6365
0.7952
0.8117
0.7965
0.8115
0.5862
0.7646
0.7954
0.7645
0.7845
0.5221
0.7216
0.7938
0.722
0.7829
0.5058
0.7165
0.7546
0.7159
0.7351
0.4996
0.6456
0.7232
0.6415
0.6941
0.4972
0.6423
0.72
0.6384
0.694
0.4972
0.6175
0.7005
0.6102
0.6748
0.4972
0.6125
0.6984
0.5961
0.6742
0.4972
0.5147
0.6693
0.518
0.6382
0.4972
0.5147
0.669
0.518
0.6382
0.4972
0.5147
0.669
0.518
0.6382
0.4972
Highland
0.2622
0.7393
0.262
0.7298
0.2502
0.5968
0.9143
0.6056
0.9068
0.2535
0.6611
0.9154
0.6675
0.9074
0.2693
0.8145
0.9444
0.8167
0.9353
0.2693
0.8169
0.9466
0.8187
0.9355
0.2693
0.8659
0.9633
0.8652
0.9533
0.2693
0.8707
0.9636
0.866
0.9535
0.2693
0.9117
0.9919
0.913
0.9849
0.4393
0.9441
1.0
0.9463
1.0
0.688
0.9894
1.0
0.9904
0.9999
0.8727
0.9899
1.0
0.9903
1.0
0.8723
0.9856
1.0
0.9868
1.0
0.7461
0.9856
1.0
0.9868
1.0
0.7461
0.9761
1.0
0.9777
0.9988
0.6762
0.9318
0.9748
0.9316
0.9596
0.5818
0.8691
0.9726
0.8695
0.9572
0.5532
0.862
0.9158
0.8609
0.8882
0.5428
0.7607
0.8713
0.754
0.8304
0.5386
0.7559
0.867
0.7495
0.8302
0.5386
0.7203
0.8391
0.7092
0.803
0.5386
0.7131
0.836
0.6901
0.802
0.5386
0.5692
0.7932
0.5748
0.7497
0.5386
0.5692
0.7928
0.5748
0.7497
0.5386
0.5692
0.7928
0.5748
0.7497
0.5386
MEC
0.2372
0.685
0.237
0.6752
0.2268
0.5426
0.8658
0.551
0.858
0.2296
0.6057
0.8669
0.6121
0.8587
0.2433
0.7627
0.8969
0.765
0.8875
0.2433
0.7652
0.8991
0.7671
0.8877
0.2433
0.8158
0.9164
0.8151
0.9061
0.2433
0.8207
0.9168
0.8159
0.9063
0.2433
0.8631
0.946
0.8645
0.9388
0.3943
0.8966
0.9557
0.8988
0.9553
0.6324
0.9434
0.9548
0.9445
0.9542
0.8228
0.9439
0.9565
0.9443
0.9561
0.8224
0.9395
0.955
0.9407
0.9544
0.692
0.9395
0.955
0.9407
0.9544
0.692
0.9297
0.9549
0.9313
0.9531
0.6206
0.8839
0.9284
0.8836
0.9126
0.5285
0.8191
0.9261
0.8195
0.9102
0.5014
0.8117
0.8674
0.8106
0.8388
0.4917
0.7071
0.8215
0.7002
0.7791
0.4877
0.7022
0.817
0.6955
0.779
0.4877
0.6654
0.7882
0.6539
0.7509
0.4877
0.6579
0.785
0.6346
0.7498
0.4877
0.5166
0.7407
0.5218
0.6958
0.4877
0.5166
0.7404
0.5218
0.6958
0.4877
0.5166
0.7404
0.5218
0.6958
0.4877
Jackson
0.2094
0.6897
0.2093
0.6792
0.1982
0.538
0.8847
0.547
0.8763
0.2013
0.6051
0.8859
0.6119
0.877
0.2161
0.7735
0.9182
0.7759
0.908
0.2161
0.7762
0.9206
0.7782
0.9083
0.2161
0.8307
0.9392
0.83
0.9281
0.2161
0.836
0.9396
0.8309
0.9284
0.2161
0.8818
0.9711
0.8833
0.9633
0.379
0.9178
0.9823
0.9203
0.9817
0.6335
0.9683
0.9808
0.9694
0.9799
0.8384
0.9687
0.9838
0.9693
0.983
0.8379
0.964
0.9813
0.9653
0.9801
0.6974
0.964
0.9813
0.9653
0.9801
0.6974
0.9534
0.9811
0.9552
0.9787
0.621
0.9041
0.9521
0.9038
0.935
0.5227
0.8343
0.9496
0.8348
0.9325
0.4935
0.8264
0.8864
0.8252
0.8556
0.4829
0.7135
0.8368
0.7062
0.7911
0.4786
0.7082
0.832
0.7012
0.791
0.4786
0.6686
0.8009
0.6563
0.7606
0.4786
0.6605
0.7974
0.6358
0.7596
0.4786
0.5098
0.7499
0.5155
0.7014
0.4786
0.5098
0.7495
0.5155
0.7014
0.4786
0.5098
0.7495
0.5155
0.7014
0.4786
Livestock
0.176
0.1975
0.1761
0.1892
0.1844
0.1073
0.3514
0.1075
0.3447
0.1821
0.137
0.3523
0.1413
0.3453
0.171
0.2637
0.378
0.2656
0.3701
0.171
0.2658
0.38
0.2674
0.3702
0.171
0.3087
0.3945
0.3082
0.3859
0.171
0.313
0.3948
0.309
0.386
0.171
0.3493
0.4197
0.3507
0.4136
0.0981
0.3776
0.4342
0.3797
0.4321
0.1561
0.4172
0.4291
0.4182
0.4264
0.3152
0.4173
0.4392
0.4179
0.4366
0.3146
0.4136
0.4308
0.4147
0.4268
0.2041
0.4136
0.4308
0.4147
0.4268
0.2041
0.405
0.4301
0.4066
0.4254
0.1473
0.3662
0.4049
0.3661
0.3913
0.1065
0.3117
0.4029
0.3123
0.3892
0.1049
0.3054
0.3533
0.3046
0.3287
0.1041
0.216
0.3137
0.2107
0.2772
0.1038
0.2118
0.3098
0.2067
0.2771
0.1038
0.1805
0.2852
0.1712
0.2529
0.1038
0.1742
0.2825
0.1568
0.2521
0.1038
0.1056
0.2455
0.106
0.2066
0.1038
0.1056
0.2452
0.106
0.2066
0.1038
0.1056
0.2452
0.106
0.2066
0.1038
Greenhouse
0.506
0.3375
0.5061
0.337
0.5167
0.3301
0.3476
0.3258
0.3472
0.5138
0.3279
0.3477
0.329
0.3472
0.4996
0.3419
0.3495
0.3421
0.349
0.4996
0.342
0.3497
0.3422
0.349
0.4996
0.3447
0.3505
0.3448
0.35
0.4996
0.3451
0.3505
0.3448
0.35
0.4996
0.3476
0.3521
0.3479
0.3517
0.3863
0.3494
0.3473
0.3496
0.3485
0.3341
0.3518
0.3507
0.352
0.3524
0.3456
0.3516
0.3443
0.3517
0.3456
0.3453
0.3513
0.3501
0.3515
0.3523
0.3384
0.3513
0.3501
0.3515
0.3523
0.3384
0.3505
0.3505
0.3508
0.3523
0.3309
0.3481
0.3515
0.3482
0.3503
0.3364
0.345
0.3514
0.3452
0.3501
0.3487
0.3445
0.3484
0.3446
0.3463
0.3528
0.3384
0.3455
0.3384
0.3424
0.3546
0.3381
0.3451
0.3382
0.3424
0.3546
0.3361
0.3435
0.3358
0.3407
0.3546
0.3357
0.3433
0.3328
0.3407
0.3546
0.3416
0.3414
0.3394
0.3381
0.3546
0.3416
0.3414
0.3394
0.3381
0.3546
0.3416
0.3414
0.3394
0.3381
0.3546
ChampionWayG
0.4439
0.0
0.444
0.0
0.4673
0.0229
0.0
0.0137
0.0
0.4608
0.0
0.0
0.0
0.0
0.43
0.0
0.0
0.0
0.0
0.43
0.0
0.0
0.0
0.0
0.43
0.0
0.0
0.0
0.0
0.43
0.0
0.0
0.0
0.0
0.43
0.0
0.0
0.0
0.0
0.1666
0.0
0.0
0.0
0.0
0.0
0.0
0.0
0.0
0.0
0.0
0.0
0.0
0.0
0.0
0.0
0.0
0.0
0.0
0.0
0.0
0.0
0.0
0.0
0.0
0.0
0.0
0.0
0.0
0.0
0.0
0.0
0.0
0.0
0.0
0.0381
0.0
0.0
0.0
0.0
0.0666
0.0
0.0
0.0
0.0
0.0767
0.0
0.0
0.0
0.0
0.0809
0.0
0.0
0.0
0.0
0.0809
0.0
0.0
0.0
0.0
0.0809
0.0
0.0
0.0
0.0
0.0809
0.0505
0.0
0.0449
0.0
0.0809
0.0505
0.0
0.0449
0.0
0.0809
0.0505
0.0
0.0449
0.0
0.0809
Greenland
0.1089
0.096
0.109
0.0866
0.12
0.0
0.27
0.0
0.2625
0.117
0.0297
0.271
0.0345
0.2631
0.1024
0.1708
0.2998
0.173
0.2908
0.1024
0.1731
0.302
0.175
0.291
0.1024
0.2218
0.3186
0.2213
0.3087
0.1024
0.2265
0.319
0.2221
0.3089
0.1024
0.2674
0.3471
0.2688
0.3401
0.0
0.2995
0.3659
0.3018
0.3631
0.0486
0.3446
0.3587
0.3457
0.3549
0.2287
0.345
0.3729
0.3455
0.3695
0.2283
0.3407
0.3607
0.342
0.3554
0.1029
0.3407
0.3607
0.342
0.3554
0.1029
0.3312
0.3598
0.3329
0.3539
0.0403
0.2872
0.3301
0.2871
0.3149
0.0
0.225
0.3279
0.2255
0.3127
0.0
0.2179
0.2715
0.217
0.2441
0.0
0.1171
0.2272
0.1107
0.1865
0.0
0.1125
0.2229
0.1063
0.1864
0.0
0.0771
0.1952
0.0663
0.1593
0.0
0.0699
0.1922
0.0509
0.1584
0.0
0.0
0.1497
0.0
0.1065
0.0
0.0
0.1493
0.0
0.1065
0.0
0.0
0.1493
0.0
0.1065
0.0
MiddleTN
0.0304
0.2506
0.0304
0.2381
0.0331
0.1073
0.481
0.112
0.471
0.0323
0.1607
0.4824
0.1674
0.4719
0.0288
0.3497
0.5205
0.3526
0.5086
0.0288
0.3528
0.5234
0.3553
0.5088
0.0288
0.4172
0.5454
0.4165
0.5323
0.0288
0.4235
0.5459
0.4176
0.5326
0.0288
0.4776
0.5831
0.4795
0.5738
0.0308
0.5201
0.6059
0.5231
0.6027
0.1873
0.5798
0.5977
0.5812
0.5934
0.4264
0.5803
0.6138
0.581
0.6099
0.4258
0.5746
0.6001
0.5763
0.594
0.2598
0.5746
0.6001
0.5763
0.594
0.2598
0.5621
0.5991
0.5643
0.5921
0.1755
0.5038
0.5607
0.5036
0.5405
0.0995
0.4214
0.5578
0.4222
0.5375
0.0848
0.4121
0.4831
0.4108
0.4467
0.0796
0.2786
0.4246
0.2701
0.3705
0.0774
0.2724
0.4188
0.2642
0.3703
0.0774
0.2257
0.3821
0.2113
0.3345
0.0774
0.2161
0.3781
0.1902
0.3332
0.0774
0.0931
0.3219
0.096
0.2645
0.0774
0.0931
0.3214
0.096
0.2645
0.0774
0.0931
0.3214
0.096
0.2645
0.0774
