Rose
0.0
0.5812
0.0
0.5648
0.0
0.4179
0.8178
0.428
0.8097
0.0
0.474
0.8189
0.4789
0.8104
0.0
0.697
0.8426
0.6999
0.8384
0.0
0.7003
0.8436
0.7027
0.8385
0.0
0.7631
0.8509
0.7623
0.8466
0.0
0.7687
0.8511
0.7633
0.8467
0.0
0.815
0.8626
0.8166
0.8599
0.2078
0.8424
0.872
0.8435
0.8704
0.4933
0.8616
0.8678
0.862
0.8656
0.7713
0.8617
0.876
0.8619
0.8741
0.7707
0.86
0.869
0.8606
0.8659
0.5931
0.86
0.869
0.8606
0.8659
0.5931
0.8562
0.8685
0.8569
0.8652
0.4849
0.8359
0.8558
0.8356
0.8493
0.4006
0.7669
0.8549
0.7675
0.8483
0.3656
0.7584
0.8195
0.7571
0.7892
0.3524
0.6167
0.7694
0.6061
0.7182
0.3468
0.609
0.7642
0.5987
0.718
0.3468
0.5476
0.7294
0.5272
0.6805
0.3468
0.5342
0.7254
0.4978
0.6792
0.3468
0.3857
0.6665
0.3924
0.5987
0.3468
0.3857
0.666
0.3924
0.5987
0.3468
0.3857
0.666
0.3924
0.5987
0.3468
FairView
0.0803
0.6216
0.0802
0.6072
0.076
0.4803
0.8285
0.489
0.8214
0.0771
0.5282
0.8295
0.5324
0.822
0.0831
0.7229
0.8494
0.7254
0.8464
0.0831
0.7258
0.8501
0.7279
0.8464
0.0831
0.7807
0.8554
0.78
0.8523
0.0831
0.7856
0.8555
0.7809
0.8524
0.0831
0.8261
0.8639
0.8274
0.8619
0.3007
0.8493
0.8707
0.8501
0.8695
0.5445
0.8632
0.8676
0.8635
0.8661
0.7878
0.8633
0.8736
0.8634
0.8722
0.7874
0.8621
0.8685
0.8624
0.8662
0.6319
0.8621
0.8685
0.8624
0.8662
0.6319
0.8593
0.8681
0.8598
0.8658
0.5375
0.8444
0.8589
0.8442
0.8543
0.4656
0.784
0.8583
0.7846
0.8536
0.4358
0.7766
0.8299
0.7755
0.8035
0.4245
0.6527
0.7862
0.6434
0.7414
0.4198
0.646
0.7817
0.6369
0.7413
0.4198
0.5922
0.7513
0.5743
0.7086
0.4198
0.5805
0.7478
0.5486
0.7073
0.4198
0.4529
0.6961
0.4586
0.6369
0.4198
0.4529
0.6957
0.4586
0.6369
0.4198
0.4529
0.6957
0.4586
0.6369
0.4198
Bell
0.3387
0.7882
0.3384
0.7807
0.3188
0.7168
0.8955
0.7212
0.8918
0.3241
0.7401
0.896
0.7422
0.8921
0.3515
0.8405
0.9029
0.8419
0.904
0.3515
0.842
0.9026
0.8432
0.9039
0.3515
0.8706
0.9008
0.8701
0.9019
0.3515
0.8731
0.9008
0.8706
0.9018
0.3515
0.8941
0.8978
0.8946
0.8985
0.6285
0.9029
0.8955
0.9026
0.8959
0.7474
0.8981
0.8966
0.8979
0.8971
0.8741
0.8982
0.8945
0.898
0.895
0.8739
0.8986
0.8962
0.8984
0.897
0.793
0.8986
0.8962
0.8984
0.897
0.793
0.8996
0.8964
0.8994
0.8972
0.7444
0.9038
0.8995
0.9036
0.9012
0.7097
0.8722
0.8998
0.8724
0.9015
0.6952
0.8684
0.896
0.8677
0.8823
0.6898
0.8043
0.8736
0.7992
0.8505
0.6875
0.8008
0.8713
0.7958
0.8504
0.6875
0.773
0.8556
0.7634
0.8335
0.6875
0.7669
0.8537
0.7502
0.8329
0.6875
0.7036
0.8267
0.7063
0.7962
0.6875
0.7036
0.8265
0.7063
0.7962
0.6875
0.7036
0.8265
0.7063
0.7962
0.6875
IngramN
0.4117
0.8401
0.4113
0.8346
0.3872
0.7883
0.9186
0.7915
0.9159
0.3937
0.8048
0.919
0.8064
0.9162
0.4275
0.8783
0.9222
0.8793
0.9244
0.4275
0.8794
0.9216
0.8802
0.9244
0.4275
0.9003
0.9177
0.9
0.92
0.4275
0.9022
0.9176
0.9003
0.9199
0.4275
0.9175
0.9113
0.9179
0.9128
0.7249
0.9222
0.9063
0.9215
0.9072
0.8098
0.9119
0.9086
0.9116
0.9098
0.9028
0.9119
0.9041
0.9117
0.9052
0.9027
0.9128
0.9079
0.9125
0.9096
0.8434
0.9128
0.9079
0.9125
0.9096
0.8434
0.915
0.9082
0.9145
0.91
0.8078
0.9247
0.915
0.9246
0.9185
0.7832
0.9015
0.9155
0.9016
0.9191
0.7729
0.8987
0.919
0.8981
0.909
0.7691
0.8518
0.9027
0.8479
0.8857
0.7675
0.8493
0.901
0.8455
0.8857
0.7675
0.8289
0.8895
0.8217
0.8734
0.7675
0.8244
0.8881
0.8121
0.8729
0.7675
0.7789
0.8683
0.7808
0.8459
0.7675
0.7789
0.8681
0.7808
0.8459
0.7675
0.7789
0.8681
0.7808
0.8459
0.7675
IngramS
0.4132
0.8683
0.4128
0.863
0.3873
0.8162
0.943
0.8196
0.9404
0.3941
0.834
0.9433
0.8357
0.9406
0.4299
0.9046
0.9459
0.9056
0.9484
0.4299
0.9057
0.9452
0.9065
0.9483
0.4299
0.9256
0.9408
0.9253
0.9434
0.4299
0.9274
0.9407
0.9256
0.9433
0.4299
0.9419
0.9337
0.9423
0.9353
0.7481
0.9459
0.928
0.9452
0.929
0.8395
0.9343
0.9306
0.934
0.9319
0.928
0.9343
0.9256
0.9341
0.9268
0.9279
0.9353
0.9298
0.935
0.9317
0.8714
0.9353
0.9298
0.935
0.9317
0.8714
0.9377
0.9301
0.9373
0.9322
0.8373
0.9488
0.9378
0.9486
0.9418
0.8107
0.9267
0.9384
0.9268
0.9424
0.7996
0.9241
0.9433
0.9235
0.9338
0.7955
0.8794
0.9278
0.8758
0.9117
0.7937
0.877
0.9262
0.8734
0.9116
0.7937
0.8576
0.9152
0.8508
0.8999
0.7937
0.8534
0.9139
0.8417
0.8994
0.7937
0.806
0.8951
0.8081
0.8738
0.7937
0.806
0.8949
0.8081
0.8738
0.7937
0.806
0.8949
0.8081
0.8738
0.7937
ParkingServ
0.537
0.9078
0.5365
0.9056
0.5056
0.8902
0.9396
0.8911
0.9386
0.5139
0.894
0.9398
0.8945
0.9386
0.5572
0.923
0.937
0.9235
0.9411
0.5572
0.9235
0.936
0.9239
0.941
0.5572
0.9321
0.9288
0.9319
0.933
0.5572
0.9328
0.9287
0.932
0.9329
0.5572
0.939
0.9173
0.9391
0.9199
0.8739
0.9371
0.9081
0.9359
0.9097
0.8948
0.9182
0.9122
0.9177
0.9143
0.933
0.9182
0.9041
0.9179
0.9061
0.933
0.9199
0.911
0.9193
0.9141
0.9085
0.9199
0.911
0.9193
0.9141
0.9085
0.9237
0.9115
0.923
0.9148
0.8945
0.9421
0.924
0.942
0.9304
0.8889
0.9325
0.9249
0.9325
0.9314
0.8865
0.9314
0.9397
0.9311
0.9356
0.8856
0.9125
0.9333
0.9107
0.9264
0.8853
0.9114
0.9326
0.9097
0.9264
0.8853
0.9031
0.9279
0.9
0.9215
0.8853
0.9013
0.9274
0.8962
0.9213
0.8853
0.888
0.9192
0.8884
0.9102
0.8853
0.888
0.9191
0.8884
0.9102
0.8853
0.888
0.9191
0.8884
0.9102
0.8853
MainSt
0.5697
0.9128
0.5693
0.9114
0.5372
0.9045
0.934
0.9047
0.9333
0.5458
0.9043
0.9341
0.9045
0.9333
0.5907
0.9228
0.93
0.9231
0.9346
0.5907
0.9231
0.929
0.9234
0.9344
0.5907
0.9289
0.9211
0.9288
0.9257
0.5907
0.9294
0.9209
0.9289
0.9256
0.5907
0.9335
0.9085
0.9335
0.9115
0.9029
0.9301
0.8985
0.9289
0.9003
0.9037
0.9096
0.903
0.909
0.9054
0.9294
0.9095
0.8942
0.9092
0.8964
0.9294
0.9113
0.9017
0.9108
0.9051
0.913
0.9113
0.9017
0.9108
0.9051
0.913
0.9155
0.9023
0.9147
0.9058
0.904
0.9357
0.9159
0.9356
0.9228
0.9044
0.9291
0.9169
0.9291
0.9239
0.9045
0.9284
0.9341
0.9282
0.9313
0.9045
0.9159
0.9299
0.9146
0.9253
0.9046
0.9152
0.9294
0.9139
0.9253
0.9046
0.9096
0.9263
0.9075
0.922
0.9046
0.9085
0.926
0.905
0.9219
0.9046
0.9045
0.9204
0.9045
0.9145
0.9046
0.9045
0.9204
0.9045
0.9145
0.9046
0.9045
0.9204
0.9045
0.9145
0.9046
PublicSafety
0.5592
0.9643
0.5587
0.963
0.5244
0.9517
0.9825
0.9526
0.9819
0.5336
0.9556
0.9826
0.9561
0.982
0.5817
0.9729
0.9778
0.9732
0.9827
0.5817
0.9732
0.9767
0.9734
0.9826
0.5817
0.9782
0.9681
0.9781
0.9731
0.5817
0.9786
0.9679
0.9781
0.973
0.5817
0.9821
0.9545
0.9821
0.9577
0.9352
0.978
0.9436
0.9767
0.9455
0.9565
0.9557
0.9485
0.9551
0.951
0.9786
0.9556
0.9389
0.9553
0.9412
0.9787
0.9576
0.9471
0.9569
0.9508
0.9645
0.9576
0.9471
0.9569
0.9508
0.9645
0.9621
0.9477
0.9613
0.9515
0.9562
0.984
0.9624
0.9839
0.97
0.9504
0.9784
0.9635
0.9783
0.9712
0.9479
0.9778
0.9825
0.9776
0.9802
0.947
0.9669
0.9789
0.9658
0.975
0.9467
0.9664
0.9785
0.9653
0.975
0.9467
0.9616
0.9758
0.9597
0.9722
0.9467
0.9605
0.9755
0.9576
0.9721
0.9467
0.9494
0.9707
0.9499
0.9657
0.9467
0.9494
0.9707
0.9499
0.9657
0.9467
0.9494
0.9707
0.9499
0.9657
0.9467
CollegeHeights
0.6375
0.924
0.6371
0.9241
0.6025
0.9348
0.9231
0.9336
0.9231
0.6118
0.9264
0.923
0.9259
0.9231
0.6601
0.9231
0.9163
0.9232
0.9216
0.6601
0.9231
0.9151
0.9232
0.9215
0.6601
0.923
0.9059
0.923
0.9113
0.6601
0.923
0.9057
0.923
0.9112
0.6601
0.9228
0.8912
0.9227
0.8946
0.9639
0.9164
0.8794
0.915
0.8815
0.9233
0.8923
0.8847
0.8918
0.8874
0.9228
0.8922
0.8744
0.8919
0.8769
0.9229
0.8944
0.8832
0.8937
0.8872
0.923
0.8944
0.8832
0.8937
0.8872
0.923
0.8993
0.8839
0.8984
0.888
0.9245
0.923
0.8998
0.9229
0.9079
0.9372
0.923
0.901
0.9229
0.9092
0.9424
0.923
0.9231
0.9229
0.9231
0.9443
0.9237
0.9235
0.9235
0.9237
0.9452
0.9237
0.9235
0.9235
0.9237
0.9452
0.9239
0.9237
0.9237
0.9239
0.9452
0.924
0.9237
0.924
0.9239
0.9452
0.9394
0.9237
0.9386
0.924
0.9452
0.9394
0.9238
0.9386
0.924
0.9452
0.9394
0.9238
0.9386
0.924
0.9452
SportsPlex
0.6059
1.0
0.6054
1.0
0.5679
1.0
1.0
1.0
1.0
0.5779
1.0
1.0
1.0
1.0
0.6304
1.0
0.9928
1.0
0.9985
0.6304
1.0
0.9915
1.0
0.9984
0.6304
1.0
0.9815
1.0
0.9874
0.6304
1.0
0.9813
1.0
0.9873
0.6304
1.0
0.9657
1.0
0.9694
1.0
0.993
0.9529
0.9917
0.9552
1.0
0.9671
0.9587
0.9666
0.9617
1.0
0.9669
0.9476
0.9667
0.9502
1.0
0.9692
0.9571
0.9685
0.9613
1.0
0.9692
0.9571
0.9685
0.9613
1.0
0.9744
0.9578
0.9735
0.9622
1.0
1.0
0.975
1.0
0.9837
1.0
1.0
0.9762
1.0
0.9851
1.0
1.0
1.0
1.0
1.0
1.0
1.0
1.0
1.0
1.0
1.0
1.0
1.0
1.0
1.0
1.0
1.0
1.0
1.0
1.0
1.0
1.0
1.0
1.0
1.0
1.0
1.0
1.0
1.0
1.0
1.0
1.0
1.0
1.0
1.0
1.0
1.0
1.0
1.0
1.0
1.0
CityView
0.5893
0.9327
0.5888
0.9318
0.555
0.9296
0.946
0.9294
0.9456
0.5641
0.9282
0.9461
0.9281
0.9456
0.6113
0.9392
0.941
0.9394
0.9459
0.6113
0.9394
0.9398
0.9395
0.9458
0.6113
0.9429
0.9313
0.9429
0.9363
0.6113
0.9432
0.9311
0.9429
0.9362
0.6113
0.9459
0.9177
0.946
0.9209
0.9349
0.9411
0.9067
0.94
0.9086
0.9279
0.9189
0.9116
0.9184
0.9142
0.9434
0.9187
0.9021
0.9185
0.9043
0.9434
0.9206
0.9103
0.9201
0.9139
0.9334
0.9206
0.9103
0.9201
0.9139
0.9334
0.925
0.9109
0.9243
0.9147
0.928
0.947
0.9257
0.947
0.9332
0.93
0.9432
0.9267
0.9432
0.9343
0.9308
0.9427
0.9462
0.9426
0.9444
0.9311
0.9347
0.9433
0.9341
0.9404
0.9313
0.9342
0.943
0.9337
0.9404
0.9313
0.9308
0.9411
0.9297
0.9383
0.9313
0.93
0.9409
0.928
0.9382
0.9313
0.9303
0.9376
0.9302
0.9337
0.9313
0.9303
0.9376
0.9302
0.9337
0.9313
0.9303
0.9376
0.9302
0.9337
0.9313
GreekRow
0.5522
0.8212
0.5519
0.8186
0.5245
0.8103
0.8595
0.8098
0.8582
0.5318
0.8079
0.8596
0.8077
0.8583
0.5701
0.8399
0.8583
0.8404
0.8618
0.5701
0.8404
0.8575
0.8409
0.8617
0.5701
0.8506
0.8514
0.8505
0.855
0.5701
0.8515
0.8513
0.8507
0.8549
0.5701
0.859
0.8418
0.8593
0.8441
0.8199
0.8584
0.834
0.8576
0.8353
0.8074
0.8426
0.8375
0.8423
0.8393
0.852
0.8424
0.8307
0.8423
0.8323
0.8519
0.8438
0.8366
0.8434
0.8391
0.8233
0.8438
0.8366
0.8434
0.8391
0.8233
0.8469
0.837
0.8464
0.8396
0.8074
0.8623
0.8475
0.8622
0.8528
0.8109
0.8513
0.8482
0.8514
0.8536
0.8124
0.8498
0.8599
0.8497
0.8549
0.8129
0.8269
0.8517
0.8253
0.8433
0.8132
0.8256
0.8509
0.8241
0.8433
0.8132
0.8157
0.8452
0.8125
0.8372
0.8132
0.8135
0.8446
0.8077
0.837
0.8132
0.8115
0.8352
0.8113
0.824
0.8132
0.8115
0.8351
0.8113
0.824
0.8132
0.8115
0.8351
0.8113
0.824
0.8132
Rutherford
0.452
0.8737
0.4517
0.8693
0.4246
0.8326
0.9363
0.8349
0.9342
0.4318
0.8459
0.9366
0.847
0.9344
0.4697
0.9044
0.9378
0.9052
0.9408
0.4697
0.9053
0.9371
0.9059
0.9407
0.4697
0.9218
0.9318
0.9217
0.9349
0.4697
0.9234
0.9317
0.9219
0.9349
0.4697
0.9357
0.9236
0.9361
0.9255
0.7838
0.9379
0.9168
0.9372
0.918
0.8508
0.9242
0.9198
0.924
0.9214
0.9241
0.9241
0.914
0.924
0.9153
0.9239
0.9253
0.919
0.9249
0.9212
0.877
0.9253
0.919
0.9249
0.9212
0.877
0.9279
0.9194
0.9275
0.9217
0.8486
0.941
0.9285
0.941
0.933
0.8285
0.9229
0.9291
0.9231
0.9337
0.8203
0.9206
0.9369
0.9204
0.9288
0.8171
0.883
0.9235
0.8804
0.9098
0.8158
0.881
0.9221
0.8784
0.9098
0.8158
0.8647
0.9129
0.8594
0.8998
0.8158
0.8611
0.9118
0.8516
0.8995
0.8158
0.8249
0.8964
0.8266
0.8782
0.8158
0.8249
0.8963
0.8266
0.8782
0.8158
0.8249
0.8963
0.8266
0.8782
0.8158
Softball
0.5628
0.7377
0.5625
0.7346
0.5389
0.7319
0.7828
0.7304
0.7813
0.5452
0.7237
0.783
0.7231
0.7814
0.5782
0.7598
0.7831
0.7603
0.7859
0.5782
0.7604
0.7825
0.7609
0.7858
0.5782
0.7723
0.7776
0.7722
0.7804
0.5782
0.7734
0.7775
0.7724
0.7804
0.5782
0.7823
0.7699
0.7827
0.7717
0.763
0.7831
0.7636
0.7825
0.7647
0.7213
0.7705
0.7664
0.7703
0.7679
0.774
0.7703
0.761
0.7702
0.7623
0.7738
0.7714
0.7657
0.7711
0.7677
0.7401
0.7714
0.7657
0.7711
0.7677
0.7401
0.7739
0.766
0.7735
0.7681
0.7222
0.7861
0.7745
0.7861
0.7787
0.7342
0.7731
0.7751
0.7733
0.7793
0.7393
0.7715
0.7833
0.7713
0.7775
0.7412
0.7443
0.7737
0.7425
0.7637
0.742
0.7429
0.7727
0.7411
0.7637
0.742
0.7311
0.766
0.7274
0.7565
0.742
0.7286
0.7653
0.7217
0.7563
0.742
0.7364
0.7542
0.7355
0.741
0.742
0.7364
0.7541
0.7355
0.741
0.742
0.7364
0.7541
0.7355
0.741
0.742
Ezell
0.7492
0.7623
0.7489
0.7634
0.7189
0.8093
0.7471
0.804
0.7476
0.7269
0.7783
0.747
0.7758
0.7475
0.7688
0.7545
0.7397
0.7545
0.7446
0.7688
0.7543
0.7386
0.7543
0.7445
0.7688
0.7503
0.7302
0.7505
0.7351
0.7688
0.75
0.73
0.7504
0.735
0.7688
0.7471
0.7168
0.747
0.7199
0.925
0.7398
0.7059
0.7386
0.7078
0.7678
0.7178
0.7108
0.7173
0.7133
0.7499
0.7175
0.7014
0.7173
0.7036
0.7499
0.7195
0.7095
0.719
0.713
0.7612
0.7195
0.7095
0.719
0.713
0.7612
0.7239
0.7101
0.7231
0.7138
0.772
0.7456
0.7247
0.7457
0.732
0.8185
0.7501
0.7258
0.7501
0.7332
0.8378
0.7506
0.7472
0.7507
0.7489
0.8451
0.7598
0.7504
0.7604
0.7535
0.8481
0.7603
0.7507
0.7609
0.7536
0.8481
0.7642
0.753
0.7655
0.756
0.8481
0.7651
0.7533
0.7674
0.7561
0.8481
0.8268
0.7572
0.8232
0.7613
0.8481
0.8268
0.7572
0.8232
0.7613
0.8481
0.8268
0.7572
0.8232
0.7613
0.8481
MtsuBlvdG
0.6932
0.6849
0.6929
0.6841
0.6682
0.7178
0.6963
0.7129
0.6959
0.6748
0.6901
0.6964
0.6879
0.696
0.7093
0.6904
0.6929
0.6906
0.6964
0.7093
0.6905
0.692
0.6907
0.6963
0.7093
0.6936
0.6858
0.6936
0.6895
0.7093
0.6939
0.6857
0.6937
0.6894
0.7093
0.6962
0.676
0.6963
0.6783
0.822
0.6929
0.668
0.6921
0.6694
0.6809
0.6768
0.6716
0.6765
0.6734
0.6941
0.6766
0.6647
0.6765
0.6663
0.694
0.678
0.6707
0.6776
0.6733
0.6855
0.678
0.6707
0.6776
0.6733
0.6855
0.6812
0.6711
0.6807
0.6738
0.6846
0.697
0.6819
0.697
0.6872
0.7261
0.6938
0.6826
0.6939
0.6881
0.7434
0.6934
0.6966
0.6934
0.695
0.7499
0.6864
0.6942
0.686
0.6915
0.7526
0.6861
0.6939
0.6857
0.6915
0.7526
0.6831
0.6922
0.6822
0.6896
0.7526
0.6825
0.692
0.6808
0.6896
0.7526
0.7335
0.6893
0.7304
0.6858
0.7526
0.7335
0.6893
0.7304
0.6858
0.7526
0.7335
0.6893
0.7304
0.6858
0.7526
Rec
0.7356
0.7416
0.7353
0.7422
0.7066
0.7853
0.7331
0.78
0.7334
0.7143
0.755
0.7331
0.7526
0.7334
0.7543
0.7373
0.7268
0.7372
0.7313
0.7543
0.7371
0.7257
0.7371
0.7312
0.7543
0.7349
0.7179
0.735
0.7225
0.7543
0.7348
0.7177
0.735
0.7224
0.7543
0.7331
0.7054
0.7331
0.7083
0.8986
0.7268
0.6953
0.7258
0.697
0.7448
0.7064
0.6998
0.7059
0.7021
0.7347
0.7061
0.6911
0.706
0.6931
0.7347
0.7079
0.6986
0.7075
0.7019
0.741
0.7079
0.6986
0.7075
0.7019
0.741
0.712
0.6992
0.7113
0.7026
0.7489
0.7323
0.7128
0.7323
0.7196
0.7943
0.7348
0.7138
0.7348
0.7207
0.8132
0.7351
0.7333
0.7352
0.7342
0.8202
0.7401
0.7351
0.7406
0.7367
0.8232
0.7404
0.7352
0.7408
0.7367
0.8232
0.7426
0.7365
0.7434
0.7381
0.8232
0.7431
0.7366
0.7444
0.7381
0.8232
0.8024
0.7389
0.7989
0.7411
0.8232
0.8024
0.7389
0.7989
0.7411
0.8232
0.8024
0.7389
0.7989
0.7411
0.8232
Abernathy
0.7106
0.8585
0.7102
0.8595
0.6767
0.8919
0.8433
0.8884
0.8438
0.6857
0.8708
0.8432
0.8692
0.8437
0.7325
0.8506
0.8353
0.8506
0.8407
0.7325
0.8504
0.834
0.8504
0.8405
0.7325
0.8465
0.8246
0.8466
0.8301
0.7325
0.8462
0.8244
0.8465
0.83
0.7325
0.8432
0.8097
0.8431
0.8132
0.9697
0.8353
0.7977
0.8339
0.7998
0.8636
0.8108
0.803
0.8103
0.8058
0.846
0.8106
0.7926
0.8104
0.7951
0.846
0.8128
0.8016
0.8122
0.8056
0.8571
0.8128
0.8016
0.8122
0.8056
0.8571
0.8177
0.8023
0.8169
0.8064
0.8664
0.8419
0.8185
0.8419
0.8267
0.8981
0.8462
0.8197
0.8462
0.828
0.9113
0.8468
0.8433
0.8468
0.8451
0.9162
0.8559
0.8467
0.8565
0.8498
0.9183
0.8565
0.847
0.857
0.8498
0.9183
0.8604
0.8492
0.8616
0.8523
0.9183
0.8612
0.8495
0.8635
0.8523
0.9183
0.9038
0.8533
0.9014
0.8575
0.9183
0.9038
0.8533
0.9014
0.8575
0.9183
0.9038
0.8533
0.9014
0.8575
0.9183
MTSU
0.4142
0.661
0.4141
0.6541
0.3984
0.6145
0.7611
0.6156
0.7577
0.4026
0.6215
0.7616
0.6221
0.7579
0.4244
0.71
0.7687
0.7113
0.7693
0.4244
0.7114
0.7685
0.7125
0.7693
0.4244
0.7379
0.7675
0.7376
0.7681
0.4244
0.7403
0.7675
0.738
0.7681
0.4244
0.76
0.7658
0.7607
0.7662
0.5892
0.7686
0.7644
0.7686
0.7646
0.6245
0.7659
0.765
0.7659
0.7653
0.7416
0.7658
0.7639
0.7658
0.7641
0.7412
0.766
0.765
0.766
0.7653
0.6663
0.766
0.765
0.766
0.7653
0.6663
0.7664
0.765
0.7664
0.7654
0.6229
0.7685
0.7669
0.7685
0.7677
0.6122
0.7396
0.767
0.7399
0.7678
0.6079
0.736
0.762
0.7355
0.7491
0.6061
0.6759
0.7407
0.6716
0.7188
0.6054
0.6726
0.7385
0.6685
0.7187
0.6054
0.6466
0.7237
0.6382
0.7028
0.6054
0.641
0.722
0.6257
0.7022
0.6054
0.6103
0.6974
0.6112
0.6684
0.6054
0.6103
0.6972
0.6112
0.6684
0.6054
0.6103
0.6972
0.6112
0.6684
0.6054
Highland
0.1807
0.8375
0.1804
0.8271
0.1628
0.7195
0.9876
0.7278
0.9825
0.1675
0.7658
0.9883
0.7697
0.9829
0.1922
0.911
1.0
0.9128
1.0
0.1922
0.9131
1.0
0.9146
1.0
0.1922
0.9529
1.0
0.9523
1.0
0.1922
0.9565
1.0
0.953
1.0
0.1922
0.9859
1.0
0.9868
1.0
0.5463
1.0
1.0
1.0
1.0
0.7817
1.0
1.0
1.0
1.0
0.9581
1.0
1.0
1.0
1.0
0.9577
1.0
1.0
1.0
1.0
0.845
1.0
1.0
1.0
1.0
0.845
1.0
1.0
1.0
1.0
0.7748
0.9991
1.0
0.9989
1.0
0.7053
0.9553
1.0
0.9557
1.0
0.6765
0.9499
0.9887
0.9491
0.9694
0.6655
0.86
0.9569
0.8533
0.9244
0.661
0.8551
0.9536
0.8485
0.9243
0.661
0.8161
0.9316
0.8032
0.9005
0.661
0.8076
0.929
0.7845
0.8996
0.661
0.693
0.8916
0.6985
0.8485
0.661
0.693
0.8913
0.6985
0.8485
0.661
0.693
0.8913
0.6985
0.8485
0.661
MEC
0.1619
0.8089
0.1617
0.7979
0.146
0.6863
0.9683
0.6947
0.9628
0.1502
0.7335
0.969
0.7375
0.9633
0.1721
0.8869
0.982
0.8889
0.9815
0.1721
0.8891
0.9821
0.8908
0.9815
0.1721
0.9314
0.9829
0.9308
0.9824
0.1721
0.9352
0.9829
0.9315
0.9824
0.1721
0.9664
0.9841
0.9674
0.9838
0.5096
0.982
0.9852
0.9821
0.985
0.7497
0.984
0.9847
0.9841
0.9845
0.9369
0.984
0.9856
0.9841
0.9854
0.9365
0.9839
0.9848
0.9839
0.9845
0.8169
0.9839
0.9848
0.9839
0.9845
0.8169
0.9835
0.9848
0.9835
0.9844
0.7427
0.9804
0.9834
0.9803
0.9827
0.6718
0.934
0.9833
0.9344
0.9826
0.6424
0.9283
0.9694
0.9274
0.949
0.6313
0.8328
0.9357
0.8257
0.9012
0.6266
0.8277
0.9322
0.8207
0.9011
0.6266
0.7863
0.9088
0.7725
0.8758
0.6266
0.7773
0.9061
0.7527
0.8749
0.6266
0.6592
0.8664
0.6649
0.8207
0.6266
0.6592
0.866
0.6649
0.8207
0.6266
0.6592
0.866
0.6649
0.8207
0.6266
Jackson
0.145
0.8098
0.1448
0.7983
0.1296
0.6822
0.9742
0.6911
0.9686
0.1337
0.7316
0.975
0.7359
0.969
0.155
0.8903
0.9885
0.8923
0.9879
0.155
0.8925
0.9887
0.8942
0.9879
0.155
0.9361
0.9897
0.9356
0.9891
0.155
0.9401
0.9898
0.9363
0.9891
0.155
0.9723
0.9914
0.9733
0.991
0.4974
0.9885
0.9928
0.9887
0.9926
0.7487
0.9913
0.9922
0.9914
0.9919
0.9419
0.9913
0.9934
0.9913
0.9931
0.9415
0.9911
0.9924
0.9911
0.9919
0.818
0.9911
0.9924
0.9911
0.9919
0.818
0.9905
0.9923
0.9906
0.9918
0.7413
0.9868
0.9905
0.9866
0.9895
0.6671
0.9389
0.9903
0.9392
0.9894
0.6363
0.9329
0.9754
0.932
0.9543
0.6246
0.8344
0.9406
0.8271
0.9049
0.6197
0.8291
0.937
0.8219
0.9048
0.6197
0.7864
0.9128
0.7722
0.8788
0.6197
0.7771
0.91
0.7517
0.8778
0.6197
0.6539
0.8691
0.6598
0.8219
0.6197
0.6539
0.8687
0.6598
0.8219
0.6197
0.6539
0.8687
0.6598
0.8219
0.6197
Livestock
0.2339
0.0835
0.2341
0.0679
0.2518
0.0
0.3085
0.0
0.3008
0.2471
0.0
0.3096
0.0
0.3014
0.2224
0.1937
0.3355
0.1964
0.3288
0.2224
0.1968
0.3371
0.1991
0.329
0.2224
0.2565
0.3487
0.2557
0.3419
0.2224
0.2619
0.349
0.2567
0.3421
0.2224
0.3059
0.3672
0.3074
0.3629
0.0
0.3352
0.3822
0.3369
0.3796
0.0
0.3656
0.3755
0.3663
0.372
0.2643
0.3658
0.3885
0.3661
0.3854
0.2637
0.3632
0.3773
0.3639
0.3724
0.0948
0.3632
0.3773
0.3639
0.3724
0.0948
0.3571
0.3765
0.3581
0.3713
0.0
0.3257
0.3563
0.3255
0.3462
0.0
0.2602
0.3549
0.2608
0.3446
0.0
0.2521
0.31
0.2509
0.2814
0.0
0.1173
0.2624
0.1073
0.2137
0.0
0.11
0.2574
0.1002
0.2136
0.0
0.0515
0.2243
0.0322
0.1779
0.0
0.0388
0.2205
0.0042
0.1766
0.0
0.0
0.1645
0.0
0.1
0.0
0.0
0.164
0.0
0.1
0.0
0.0
0.164
0.0
0.1
0.0
Greenhouse
1.0
0.0
1.0
0.0
1.0
0.1386
0.0
0.1204
0.0
1.0
0.0357
0.0
0.027
0.0
1.0
0.0
0.0
0.0
0.0
1.0
0.0
0.0
0.0
0.0
1.0
0.0
0.0
0.0
0.0
1.0
0.0
0.0
0.0
0.0
1.0
0.0
0.0
0.0
0.0
0.524
0.0
0.0
0.0
0.0
0.0001
0.0
0.0
0.0
0.0
0.0
0.0
0.0
0.0
0.0
0.0
0.0
0.0
0.0
0.0
0.0
0.0
0.0
0.0
0.0
0.0
0.0
0.0
0.0
0.0
0.0154
0.0
0.0
0.0
0.0
0.1701
0.0
0.0
0.0
0.0
0.2343
0.0
0.0
0.0
0.0
0.2587
0.0
0.0
0.0
0.0
0.2689
0.0
0.0
0.0
0.0
0.2689
0.0
0.0
0.0
0.0
0.2689
0.0
0.0
0.0
0.0
0.2689
0.1977
0.0
0.1855
0.0
0.2689
0.1977
0.0
0.1855
0.0
0.2689
0.1977
0.0
0.1855
0.0
0.2689
ChampionWayG
0.4545
0.1677
0.4545
0.1575
0.4619
0.1455
0.3145
0.1413
0.3094
0.46
0.1215
0.3152
0.1193
0.3099
0.4498
0.2395
0.3312
0.2412
0.3275
0.4498
0.2416
0.332
0.243
0.3276
0.4498
0.2806
0.3386
0.28
0.3348
0.4498
0.284
0.3387
0.2806
0.3349
0.4498
0.3127
0.3489
0.3135
0.3466
0.2342
0.3311
0.3573
0.3319
0.3559
0.1124
0.348
0.3536
0.3483
0.3517
0.2854
0.3482
0.3607
0.3484
0.3591
0.2852
0.3469
0.3544
0.3472
0.3518
0.1747
0.3469
0.3544
0.3472
0.3518
0.1747
0.3436
0.354
0.3441
0.3513
0.1167
0.326
0.3426
0.3257
0.3371
0.1532
0.2829
0.3418
0.2832
0.3362
0.1681
0.2777
0.315
0.2768
0.2966
0.1739
0.1899
0.284
0.1831
0.2528
0.1763
0.1852
0.2809
0.1785
0.2526
0.1763
0.147
0.2592
0.1341
0.2294
0.1763
0.1387
0.2567
0.1159
0.2285
0.1763
0.1596
0.2198
0.1566
0.1783
0.1763
0.1596
0.2195
0.1566
0.1783
0.1763
0.1596
0.2195
0.1566
0.1783
0.1763
Greenland
0.0815
0.43
0.0815
0.414
0.0867
0.294
0.6597
0.3008
0.6518
0.0853
0.3316
0.6608
0.3349
0.6525
0.0782
0.5424
0.6847
0.5452
0.6799
0.0782
0.5456
0.6858
0.5479
0.68
0.0782
0.6066
0.6944
0.6058
0.6894
0.0782
0.612
0.6945
0.6068
0.6895
0.0782
0.657
0.7078
0.6584
0.7047
0.1523
0.6845
0.7187
0.6858
0.7169
0.3443
0.7067
0.7138
0.7071
0.7113
0.6145
0.7069
0.7233
0.7071
0.7211
0.614
0.705
0.7151
0.7055
0.7116
0.4414
0.705
0.7151
0.7055
0.7116
0.4414
0.7006
0.7145
0.7013
0.7108
0.339
0.6773
0.6998
0.6771
0.6925
0.2824
0.6103
0.6988
0.6109
0.6913
0.2589
0.602
0.6611
0.6008
0.6319
0.2501
0.4645
0.6125
0.4542
0.563
0.2463
0.457
0.6075
0.447
0.5628
0.2463
0.3974
0.5737
0.3776
0.5265
0.2463
0.3844
0.5698
0.349
0.5251
0.2463
0.2724
0.5125
0.2768
0.4468
0.2463
0.2724
0.512
0.2768
0.4468
0.2463
0.2724
0.512
0.2768
0.4468
0.2463
MiddleTN
0.0217
0.5577
0.0217
0.5415
0.0222
0.4012
0.7904
0.4106
0.7825
0.0221
0.4533
0.7915
0.4578
0.7831
0.0213
0.6716
0.8149
0.6745
0.8107
0.0213
0.6749
0.8159
0.6773
0.8108
0.0213
0.7366
0.8233
0.7358
0.819
0.0213
0.7422
0.8234
0.7368
0.8191
0.0213
0.7877
0.835
0.7892
0.8323
0.206
0.8148
0.8445
0.8158
0.8428
0.4711
0.834
0.8402
0.8344
0.838
0.7447
0.8341
0.8484
0.8343
0.8465
0.7441
0.8325
0.8414
0.833
0.8383
0.5693
0.8325
0.8414
0.833
0.8383
0.5693
0.8286
0.8409
0.8293
0.8376
0.4634
0.8082
0.8281
0.808
0.8217
0.3852
0.7404
0.8272
0.741
0.8207
0.3527
0.732
0.792
0.7308
0.7623
0.3404
0.5926
0.7428
0.5822
0.6925
0.3353
0.5851
0.7377
0.5749
0.6923
0.3353
0.5246
0.7035
0.5046
0.6554
0.3353
0.5115
0.6995
0.4757
0.6541
0.3353
0.3713
0.6416
0.3775
0.5748
0.3353
0.3713
0.641
0.3775
0.5748
0.3353
0.3713
0.641
0.3775
0.5748
0.3353
