Rose
0.0053
0.0000
0.0053
0.0000
0.0054
0.0018
0.8035
0.0016
0.7821
0.0053
0.0003
0.8064
0.0001
0.7840
0.0052
0.2270
0.8684
0.2458
0.8528
0.0052
0.2491
0.8713
0.2650
0.8533
0.0052
0.6060
0.8909
0.6020
0.8798
0.0052
0.6342
0.8913
0.6074
0.8800
0.0052
0.7969
0.9173
0.8013
0.9116
0.0039
0.8679
0.9351
0.8711
0.9321
0.0000
0.9152
0.9274
0.9161
0.9232
0.6480
0.9154
0.9418
0.9159
0.9386
0.6443
0.9119
0.9296
0.9130
0.9237
0.0000
0.9119
0.9296
0.9130
0.9237
0.0000
0.9034
0.9286
0.9049
0.9224
0.0000
0.8445
0.9026
0.8441
0.8868
0.0021
0.6265
0.9004
0.6300
0.8842
0.0026
0.5816
0.8083
0.5755
0.7185
0.0028
0.0022
0.6362
0.0008
0.3553
0.0029
0.0012
0.6104
0.0000
0.3542
0.0029
0.0000
0.4178
0.0000
0.0863
0.0029
0.0000
0.3963
0.0000
0.0744
0.0029
0.0024
0.0115
0.0023
0.0002
0.0029
0.0024
0.0114
0.0023
0.0002
0.0029
0.0024
0.0114
0.0023
0.0002
0.0029
FairView
0.0053
0.0000
0.0053
0.0000
0.0054
0.0018
0.8035
0.0016
0.7821
0.0053
0.0003
0.8064
0.0001
0.7840
0.0052
0.2270
0.8684
0.2458
0.8528
0.0052
0.2491
0.8713
0.2650
0.8533
0.0052
0.6060
0.8909
0.6020
0.8798
0.0052
0.6342
0.8913
0.6074
0.8800
0.0052
0.7969
0.9173
0.8013
0.9116
0.0039
0.8679
0.9351
0.8711
0.9321
0.0000
0.9152
0.9274
0.9161
0.9232
0.6480
0.9154
0.9418
0.9159
0.9386
0.6443
0.9119
0.9296
0.9130
0.9237
0.0000
0.9119
0.9296
0.9130
0.9237
0.0000
0.9034
0.9286
0.9049
0.9224
0.0000
0.8445
0.9026
0.8441
0.8868
0.0021
0.6265
0.9004
0.6300
0.8842
0.0026
0.5816
0.8083
0.5755
0.7185
0.0028
0.0022
0.6362
0.0008
0.3553
0.0029
0.0012
0.6104
0.0000
0.3542
0.0029
0.0000
0.4178
0.0000
0.0863
0.0029
0.0000
0.3963
0.0000
0.0744
0.0029
0.0024
0.0115
0.0023
0.0002
0.0029
0.0024
0.0114
0.0023
0.0002
0.0029
0.0024
0.0114
0.0023
0.0002
0.0029
Bell
0.0053
0.0000
0.0053
0.0000
0.0054
0.0018
0.8035
0.0016
0.7821
0.0053
0.0003
0.8064
0.0001
0.7840
0.0052
0.2270
0.8684
0.2458
0.8528
0.0052
0.2491
0.8713
0.2650
0.8533
0.0052
0.6060
0.8909
0.6020
0.8798
0.0052
0.6342
0.8913
0.6074
0.8800
0.0052
0.7969
0.9173
0.8013
0.9116
0.0039
0.8679
0.9351
0.8711
0.9321
0.0000
0.9152
0.9274
0.9161
0.9232
0.6480
0.9154
0.9418
0.9159
0.9386
0.6443
0.9119
0.9296
0.9130
0.9237
0.0000
0.9119
0.9296
0.9130
0.9237
0.0000
0.9034
0.9286
0.9049
0.9224
0.0000
0.8445
0.9026
0.8441
0.8868
0.0021
0.6265
0.9004
0.6300
0.8842
0.0026
0.5816
0.8083
0.5755
0.7185
0.0028
0.0022
0.6362
0.0008
0.3553
0.0029
0.0012
0.6104
0.0000
0.3542
0.0029
0.0000
0.4178
0.0000
0.0863
0.0029
0.0000
0.3963
0.0000
0.0744
0.0029
0.0024
0.0115
0.0023
0.0002
0.0029
0.0024
0.0114
0.0023
0.0002
0.0029
0.0024
0.0114
0.0023
0.0002
0.0029
IngramN
0.0053
0.0000
0.0053
0.0000
0.0054
0.0018
0.8035
0.0016
0.7821
0.0053
0.0003
0.8064
0.0001
0.7840
0.0052
0.2270
0.8684
0.2458
0.8528
0.0052
0.2491
0.8713
0.2650
0.8533
0.0052
0.6060
0.8909
0.6020
0.8798
0.0052
0.6342
0.8913
0.6074
0.8800
0.0052
0.7969
0.9173
0.8013
0.9116
0.0039
0.8679
0.9351
0.8711
0.9321
0.0000
0.9152
0.9274
0.9161
0.9232
0.6480
0.9154
0.9418
0.9159
0.9386
0.6443
0.9119
0.9296
0.9130
0.9237
0.0000
0.9119
0.9296
0.9130
0.9237
0.0000
0.9034
0.9286
0.9049
0.9224
0.0000
0.8445
0.9026
0.8441
0.8868
0.0021
0.6265
0.9004
0.6300
0.8842
0.0026
0.5816
0.8083
0.5755
0.7185
0.0028
0.0022
0.6362
0.0008
0.3553
0.0029
0.0012
0.6104
0.0000
0.3542
0.0029
0.0000
0.4178
0.0000
0.0863
0.0029
0.0000
0.3963
0.0000
0.0744
0.0029
0.0024
0.0115
0.0023
0.0002
0.0029
0.0024
0.0114
0.0023
0.0002
0.0029
0.0024
0.0114
0.0023
0.0002
0.0029
IngramS
0.0053
0.0000
0.0053
0.0000
0.0054
0.0018
0.8035
0.0016
0.7821
0.0053
0.0003
0.8064
0.0001
0.7840
0.0052
0.2270
0.8684
0.2458
0.8528
0.0052
0.2491
0.8713
0.2650
0.8533
0.0052
0.6060
0.8909
0.6020
0.8798
0.0052
0.6342
0.8913
0.6074
0.8800
0.0052
0.7969
0.9173
0.8013
0.9116
0.0039
0.8679
0.9351
0.8711
0.9321
0.0000
0.9152
0.9274
0.9161
0.9232
0.6480
0.9154
0.9418
0.9159
0.9386
0.6443
0.9119
0.9296
0.9130
0.9237
0.0000
0.9119
0.9296
0.9130
0.9237
0.0000
0.9034
0.9286
0.9049
0.9224
0.0000
0.8445
0.9026
0.8441
0.8868
0.0021
0.6265
0.9004
0.6300
0.8842
0.0026
0.5816
0.8083
0.5755
0.7185
0.0028
0.0022
0.6362
0.0008
0.3553
0.0029
0.0012
0.6104
0.0000
0.3542
0.0029
0.0000
0.4178
0.0000
0.0863
0.0029
0.0000
0.3963
0.0000
0.0744
0.0029
0.0024
0.0115
0.0023
0.0002
0.0029
0.0024
0.0114
0.0023
0.0002
0.0029
0.0024
0.0114
0.0023
0.0002
0.0029
ParkingServ
0.0053
0.0000
0.0053
0.0000
0.0054
0.0018
0.8035
0.0016
0.7821
0.0053
0.0003
0.8064
0.0001
0.7840
0.0052
0.2270
0.8684
0.2458
0.8528
0.0052
0.2491
0.8713
0.2650
0.8533
0.0052
0.6060
0.8909
0.6020
0.8798
0.0052
0.6342
0.8913
0.6074
0.8800
0.0052
0.7969
0.9173
0.8013
0.9116
0.0039
0.8679
0.9351
0.8711
0.9321
0.0000
0.9152
0.9274
0.9161
0.9232
0.6480
0.9154
0.9418
0.9159
0.9386
0.6443
0.9119
0.9296
0.9130
0.9237
0.0000
0.9119
0.9296
0.9130
0.9237
0.0000
0.9034
0.9286
0.9049
0.9224
0.0000
0.8445
0.9026
0.8441
0.8868
0.0021
0.6265
0.9004
0.6300
0.8842
0.0026
0.5816
0.8083
0.5755
0.7185
0.0028
0.0022
0.6362
0.0008
0.3553
0.0029
0.0012
0.6104
0.0000
0.3542
0.0029
0.0000
0.4178
0.0000
0.0863
0.0029
0.0000
0.3963
0.0000
0.0744
0.0029
0.0024
0.0115
0.0023
0.0002
0.0029
0.0024
0.0114
0.0023
0.0002
0.0029
0.0024
0.0114
0.0023
0.0002
0.0029
MainSt
0.0053
0.0000
0.0053
0.0000
0.0054
0.0018
0.8035
0.0016
0.7821
0.0053
0.0003
0.8064
0.0001
0.7840
0.0052
0.2270
0.8684
0.2458
0.8528
0.0052
0.2491
0.8713
0.2650
0.8533
0.0052
0.6060
0.8909
0.6020
0.8798
0.0052
0.6342
0.8913
0.6074
0.8800
0.0052
0.7969
0.9173
0.8013
0.9116
0.0039
0.8679
0.9351
0.8711
0.9321
0.0000
0.9152
0.9274
0.9161
0.9232
0.6480
0.9154
0.9418
0.9159
0.9386
0.6443
0.9119
0.9296
0.9130
0.9237
0.0000
0.9119
0.9296
0.9130
0.9237
0.0000
0.9034
0.9286
0.9049
0.9224
0.0000
0.8445
0.9026
0.8441
0.8868
0.0021
0.6265
0.9004
0.6300
0.8842
0.0026
0.5816
0.8083
0.5755
0.7185
0.0028
0.0022
0.6362
0.0008
0.3553
0.0029
0.0012
0.6104
0.0000
0.3542
0.0029
0.0000
0.4178
0.0000
0.0863
0.0029
0.0000
0.3963
0.0000
0.0744
0.0029
0.0024
0.0115
0.0023
0.0002
0.0029
0.0024
0.0114
0.0023
0.0002
0.0029
0.0024
0.0114
0.0023
0.0002
0.0029
PublicSafety
0.0053
0.0000
0.0053
0.0000
0.0054
0.0018
0.8035
0.0016
0.7821
0.0053
0.0003
0.8064
0.0001
0.7840
0.0052
0.2270
0.8684
0.2458
0.8528
0.0052
0.2491
0.8713
0.2650
0.8533
0.0052
0.6060
0.8909
0.6020
0.8798
0.0052
0.6342
0.8913
0.6074
0.8800
0.0052
0.7969
0.9173
0.8013
0.9116
0.0039
0.8679
0.9351
0.8711
0.9321
0.0000
0.9152
0.9274
0.9161
0.9232
0.6480
0.9154
0.9418
0.9159
0.9386
0.6443
0.9119
0.9296
0.9130
0.9237
0.0000
0.9119
0.9296
0.9130
0.9237
0.0000
0.9034
0.9286
0.9049
0.9224
0.0000
0.8445
0.9026
0.8441
0.8868
0.0021
0.6265
0.9004
0.6300
0.8842
0.0026
0.5816
0.8083
0.5755
0.7185
0.0028
0.0022
0.6362
0.0008
0.3553
0.0029
0.0012
0.6104
0.0000
0.3542
0.0029
0.0000
0.4178
0.0000
0.0863
0.0029
0.0000
0.3963
0.0000
0.0744
0.0029
0.0024
0.0115
0.0023
0.0002
0.0029
0.0024
0.0114
0.0023
0.0002
0.0029
0.0024
0.0114
0.0023
0.0002
0.0029
CollegeHeights
0.0053
0.0000
0.0053
0.0000
0.0054
0.0018
0.8035
0.0016
0.7821
0.0053
0.0003
0.8064
0.0001
0.7840
0.0052
0.2270
0.8684
0.2458
0.8528
0.0052
0.2491
0.8713
0.2650
0.8533
0.0052
0.6060
0.8909
0.6020
0.8798
0.0052
0.6342
0.8913
0.6074
0.8800
0.0052
0.7969
0.9173
0.8013
0.9116
0.0039
0.8679
0.9351
0.8711
0.9321
0.0000
0.9152
0.9274
0.9161
0.9232
0.6480
0.9154
0.9418
0.9159
0.9386
0.6443
0.9119
0.9296
0.9130
0.9237
0.0000
0.9119
0.9296
0.9130
0.9237
0.0000
0.9034
0.9286
0.9049
0.9224
0.0000
0.8445
0.9026
0.8441
0.8868
0.0021
0.6265
0.9004
0.6300
0.8842
0.0026
0.5816
0.8083
0.5755
0.7185
0.0028
0.0022
0.6362
0.0008
0.3553
0.0029
0.0012
0.6104
0.0000
0.3542
0.0029
0.0000
0.4178
0.0000
0.0863
0.0029
0.0000
0.3963
0.0000
0.0744
0.0029
0.0024
0.0115
0.0023
0.0002
0.0029
0.0024
0.0114
0.0023
0.0002
0.0029
0.0024
0.0114
0.0023
0.0002
0.0029
SportsPlex
0.0053
0.0000
0.0053
0.0000
0.0054
0.0018
0.8035
0.0016
0.7821
0.0053
0.0003
0.8064
0.0001
0.7840
0.0052
0.2270
0.8684
0.2458
0.8528
0.0052
0.2491
0.8713
0.2650
0.8533
0.0052
0.6060
0.8909
0.6020
0.8798
0.0052
0.6342
0.8913
0.6074
0.8800
0.0052
0.7969
0.9173
0.8013
0.9116
0.0039
0.8679
0.9351
0.8711
0.9321
0.0000
0.9152
0.9274
0.9161
0.9232
0.6480
0.9154
0.9418
0.9159
0.9386
0.6443
0.9119
0.9296
0.9130
0.9237
0.0000
0.9119
0.9296
0.9130
0.9237
0.0000
0.9034
0.9286
0.9049
0.9224
0.0000
0.8445
0.9026
0.8441
0.8868
0.0021
0.6265
0.9004
0.6300
0.8842
0.0026
0.5816
0.8083
0.5755
0.7185
0.0028
0.0022
0.6362
0.0008
0.3553
0.0029
0.0012
0.6104
0.0000
0.3542
0.0029
0.0000
0.4178
0.0000
0.0863
0.0029
0.0000
0.3963
0.0000
0.0744
0.0029
0.0024
0.0115
0.0023
0.0002
0.0029
0.0024
0.0114
0.0023
0.0002
0.0029
0.0024
0.0114
0.0023
0.0002
0.0029
CityView
0.0053
0.0000
0.0053
0.0000
0.0054
0.0018
0.8035
0.0016
0.7821
0.0053
0.0003
0.8064
0.0001
0.7840
0.0052
0.2270
0.8684
0.2458
0.8528
0.0052
0.2491
0.8713
0.2650
0.8533
0.0052
0.6060
0.8909
0.6020
0.8798
0.0052
0.6342
0.8913
0.6074
0.8800
0.0052
0.7969
0.9173
0.8013
0.9116
0.0039
0.8679
0.9351
0.8711
0.9321
0.0000
0.9152
0.9274
0.9161
0.9232
0.6480
0.9154
0.9418
0.9159
0.9386
0.6443
0.9119
0.9296
0.9130
0.9237
0.0000
0.9119
0.9296
0.9130
0.9237
0.0000
0.9034
0.9286
0.9049
0.9224
0.0000
0.8445
0.9026
0.8441
0.8868
0.0021
0.6265
0.9004
0.6300
0.8842
0.0026
0.5816
0.8083
0.5755
0.7185
0.0028
0.0022
0.6362
0.0008
0.3553
0.0029
0.0012
0.6104
0.0000
0.3542
0.0029
0.0000
0.4178
0.0000
0.0863
0.0029
0.0000
0.3963
0.0000
0.0744
0.0029
0.0024
0.0115
0.0023
0.0002
0.0029
0.0024
0.0114
0.0023
0.0002
0.0029
0.0024
0.0114
0.0023
0.0002
0.0029
GreekRow
0.0053
0.0000
0.0053
0.0000
0.0054
0.0018
0.8035
0.0016
0.7821
0.0053
0.0003
0.8064
0.0001
0.7840
0.0052
0.2270
0.8684
0.2458
0.8528
0.0052
0.2491
0.8713
0.2650
0.8533
0.0052
0.6060
0.8909
0.6020
0.8798
0.0052
0.6342
0.8913
0.6074
0.8800
0.0052
0.7969
0.9173
0.8013
0.9116
0.0039
0.8679
0.9351
0.8711
0.9321
0.0000
0.9152
0.9274
0.9161
0.9232
0.6480
0.9154
0.9418
0.9159
0.9386
0.6443
0.9119
0.9296
0.9130
0.9237
0.0000
0.9119
0.9296
0.9130
0.9237
0.0000
0.9034
0.9286
0.9049
0.9224
0.0000
0.8445
0.9026
0.8441
0.8868
0.0021
0.6265
0.9004
0.6300
0.8842
0.0026
0.5816
0.8083
0.5755
0.7185
0.0028
0.0022
0.6362
0.0008
0.3553
0.0029
0.0012
0.6104
0.0000
0.3542
0.0029
0.0000
0.4178
0.0000
0.0863
0.0029
0.0000
0.3963
0.0000
0.0744
0.0029
0.0024
0.0115
0.0023
0.0002
0.0029
0.0024
0.0114
0.0023
0.0002
0.0029
0.0024
0.0114
0.0023
0.0002
0.0029
Rutherford
0.0053
0.0000
0.0053
0.0000
0.0054
0.0018
0.8035
0.0016
0.7821
0.0053
0.0003
0.8064
0.0001
0.7840
0.0052
0.2270
0.8684
0.2458
0.8528
0.0052
0.2491
0.8713
0.2650
0.8533
0.0052
0.6060
0.8909
0.6020
0.8798
0.0052
0.6342
0.8913
0.6074
0.8800
0.0052
0.7969
0.9173
0.8013
0.9116
0.0039
0.8679
0.9351
0.8711
0.9321
0.0000
0.9152
0.9274
0.9161
0.9232
0.6480
0.9154
0.9418
0.9159
0.9386
0.6443
0.9119
0.9296
0.9130
0.9237
0.0000
0.9119
0.9296
0.9130
0.9237
0.0000
0.9034
0.9286
0.9049
0.9224
0.0000
0.8445
0.9026
0.8441
0.8868
0.0021
0.6265
0.9004
0.6300
0.8842
0.0026
0.5816
0.8083
0.5755
0.7185
0.0028
0.0022
0.6362
0.0008
0.3553
0.0029
0.0012
0.6104
0.0000
0.3542
0.0029
0.0000
0.4178
0.0000
0.0863
0.0029
0.0000
0.3963
0.0000
0.0744
0.0029
0.0024
0.0115
0.0023
0.0002
0.0029
0.0024
0.0114
0.0023
0.0002
0.0029
0.0024
0.0114
0.0023
0.0002
0.0029
Softball
0.0053
0.0000
0.0053
0.0000
0.0054
0.0018
0.8035
0.0016
0.7821
0.0053
0.0003
0.8064
0.0001
0.7840
0.0052
0.2270
0.8684
0.2458
0.8528
0.0052
0.2491
0.8713
0.2650
0.8533
0.0052
0.6060
0.8909
0.6020
0.8798
0.0052
0.6342
0.8913
0.6074
0.8800
0.0052
0.7969
0.9173
0.8013
0.9116
0.0039
0.8679
0.9351
0.8711
0.9321
0.0000
0.9152
0.9274
0.9161
0.9232
0.6480
0.9154
0.9418
0.9159
0.9386
0.6443
0.9119
0.9296
0.9130
0.9237
0.0000
0.9119
0.9296
0.9130
0.9237
0.0000
0.9034
0.9286
0.9049
0.9224
0.0000
0.8445
0.9026
0.8441
0.8868
0.0021
0.6265
0.9004
0.6300
0.8842
0.0026
0.5816
0.8083
0.5755
0.7185
0.0028
0.0022
0.6362
0.0008
0.3553
0.0029
0.0012
0.6104
0.0000
0.3542
0.0029
0.0000
0.4178
0.0000
0.0863
0.0029
0.0000
0.3963
0.0000
0.0744
0.0029
0.0024
0.0115
0.0023
0.0002
0.0029
0.0024
0.0114
0.0023
0.0002
0.0029
0.0024
0.0114
0.0023
0.0002
0.0029
Ezell
0.0053
0.0000
0.0053
0.0000
0.0054
0.0018
0.8035
0.0016
0.7821
0.0053
0.0003
0.8064
0.0001
0.7840
0.0052
0.2270
0.8684
0.2458
0.8528
0.0052
0.2491
0.8713
0.2650
0.8533
0.0052
0.6060
0.8909
0.6020
0.8798
0.0052
0.6342
0.8913
0.6074
0.8800
0.0052
0.7969
0.9173
0.8013
0.9116
0.0039
0.8679
0.9351
0.8711
0.9321
0.0000
0.9152
0.9274
0.9161
0.9232
0.6480
0.9154
0.9418
0.9159
0.9386
0.6443
0.9119
0.9296
0.9130
0.9237
0.0000
0.9119
0.9296
0.9130
0.9237
0.0000
0.9034
0.9286
0.9049
0.9224
0.0000
0.8445
0.9026
0.8441
0.8868
0.0021
0.6265
0.9004
0.6300
0.8842
0.0026
0.5816
0.8083
0.5755
0.7185
0.0028
0.0022
0.6362
0.0008
0.3553
0.0029
0.0012
0.6104
0.0000
0.3542
0.0029
0.0000
0.4178
0.0000
0.0863
0.0029
0.0000
0.3963
0.0000
0.0744
0.0029
0.0024
0.0115
0.0023
0.0002
0.0029
0.0024
0.0114
0.0023
0.0002
0.0029
0.0024
0.0114
0.0023
0.0002
0.0029
MtsuBlvdG
0.0053
0.0000
0.0053
0.0000
0.0054
0.0018
0.8035
0.0016
0.7821
0.0053
0.0003
0.8064
0.0001
0.7840
0.0052
0.2270
0.8684
0.2458
0.8528
0.0052
0.2491
0.8713
0.2650
0.8533
0.0052
0.6060
0.8909
0.6020
0.8798
0.0052
0.6342
0.8913
0.6074
0.8800
0.0052
0.7969
0.9173
0.8013
0.9116
0.0039
0.8679
0.9351
0.8711
0.9321
0.0000
0.9152
0.9274
0.9161
0.9232
0.6480
0.9154
0.9418
0.9159
0.9386
0.6443
0.9119
0.9296
0.9130
0.9237
0.0000
0.9119
0.9296
0.9130
0.9237
0.0000
0.9034
0.9286
0.9049
0.9224
0.0000
0.8445
0.9026
0.8441
0.8868
0.0021
0.6265
0.9004
0.6300
0.8842
0.0026
0.5816
0.8083
0.5755
0.7185
0.0028
0.0022
0.6362
0.0008
0.3553
0.0029
0.0012
0.6104
0.0000
0.3542
0.0029
0.0000
0.4178
0.0000
0.0863
0.0029
0.0000
0.3963
0.0000
0.0744
0.0029
0.0024
0.0115
0.0023
0.0002
0.0029
0.0024
0.0114
0.0023
0.0002
0.0029
0.0024
0.0114
0.0023
0.0002
0.0029
Rec
0.0053
0.0000
0.0053
0.0000
0.0054
0.0018
0.8035
0.0016
0.7821
0.0053
0.0003
0.8064
0.0001
0.7840
0.0052
0.2270
0.8684
0.2458
0.8528
0.0052
0.2491
0.8713
0.2650
0.8533
0.0052
0.6060
0.8909
0.6020
0.8798
0.0052
0.6342
0.8913
0.6074
0.8800
0.0052
0.7969
0.9173
0.8013
0.9116
0.0039
0.8679
0.9351
0.8711
0.9321
0.0000
0.9152
0.9274
0.9161
0.9232
0.6480
0.9154
0.9418
0.9159
0.9386
0.6443
0.9119
0.9296
0.9130
0.9237
0.0000
0.9119
0.9296
0.9130
0.9237
0.0000
0.9034
0.9286
0.9049
0.9224
0.0000
0.8445
0.9026
0.8441
0.8868
0.0021
0.6265
0.9004
0.6300
0.8842
0.0026
0.5816
0.8083
0.5755
0.7185
0.0028
0.0022
0.6362
0.0008
0.3553
0.0029
0.0012
0.6104
0.0000
0.3542
0.0029
0.0000
0.4178
0.0000
0.0863
0.0029
0.0000
0.3963
0.0000
0.0744
0.0029
0.0024
0.0115
0.0023
0.0002
0.0029
0.0024
0.0114
0.0023
0.0002
0.0029
0.0024
0.0114
0.0023
0.0002
0.0029
Abernathy
0.0053
0.0000
0.0053
0.0000
0.0054
0.0018
0.8035
0.0016
0.7821
0.0053
0.0003
0.8064
0.0001
0.7840
0.0052
0.2270
0.8684
0.2458
0.8528
0.0052
0.2491
0.8713
0.2650
0.8533
0.0052
0.6060
0.8909
0.6020
0.8798
0.0052
0.6342
0.8913
0.6074
0.8800
0.0052
0.7969
0.9173
0.8013
0.9116
0.0039
0.8679
0.9351
0.8711
0.9321
0.0000
0.9152
0.9274
0.9161
0.9232
0.6480
0.9154
0.9418
0.9159
0.9386
0.6443
0.9119
0.9296
0.9130
0.9237
0.0000
0.9119
0.9296
0.9130
0.9237
0.0000
0.9034
0.9286
0.9049
0.9224
0.0000
0.8445
0.9026
0.8441
0.8868
0.0021
0.6265
0.9004
0.6300
0.8842
0.0026
0.5816
0.8083
0.5755
0.7185
0.0028
0.0022
0.6362
0.0008
0.3553
0.0029
0.0012
0.6104
0.0000
0.3542
0.0029
0.0000
0.4178
0.0000
0.0863
0.0029
0.0000
0.3963
0.0000
0.0744
0.0029
0.0024
0.0115
0.0023
0.0002
0.0029
0.0024
0.0114
0.0023
0.0002
0.0029
0.0024
0.0114
0.0023
0.0002
0.0029
MTSU
0.0053
0.0000
0.0053
0.0000
0.0054
0.0018
0.8035
0.0016
0.7821
0.0053
0.0003
0.8064
0.0001
0.7840
0.0052
0.2270
0.8684
0.2458
0.8528
0.0052
0.2491
0.8713
0.2650
0.8533
0.0052
0.6060
0.8909
0.6020
0.8798
0.0052
0.6342
0.8913
0.6074
0.8800
0.0052
0.7969
0.9173
0.8013
0.9116
0.0039
0.8679
0.9351
0.8711
0.9321
0.0000
0.9152
0.9274
0.9161
0.9232
0.6480
0.9154
0.9418
0.9159
0.9386
0.6443
0.9119
0.9296
0.9130
0.9237
0.0000
0.9119
0.9296
0.9130
0.9237
0.0000
0.9034
0.9286
0.9049
0.9224
0.0000
0.8445
0.9026
0.8441
0.8868
0.0021
0.6265
0.9004
0.6300
0.8842
0.0026
0.5816
0.8083
0.5755
0.7185
0.0028
0.0022
0.6362
0.0008
0.3553
0.0029
0.0012
0.6104
0.0000
0.3542
0.0029
0.0000
0.4178
0.0000
0.0863
0.0029
0.0000
0.3963
0.0000
0.0744
0.0029
0.0024
0.0115
0.0023
0.0002
0.0029
0.0024
0.0114
0.0023
0.0002
0.0029
0.0024
0.0114
0.0023
0.0002
0.0029
Highland
0.0053
0.0000
0.0053
0.0000
0.0054
0.0018
0.8035
0.0016
0.7821
0.0053
0.0003
0.8064
0.0001
0.7840
0.0052
0.2270
0.8684
0.2458
0.8528
0.0052
0.2491
0.8713
0.2650
0.8533
0.0052
0.6060
0.8909
0.6020
0.8798
0.0052
0.6342
0.8913
0.6074
0.8800
0.0052
0.7969
0.9173
0.8013
0.9116
0.0039
0.8679
0.9351
0.8711
0.9321
0.0000
0.9152
0.9274
0.9161
0.9232
0.6480
0.9154
0.9418
0.9159
0.9386
0.6443
0.9119
0.9296
0.9130
0.9237
0.0000
0.9119
0.9296
0.9130
0.9237
0.0000
0.9034
0.9286
0.9049
0.9224
0.0000
0.8445
0.9026
0.8441
0.8868
0.0021
0.6265
0.9004
0.6300
0.8842
0.0026
0.5816
0.8083
0.5755
0.7185
0.0028
0.0022
0.6362
0.0008
0.3553
0.0029
0.0012
0.6104
0.0000
0.3542
0.0029
0.0000
0.4178
0.0000
0.0863
0.0029
0.0000
0.3963
0.0000
0.0744
0.0029
0.0024
0.0115
0.0023
0.0002
0.0029
0.0024
0.0114
0.0023
0.0002
0.0029
0.0024
0.0114
0.0023
0.0002
0.0029
MEC
0.0053
0.0000
0.0053
0.0000
0.0054
0.0018
0.8035
0.0016
0.7821
0.0053
0.0003
0.8064
0.0001
0.7840
0.0052
0.2270
0.8684
0.2458
0.8528
0.0052
0.2491
0.8713
0.2650
0.8533
0.0052
0.6060
0.8909
0.6020
0.8798
0.0052
0.6342
0.8913
0.6074
0.8800
0.0052
0.7969
0.9173
0.8013
0.9116
0.0039
0.8679
0.9351
0.8711
0.9321
0.0000
0.9152
0.9274
0.9161
0.9232
0.6480
0.9154
0.9418
0.9159
0.9386
0.6443
0.9119
0.9296
0.9130
0.9237
0.0000
0.9119
0.9296
0.9130
0.9237
0.0000
0.9034
0.9286
0.9049
0.9224
0.0000
0.8445
0.9026
0.8441
0.8868
0.0021
0.6265
0.9004
0.6300
0.8842
0.0026
0.5816
0.8083
0.5755
0.7185
0.0028
0.0022
0.6362
0.0008
0.3553
0.0029
0.0012
0.6104
0.0000
0.3542
0.0029
0.0000
0.4178
0.0000
0.0863
0.0029
0.0000
0.3963
0.0000
0.0744
0.0029
0.0024
0.0115
0.0023
0.0002
0.0029
0.0024
0.0114
0.0023
0.0002
0.0029
0.0024
0.0114
0.0023
0.0002
0.0029
Jackson
0.0053
0.0000
0.0053
0.0000
0.0054
0.0018
0.8035
0.0016
0.7821
0.0053
0.0003
0.8064
0.0001
0.7840
0.0052
0.2270
0.8684
0.2458
0.8528
0.0052
0.2491
0.8713
0.2650
0.8533
0.0052
0.6060
0.8909
0.6020
0.8798
0.0052
0.6342
0.8913
0.6074
0.8800
0.0052
0.7969
0.9173
0.8013
0.9116
0.0039
0.8679
0.9351
0.8711
0.9321
0.0000
0.9152
0.9274
0.9161
0.9232
0.6480
0.9154
0.9418
0.9159
0.9386
0.6443
0.9119
0.9296
0.9130
0.9237
0.0000
0.9119
0.9296
0.9130
0.9237
0.0000
0.9034
0.9286
0.9049
0.9224
0.0000
0.8445
0.9026
0.8441
0.8868
0.0021
0.6265
0.9004
0.6300
0.8842
0.0026
0.5816
0.8083
0.5755
0.7185
0.0028
0.0022
0.6362
0.0008
0.3553
0.0029
0.0012
0.6104
0.0000
0.3542
0.0029
0.0000
0.4178
0.0000
0.0863
0.0029
0.0000
0.3963
0.0000
0.0744
0.0029
0.0024
0.0115
0.0023
0.0002
0.0029
0.0024
0.0114
0.0023
0.0002
0.0029
0.0024
0.0114
0.0023
0.0002
0.0029
Livestock
0.0053
0.0000
0.0053
0.0000
0.0054
0.0018
0.8035
0.0016
0.7821
0.0053
0.0003
0.8064
0.0001
0.7840
0.0052
0.2270
0.8684
0.2458
0.8528
0.0052
0.2491
0.8713
0.2650
0.8533
0.0052
0.6060
0.8909
0.6020
0.8798
0.0052
0.6342
0.8913
0.6074
0.8800
0.0052
0.7969
0.9173
0.8013
0.9116
0.0039
0.8679
0.9351
0.8711
0.9321
0.0000
0.9152
0.9274
0.9161
0.9232
0.6480
0.9154
0.9418
0.9159
0.9386
0.6443
0.9119
0.9296
0.9130
0.9237
0.0000
0.9119
0.9296
0.9130
0.9237
0.0000
0.9034
0.9286
0.9049
0.9224
0.0000
0.8445
0.9026
0.8441
0.8868
0.0021
0.6265
0.9004
0.6300
0.8842
0.0026
0.5816
0.8083
0.5755
0.7185
0.0028
0.0022
0.6362
0.0008
0.3553
0.0029
0.0012
0.6104
0.0000
0.3542
0.0029
0.0000
0.4178
0.0000
0.0863
0.0029
0.0000
0.3963
0.0000
0.0744
0.0029
0.0024
0.0115
0.0023
0.0002
0.0029
0.0024
0.0114
0.0023
0.0002
0.0029
0.0024
0.0114
0.0023
0.0002
0.0029
Greenhouse
0.0053
0.0000
0.0053
0.0000
0.0054
0.0018
0.8035
0.0016
0.7821
0.0053
0.0003
0.8064
0.0001
0.7840
0.0052
0.2270
0.8684
0.2458
0.8528
0.0052
0.2491
0.8713
0.2650
0.8533
0.0052
0.6060
0.8909
0.6020
0.8798
0.0052
0.6342
0.8913
0.6074
0.8800
0.0052
0.7969
0.9173
0.8013
0.9116
0.0039
0.8679
0.9351
0.8711
0.9321
0.0000
0.9152
0.9274
0.9161
0.9232
0.6480
0.9154
0.9418
0.9159
0.9386
0.6443
0.9119
0.9296
0.9130
0.9237
0.0000
0.9119
0.9296
0.9130
0.9237
0.0000
0.9034
0.9286
0.9049
0.9224
0.0000
0.8445
0.9026
0.8441
0.8868
0.0021
0.6265
0.9004
0.6300
0.8842
0.0026
0.5816
0.8083
0.5755
0.7185
0.0028
0.0022
0.6362
0.0008
0.3553
0.0029
0.0012
0.6104
0.0000
0.3542
0.0029
0.0000
0.4178
0.0000
0.0863
0.0029
0.0000
0.3963
0.0000
0.0744
0.0029
0.0024
0.0115
0.0023
0.0002
0.0029
0.0024
0.0114
0.0023
0.0002
0.0029
0.0024
0.0114
0.0023
0.0002
0.0029
ChampionWayG
0.0053
0.0000
0.0053
0.0000
0.0054
0.0018
0.8035
0.0016
0.7821
0.0053
0.0003
0.8064
0.0001
0.7840
0.0052
0.2270
0.8684
0.2458
0.8528
0.0052
0.2491
0.8713
0.2650
0.8533
0.0052
0.6060
0.8909
0.6020
0.8798
0.0052
0.6342
0.8913
0.6074
0.8800
0.0052
0.7969
0.9173
0.8013
0.9116
0.0039
0.8679
0.9351
0.8711
0.9321
0.0000
0.9152
0.9274
0.9161
0.9232
0.6480
0.9154
0.9418
0.9159
0.9386
0.6443
0.9119
0.9296
0.9130
0.9237
0.0000
0.9119
0.9296
0.9130
0.9237
0.0000
0.9034
0.9286
0.9049
0.9224
0.0000
0.8445
0.9026
0.8441
0.8868
0.0021
0.6265
0.9004
0.6300
0.8842
0.0026
0.5816
0.8083
0.5755
0.7185
0.0028
0.0022
0.6362
0.0008
0.3553
0.0029
0.0012
0.6104
0.0000
0.3542
0.0029
0.0000
0.4178
0.0000
0.0863
0.0029
0.0000
0.3963
0.0000
0.0744
0.0029
0.0024
0.0115
0.0023
0.0002
0.0029
0.0024
0.0114
0.0023
0.0002
0.0029
0.0024
0.0114
0.0023
0.0002
0.0029
Greenland
0.0053
0.0000
0.0053
0.0000
0.0054
0.0018
0.8035
0.0016
0.7821
0.0053
0.0003
0.8064
0.0001
0.7840
0.0052
0.2270
0.8684
0.2458
0.8528
0.0052
0.2491
0.8713
0.2650
0.8533
0.0052
0.6060
0.8909
0.6020
0.8798
0.0052
0.6342
0.8913
0.6074
0.8800
0.0052
0.7969
0.9173
0.8013
0.9116
0.0039
0.8679
0.9351
0.8711
0.9321
0.0000
0.9152
0.9274
0.9161
0.9232
0.6480
0.9154
0.9418
0.9159
0.9386
0.6443
0.9119
0.9296
0.9130
0.9237
0.0000
0.9119
0.9296
0.9130
0.9237
0.0000
0.9034
0.9286
0.9049
0.9224
0.0000
0.8445
0.9026
0.8441
0.8868
0.0021
0.6265
0.9004
0.6300
0.8842
0.0026
0.5816
0.8083
0.5755
0.7185
0.0028
0.0022
0.6362
0.0008
0.3553
0.0029
0.0012
0.6104
0.0000
0.3542
0.0029
0.0000
0.4178
0.0000
0.0863
0.0029
0.0000
0.3963
0.0000
0.0744
0.0029
0.0024
0.0115
0.0023
0.0002
0.0029
0.0024
0.0114
0.0023
0.0002
0.0029
0.0024
0.0114
0.0023
0.0002
0.0029
MiddleTN
0.0053
0.0000
0.0053
0.0000
0.0054
0.0018
0.8035
0.0016
0.7821
0.0053
0.0003
0.8064
0.0001
0.7840
0.0052
0.2270
0.8684
0.2458
0.8528
0.0052
0.2491
0.8713
0.2650
0.8533
0.0052
0.6060
0.8909
0.6020
0.8798
0.0052
0.6342
0.8913
0.6074
0.8800
0.0052
0.7969
0.9173
0.8013
0.9116
0.0039
0.8679
0.9351
0.8711
0.9321
0.0000
0.9152
0.9274
0.9161
0.9232
0.6480
0.9154
0.9418
0.9159
0.9386
0.6443
0.9119
0.9296
0.9130
0.9237
0.0000
0.9119
0.9296
0.9130
0.9237
0.0000
0.9034
0.9286
0.9049
0.9224
0.0000
0.8445
0.9026
0.8441
0.8868
0.0021
0.6265
0.9004
0.6300
0.8842
0.0026
0.5816
0.8083
0.5755
0.7185
0.0028
0.0022
0.6362
0.0008
0.3553
0.0029
0.0012
0.6104
0.0000
0.3542
0.0029
0.0000
0.4178
0.0000
0.0863
0.0029
0.0000
0.3963
0.0000
0.0744
0.0029
0.0024
0.0115
0.0023
0.0002
0.0029
0.0024
0.0114
0.0023
0.0002
0.0029
0.0024
0.0114
0.0023
0.0002
0.0029
