Rose
0.0
0.5481
0.0
0.531
0.0
0.3812
0.7989
0.3912
0.7902
0.0
0.4373
0.8002
0.4422
0.791
0.0
0.67
0.8272
0.6731
0.8224
0.0
0.6735
0.8283
0.6761
0.8227
0.0
0.7403
0.8364
0.7394
0.8316
0.0
0.7463
0.8365
0.7405
0.8317
0.0
0.796
0.8492
0.7976
0.8462
0.1759
0.827
0.8595
0.8282
0.8577
0.4568
0.8481
0.8549
0.8485
0.8525
0.7491
0.8482
0.8639
0.8484
0.8618
0.7485
0.8464
0.8562
0.8469
0.8527
0.5605
0.8464
0.8562
0.8469
0.8527
0.5605
0.8421
0.8556
0.8429
0.852
0.4483
0.8184
0.8417
0.8181
0.8346
0.364
0.7444
0.8407
0.7451
0.8335
0.3294
0.7353
0.8007
0.734
0.7682
0.3163
0.5853
0.7471
0.5742
0.6925
0.3109
0.5772
0.7415
0.5664
0.6923
0.3109
0.5131
0.7044
0.4919
0.6526
0.3109
0.4992
0.7002
0.4614
0.6511
0.3109
0.3492
0.6378
0.3558
0.5664
0.3109
0.3492
0.6372
0.3558
0.5664
0.3109
0.3492
0.6372
0.3558
0.5664
0.3109
FairView
0.0875
0.5895
0.0875
0.5745
0.0831
0.4458
0.8086
0.4544
0.801
0.0843
0.4933
0.8097
0.4975
0.8016
0.0904
0.696
0.8326
0.6987
0.8291
0.0904
0.699
0.8334
0.7013
0.8293
0.0904
0.7574
0.8392
0.7566
0.8358
0.0904
0.7627
0.8394
0.7576
0.8359
0.0904
0.806
0.8485
0.8074
0.8464
0.2718
0.8325
0.8561
0.8333
0.8548
0.5095
0.8478
0.8527
0.8481
0.851
0.765
0.8479
0.8592
0.8481
0.8577
0.7645
0.8466
0.8536
0.847
0.8512
0.6002
0.8466
0.8536
0.847
0.8512
0.6002
0.8435
0.8532
0.8441
0.8507
0.5025
0.8257
0.8431
0.8255
0.838
0.4313
0.761
0.8423
0.7615
0.8372
0.402
0.753
0.8101
0.7518
0.7817
0.391
0.6221
0.7633
0.6123
0.7157
0.3865
0.615
0.7584
0.6055
0.7155
0.3865
0.559
0.7261
0.5404
0.6809
0.3865
0.5468
0.7223
0.5138
0.6796
0.3865
0.4188
0.6677
0.4244
0.6055
0.3865
0.4188
0.6672
0.4244
0.6055
0.3865
0.4188
0.6672
0.4244
0.6055
0.3865
Bell
0.375
0.7689
0.3746
0.7613
0.3539
0.6995
0.8791
0.7036
0.8752
0.3595
0.721
0.8796
0.723
0.8756
0.3886
0.8222
0.8882
0.8236
0.8893
0.3886
0.8237
0.8879
0.8249
0.8894
0.3886
0.8532
0.8858
0.8527
0.887
0.3886
0.8558
0.8858
0.8532
0.887
0.3886
0.8776
0.8824
0.8781
0.8832
0.6196
0.8882
0.8797
0.8878
0.8802
0.7276
0.8827
0.8809
0.8825
0.8816
0.8568
0.8828
0.8786
0.8826
0.8792
0.8567
0.8833
0.8805
0.8831
0.8815
0.7737
0.8833
0.8805
0.8831
0.8815
0.7737
0.8845
0.8807
0.8842
0.8817
0.7249
0.8877
0.8843
0.8876
0.8863
0.693
0.8549
0.8846
0.855
0.8866
0.6797
0.8509
0.8796
0.8502
0.8654
0.6748
0.7852
0.8563
0.7799
0.8325
0.6728
0.7817
0.8539
0.7765
0.8324
0.6728
0.7535
0.8377
0.7438
0.8151
0.6728
0.7473
0.8358
0.7305
0.8144
0.6728
0.6874
0.808
0.6899
0.7769
0.6728
0.6874
0.8078
0.6899
0.7769
0.6728
0.6874
0.8078
0.6899
0.7769
0.6728
IngramN
0.4566
0.8261
0.4562
0.8206
0.4305
0.7775
0.9047
0.7804
0.902
0.4374
0.792
0.9051
0.7934
0.9022
0.4734
0.864
0.9096
0.865
0.912
0.4734
0.8651
0.9089
0.8659
0.9121
0.4734
0.8862
0.9045
0.8858
0.9071
0.4734
0.8881
0.9044
0.8861
0.907
0.4734
0.9036
0.8973
0.9039
0.8989
0.7231
0.9096
0.8916
0.9088
0.8926
0.7962
0.8979
0.8941
0.8975
0.8955
0.8887
0.8979
0.8891
0.8977
0.8903
0.8886
0.899
0.8933
0.8986
0.8953
0.8292
0.899
0.8933
0.8986
0.8953
0.8292
0.9014
0.8937
0.9009
0.8958
0.7945
0.9109
0.9014
0.9108
0.9054
0.7732
0.8874
0.902
0.8874
0.9061
0.7642
0.8845
0.9051
0.8839
0.8949
0.761
0.8377
0.8885
0.8338
0.8715
0.7596
0.8352
0.8868
0.8313
0.8715
0.7596
0.815
0.8753
0.8079
0.8592
0.7596
0.8106
0.8739
0.7985
0.8587
0.7596
0.7694
0.854
0.7711
0.8318
0.7596
0.7694
0.8538
0.7711
0.8318
0.7596
0.7694
0.8538
0.7711
0.8318
0.7596
IngramS
0.4569
0.8574
0.4565
0.8522
0.4293
0.8078
0.9326
0.8109
0.93
0.4366
0.824
0.933
0.8255
0.9302
0.4748
0.8937
0.9368
0.8947
0.9396
0.4748
0.8948
0.9361
0.8956
0.9396
0.4748
0.9149
0.9311
0.9146
0.9341
0.4748
0.9167
0.931
0.9149
0.934
0.4748
0.9315
0.9231
0.9318
0.9249
0.7472
0.9369
0.9167
0.9361
0.9178
0.8289
0.9238
0.9196
0.9234
0.9211
0.9173
0.9238
0.9139
0.9236
0.9153
0.9172
0.925
0.9187
0.9246
0.9209
0.8604
0.925
0.9187
0.9246
0.9209
0.8604
0.9277
0.9191
0.9272
0.9214
0.8269
0.9386
0.9277
0.9384
0.9322
0.8029
0.916
0.9284
0.9161
0.9329
0.7929
0.9133
0.9329
0.9128
0.9232
0.7892
0.8685
0.9171
0.8648
0.9009
0.7877
0.8661
0.9155
0.8625
0.9008
0.7877
0.8468
0.9044
0.8401
0.889
0.7877
0.8427
0.9031
0.8311
0.8886
0.7877
0.7987
0.8841
0.8006
0.8629
0.7877
0.7987
0.8839
0.8006
0.8629
0.7877
0.7987
0.8839
0.8006
0.8629
0.7877
ParkingServ
0.5966
0.9009
0.5961
0.8991
0.563
0.8891
0.928
0.8896
0.9271
0.5719
0.8901
0.9281
0.8903
0.9272
0.6182
0.9137
0.926
0.9141
0.9305
0.6182
0.9141
0.9248
0.9144
0.9305
0.6182
0.9215
0.9167
0.9213
0.9215
0.6182
0.9221
0.9165
0.9214
0.9214
0.6182
0.9274
0.9036
0.9274
0.9066
0.8834
0.926
0.8932
0.9247
0.895
0.8897
0.9047
0.8978
0.9041
0.9003
0.9222
0.9046
0.8887
0.9043
0.8909
0.9222
0.9066
0.8965
0.9059
0.9
0.9013
0.9066
0.8965
0.9059
0.9
0.9013
0.9109
0.8971
0.9101
0.9008
0.8899
0.9302
0.9112
0.9301
0.9184
0.8887
0.9218
0.9123
0.9218
0.9196
0.8881
0.9209
0.9281
0.9206
0.9245
0.8879
0.9048
0.9226
0.9032
0.9168
0.8879
0.904
0.922
0.9024
0.9167
0.8879
0.897
0.9181
0.8943
0.9126
0.8879
0.8955
0.9176
0.8912
0.9124
0.8879
0.8885
0.9105
0.8887
0.903
0.8879
0.8885
0.9105
0.8887
0.903
0.8879
0.8885
0.9105
0.8887
0.903
0.8879
MainSt
0.6336
0.9065
0.6331
0.9055
0.5988
0.9049
0.9215
0.9046
0.921
0.608
0.9015
0.9216
0.9014
0.921
0.656
0.9134
0.9179
0.9136
0.9229
0.656
0.9136
0.9167
0.9138
0.9229
0.656
0.9178
0.9078
0.9177
0.913
0.656
0.9181
0.9076
0.9177
0.9129
0.656
0.9211
0.8935
0.9209
0.8968
0.915
0.918
0.8821
0.9166
0.8841
0.8997
0.8947
0.8872
0.8941
0.8899
0.918
0.8946
0.8773
0.8942
0.8797
0.9181
0.8967
0.8858
0.8961
0.8897
0.9062
0.8967
0.8858
0.8961
0.8897
0.9062
0.9015
0.8864
0.9006
0.8905
0.9004
0.9227
0.9018
0.9226
0.9097
0.9058
0.9179
0.903
0.9178
0.911
0.9079
0.9174
0.9215
0.9172
0.9195
0.9087
0.9086
0.9186
0.9075
0.9154
0.9091
0.9081
0.9183
0.9071
0.9154
0.9091
0.9042
0.9161
0.9026
0.9131
0.9091
0.9034
0.9159
0.9009
0.913
0.9091
0.9068
0.9118
0.9064
0.9077
0.9091
0.9068
0.9118
0.9064
0.9077
0.9091
0.9068
0.9118
0.9064
0.9077
0.9091
PublicSafety
0.6177
0.9632
0.6172
0.9622
0.5805
0.9551
0.9771
0.9557
0.9766
0.5903
0.957
0.9772
0.9573
0.9767
0.6417
0.9697
0.973
0.9699
0.9783
0.6417
0.9699
0.9717
0.9701
0.9784
0.6417
0.9737
0.9621
0.9736
0.9677
0.6417
0.974
0.9619
0.9737
0.9676
0.6417
0.9768
0.9468
0.9767
0.9504
0.9464
0.9732
0.9345
0.9717
0.9367
0.9571
0.9481
0.94
0.9475
0.9429
0.974
0.948
0.9293
0.9476
0.9319
0.974
0.9502
0.9384
0.9495
0.9426
0.9632
0.9502
0.9384
0.9495
0.9426
0.9632
0.9553
0.9391
0.9544
0.9435
0.9571
0.9783
0.9557
0.9782
0.9642
0.9545
0.9739
0.9569
0.9738
0.9655
0.9532
0.9734
0.9771
0.9732
0.9753
0.9529
0.9652
0.9743
0.9643
0.9714
0.9527
0.9648
0.9741
0.9638
0.9714
0.9527
0.9612
0.972
0.9597
0.9693
0.9527
0.9604
0.9718
0.9581
0.9692
0.9527
0.954
0.9681
0.9542
0.9643
0.9527
0.954
0.968
0.9542
0.9643
0.9527
0.954
0.968
0.9542
0.9643
0.9527
CollegeHeights
0.7082
0.9189
0.7078
0.9196
0.6708
0.9379
0.9095
0.9361
0.9098
0.6807
0.9257
0.9094
0.9249
0.9098
0.7324
0.9138
0.9027
0.9138
0.9086
0.7324
0.9137
0.9013
0.9137
0.9086
0.7324
0.9114
0.8909
0.9114
0.897
0.7324
0.9112
0.8907
0.9114
0.8969
0.7324
0.9093
0.8742
0.9091
0.8781
0.9799
0.9028
0.8609
0.9012
0.8633
0.9211
0.8756
0.8669
0.8749
0.87
0.9109
0.8754
0.8553
0.875
0.858
0.9109
0.8779
0.8652
0.8772
0.8697
0.9174
0.8779
0.8652
0.8772
0.8697
0.9174
0.8834
0.866
0.8824
0.8706
0.923
0.9087
0.884
0.9087
0.8932
0.9414
0.9112
0.8853
0.911
0.8946
0.9489
0.9115
0.9094
0.9115
0.9105
0.9517
0.9173
0.9117
0.9174
0.9137
0.9529
0.9177
0.9119
0.9178
0.9137
0.9529
0.92
0.9133
0.9205
0.9153
0.9529
0.9205
0.9135
0.9218
0.9154
0.9529
0.9446
0.9156
0.9433
0.9184
0.9529
0.9446
0.9156
0.9433
0.9184
0.9529
0.9446
0.9156
0.9433
0.9184
0.9529
SportsPlex
0.6511
1.0
0.6505
1.0
0.6109
1.0
1.0
1.0
1.0
0.6215
1.0
1.0
1.0
1.0
0.6768
1.0
0.994
1.0
1.0
0.6768
1.0
0.9925
1.0
1.0
0.6768
1.0
0.9817
1.0
0.988
0.6768
1.0
0.9815
1.0
0.9879
0.6768
1.0
0.9645
1.0
0.9685
1.0
0.9942
0.9506
0.9927
0.953
1.0
0.966
0.9568
0.9654
0.9601
1.0
0.9658
0.9447
0.9655
0.9476
1.0
0.9682
0.9551
0.9675
0.9597
1.0
0.9682
0.9551
0.9675
0.9597
1.0
0.9739
0.9558
0.9729
0.9607
1.0
1.0
0.9745
1.0
0.9841
1.0
1.0
0.9759
1.0
0.9855
1.0
1.0
1.0
1.0
1.0
1.0
1.0
1.0
1.0
1.0
1.0
1.0
1.0
1.0
1.0
1.0
1.0
1.0
1.0
1.0
1.0
1.0
1.0
1.0
1.0
1.0
1.0
1.0
1.0
1.0
1.0
1.0
1.0
1.0
1.0
1.0
1.0
1.0
1.0
1.0
1.0
CityView
0.6294
0.9279
0.6289
0.9269
0.5934
0.9244
0.9425
0.9242
0.942
0.6029
0.9231
0.9426
0.923
0.942
0.6525
0.935
0.9387
0.9352
0.9439
0.6525
0.9352
0.9375
0.9354
0.9439
0.6525
0.9391
0.9283
0.939
0.9337
0.6525
0.9394
0.9281
0.9391
0.9336
0.6525
0.9423
0.9136
0.9425
0.9171
0.9297
0.9389
0.9017
0.9377
0.9038
0.9227
0.9149
0.907
0.9144
0.9098
0.9396
0.9147
0.8968
0.9144
0.8992
0.9396
0.9167
0.9056
0.9162
0.9095
0.9287
0.9167
0.9056
0.9162
0.9095
0.9287
0.9215
0.9062
0.9207
0.9103
0.9228
0.9436
0.9222
0.9436
0.9303
0.9248
0.9393
0.9234
0.9394
0.9316
0.9257
0.9388
0.9427
0.9387
0.9408
0.926
0.93
0.9395
0.9294
0.9363
0.9261
0.9296
0.9392
0.929
0.9363
0.9261
0.9258
0.937
0.9246
0.9339
0.9261
0.925
0.9368
0.9228
0.9339
0.9261
0.9252
0.9332
0.925
0.929
0.9261
0.9252
0.9332
0.925
0.929
0.9261
0.9252
0.9332
0.925
0.929
0.9261
GreekRow
0.5823
0.8108
0.582
0.8079
0.5534
0.7984
0.8527
0.798
0.8513
0.5611
0.7963
0.8529
0.7961
0.8514
0.6009
0.8311
0.8531
0.8317
0.8567
0.6009
0.8317
0.8523
0.8322
0.8567
0.6009
0.8429
0.8458
0.8428
0.8496
0.6009
0.8439
0.8457
0.8429
0.8495
0.6009
0.8522
0.8356
0.8526
0.838
0.8066
0.8532
0.8273
0.8524
0.8287
0.7959
0.8364
0.831
0.8361
0.8329
0.8445
0.8362
0.8238
0.8361
0.8255
0.8443
0.8377
0.83
0.8373
0.8327
0.813
0.8377
0.83
0.8373
0.8327
0.813
0.841
0.8305
0.8405
0.8333
0.7959
0.8558
0.8417
0.8558
0.8472
0.7989
0.8436
0.8425
0.8438
0.8481
0.8002
0.8421
0.8532
0.8419
0.8477
0.8006
0.8169
0.8441
0.8152
0.8348
0.8008
0.8155
0.8432
0.8139
0.8348
0.8008
0.8048
0.8369
0.8014
0.8281
0.8008
0.8025
0.8362
0.7962
0.8279
0.8008
0.7994
0.826
0.7993
0.8138
0.8008
0.7994
0.8259
0.7993
0.8138
0.8008
0.7994
0.8259
0.7993
0.8138
0.8008
Rutherford
0.4759
0.8659
0.4755
0.8611
0.4471
0.8213
0.9349
0.8238
0.9325
0.4548
0.8358
0.9352
0.837
0.9327
0.4944
0.8995
0.9384
0.9003
0.9414
0.4944
0.9004
0.9377
0.9011
0.9415
0.4944
0.9188
0.9321
0.9185
0.9354
0.4944
0.9204
0.932
0.9188
0.9353
0.4944
0.9341
0.9234
0.9347
0.9254
0.7694
0.9385
0.9162
0.9378
0.9174
0.8412
0.9241
0.9194
0.9238
0.921
0.9213
0.9239
0.9132
0.9238
0.9146
0.9211
0.9251
0.9186
0.9248
0.9209
0.8695
0.9251
0.9186
0.9248
0.9209
0.8695
0.928
0.9189
0.9275
0.9213
0.8388
0.9401
0.9285
0.9401
0.9333
0.8169
0.92
0.9292
0.9202
0.9341
0.808
0.9174
0.9355
0.9171
0.9265
0.8046
0.876
0.9206
0.8731
0.9055
0.8032
0.8738
0.9191
0.871
0.9054
0.8032
0.8561
0.9088
0.8504
0.8944
0.8032
0.8523
0.9077
0.842
0.894
0.8032
0.813
0.8907
0.8148
0.8708
0.8032
0.813
0.8905
0.8148
0.8708
0.8032
0.813
0.8905
0.8148
0.8708
0.8032
Softball
0.589
0.7246
0.5887
0.7213
0.5642
0.7173
0.7739
0.7159
0.7722
0.5708
0.7095
0.7741
0.7088
0.7723
0.6049
0.7485
0.7757
0.7492
0.7785
0.6049
0.7492
0.7751
0.7498
0.7786
0.6049
0.7623
0.7699
0.7622
0.7729
0.6049
0.7635
0.7698
0.7624
0.7729
0.6049
0.7733
0.7618
0.7737
0.7637
0.7467
0.7758
0.7552
0.7751
0.7563
0.7071
0.7625
0.7582
0.7622
0.7597
0.7642
0.7623
0.7525
0.7622
0.7538
0.7639
0.7634
0.7574
0.7631
0.7595
0.7272
0.7634
0.7574
0.7631
0.7595
0.7272
0.766
0.7578
0.7656
0.76
0.7079
0.7775
0.7667
0.7775
0.7711
0.7196
0.7632
0.7673
0.7633
0.7718
0.7244
0.7613
0.7744
0.7611
0.7679
0.7262
0.7318
0.7638
0.7298
0.7529
0.7269
0.7302
0.7627
0.7283
0.7528
0.7269
0.7176
0.7554
0.7136
0.745
0.7269
0.7149
0.7545
0.7076
0.7447
0.7269
0.7216
0.7425
0.7208
0.7282
0.7269
0.7216
0.7424
0.7208
0.7282
0.7269
0.7216
0.7424
0.7208
0.7282
0.7269
Ezell
0.8285
0.7407
0.8281
0.7425
0.7965
0.8003
0.7136
0.7939
0.7146
0.805
0.763
0.7135
0.76
0.7145
0.8491
0.7272
0.7058
0.727
0.7111
0.8491
0.7268
0.7045
0.7266
0.7111
0.8491
0.7197
0.695
0.7198
0.7006
0.8491
0.7191
0.6948
0.7197
0.7004
0.8491
0.7138
0.6798
0.7136
0.6834
0.9358
0.7058
0.6676
0.7045
0.6697
0.7503
0.681
0.673
0.6804
0.6759
0.7188
0.6807
0.6625
0.6805
0.6649
0.7188
0.6829
0.6716
0.6823
0.6756
0.7389
0.6829
0.6716
0.6823
0.6756
0.7389
0.6879
0.6723
0.687
0.6765
0.7554
0.7113
0.6888
0.7113
0.6971
0.8113
0.7192
0.69
0.7192
0.6984
0.8342
0.7202
0.7137
0.7203
0.717
0.8428
0.7363
0.7195
0.7375
0.7252
0.8464
0.7372
0.7201
0.7384
0.7252
0.8464
0.7441
0.7241
0.7464
0.7295
0.8464
0.7457
0.7246
0.7497
0.7297
0.8464
0.8211
0.7314
0.8169
0.7388
0.8464
0.8211
0.7314
0.8169
0.7388
0.8464
0.8211
0.7314
0.8169
0.7388
0.8464
MtsuBlvdG
0.7365
0.6658
0.7361
0.6651
0.7106
0.7023
0.6756
0.6971
0.6753
0.7174
0.6725
0.6756
0.6701
0.6753
0.753
0.6704
0.6729
0.6706
0.6766
0.753
0.6706
0.672
0.6708
0.6766
0.753
0.6732
0.6653
0.6732
0.6692
0.753
0.6735
0.6652
0.6733
0.6691
0.753
0.6755
0.6547
0.6756
0.6572
0.8115
0.6729
0.6461
0.672
0.6476
0.6625
0.6555
0.6499
0.6552
0.6519
0.6737
0.6553
0.6425
0.6552
0.6442
0.6736
0.6568
0.649
0.6564
0.6517
0.6663
0.6568
0.649
0.6564
0.6517
0.6663
0.6603
0.6494
0.6597
0.6523
0.6666
0.6762
0.661
0.6762
0.6668
0.7112
0.6734
0.6619
0.6735
0.6677
0.7295
0.673
0.6759
0.673
0.6745
0.7364
0.6671
0.6737
0.6667
0.6714
0.7393
0.6667
0.6735
0.6664
0.6714
0.7393
0.6643
0.672
0.6635
0.6698
0.7393
0.6637
0.6719
0.6623
0.6698
0.7393
0.719
0.6696
0.7157
0.6665
0.7393
0.719
0.6696
0.7157
0.6665
0.7393
0.719
0.6696
0.7157
0.6665
0.7393
Rec
0.8
0.7212
0.7997
0.7222
0.7697
0.7735
0.7052
0.7675
0.7057
0.7777
0.7388
0.7051
0.736
0.7057
0.8195
0.7132
0.6988
0.7131
0.7037
0.8195
0.7129
0.6977
0.7129
0.7037
0.8195
0.7087
0.689
0.7089
0.6941
0.8195
0.7084
0.6888
0.7088
0.694
0.8195
0.7053
0.6751
0.7052
0.6784
0.9002
0.6989
0.6639
0.6977
0.6659
0.727
0.6762
0.6689
0.6758
0.6715
0.7083
0.676
0.6593
0.6758
0.6615
0.7082
0.678
0.6676
0.6774
0.6713
0.7202
0.678
0.6676
0.6774
0.6713
0.7202
0.6825
0.6682
0.6817
0.672
0.7318
0.7037
0.6833
0.7038
0.6909
0.7838
0.7085
0.6844
0.7085
0.6921
0.8052
0.709
0.7053
0.7092
0.7072
0.8132
0.7185
0.7087
0.7193
0.712
0.8166
0.7191
0.709
0.7198
0.712
0.8166
0.7232
0.7114
0.7245
0.7145
0.8166
0.7241
0.7117
0.7265
0.7146
0.8166
0.793
0.7158
0.789
0.7201
0.8166
0.793
0.7158
0.789
0.7201
0.8166
0.793
0.7158
0.789
0.7201
0.8166
Abernathy
0.7862
0.8466
0.7858
0.8484
0.7502
0.8903
0.8211
0.886
0.822
0.7597
0.8643
0.8209
0.8623
0.8219
0.8094
0.8337
0.8127
0.8336
0.8187
0.8094
0.8334
0.8113
0.8333
0.8187
0.8094
0.8267
0.8008
0.8269
0.807
0.8094
0.8262
0.8005
0.8268
0.8068
0.8094
0.8211
0.7839
0.8209
0.7878
0.9839
0.8128
0.7703
0.8113
0.7727
0.8553
0.7852
0.7764
0.7846
0.7796
0.8258
0.785
0.7647
0.7847
0.7674
0.8259
0.7875
0.7748
0.7868
0.7793
0.8446
0.7875
0.7748
0.7868
0.7793
0.8446
0.793
0.7756
0.792
0.7802
0.8589
0.8189
0.7939
0.8189
0.8031
0.8979
0.8263
0.7952
0.8262
0.8045
0.9139
0.8272
0.821
0.8273
0.8242
0.9199
0.8425
0.8267
0.8435
0.8321
0.9225
0.8434
0.8272
0.8444
0.8321
0.9225
0.8499
0.831
0.8519
0.8362
0.9225
0.8513
0.8315
0.8551
0.8363
0.9225
0.9048
0.8378
0.9019
0.8449
0.9225
0.9048
0.8378
0.9019
0.8449
0.9225
0.9048
0.8378
0.9019
0.8449
0.9225
MTSU
0.4262
0.6499
0.426
0.6426
0.4095
0.5994
0.7578
0.6008
0.7541
0.4139
0.6078
0.7584
0.6085
0.7544
0.4369
0.7024
0.7676
0.7037
0.768
0.4369
0.7039
0.7675
0.705
0.7681
0.4369
0.7326
0.7664
0.7322
0.767
0.4369
0.7352
0.7664
0.7327
0.767
0.4369
0.7566
0.7648
0.7574
0.7652
0.5697
0.7675
0.7634
0.7675
0.7636
0.6113
0.7648
0.764
0.7648
0.7643
0.7365
0.7647
0.7628
0.7647
0.763
0.7362
0.7649
0.7639
0.7649
0.7643
0.6555
0.7649
0.7639
0.7649
0.7643
0.6555
0.7653
0.7639
0.7653
0.7643
0.6096
0.766
0.7658
0.7659
0.7666
0.5967
0.7344
0.7659
0.7348
0.7667
0.5916
0.7305
0.7589
0.73
0.7448
0.5895
0.6658
0.7356
0.6612
0.7119
0.5887
0.6623
0.7332
0.6579
0.7118
0.5887
0.6347
0.7172
0.6258
0.6946
0.5887
0.6287
0.7154
0.6126
0.694
0.5887
0.5944
0.6888
0.5955
0.6577
0.5887
0.5944
0.6886
0.5955
0.6577
0.5887
0.5944
0.6886
0.5955
0.6577
0.5887
Highland
0.1965
0.825
0.1962
0.814
0.1774
0.7031
0.9849
0.7115
0.9793
0.1825
0.7504
0.9856
0.7544
0.9798
0.2088
0.9027
1.0
0.9046
0.9998
0.2088
0.9049
1.0
0.9065
1.0
0.2088
0.9475
1.0
0.9469
1.0
0.2088
0.9513
1.0
0.9476
1.0
0.2088
0.983
1.0
0.984
1.0
0.5306
1.0
1.0
1.0
1.0
0.7667
1.0
1.0
1.0
1.0
0.953
1.0
1.0
1.0
1.0
0.9527
1.0
1.0
1.0
1.0
0.8329
1.0
1.0
1.0
1.0
0.8329
1.0
1.0
1.0
1.0
0.7596
0.9973
1.0
0.9971
1.0
0.6888
0.9501
1.0
0.9505
1.0
0.6596
0.9443
0.986
0.9434
0.9652
0.6487
0.8487
0.9518
0.8416
0.917
0.6441
0.8435
0.9483
0.8366
0.9168
0.6441
0.8026
0.9246
0.7891
0.8915
0.6441
0.7937
0.9219
0.7697
0.8906
0.6441
0.6763
0.8821
0.6818
0.8366
0.6441
0.6763
0.8817
0.6818
0.8366
0.6441
0.6763
0.8817
0.6818
0.8366
0.6441
MEC
0.1762
0.7939
0.176
0.7823
0.1592
0.6675
0.9634
0.6761
0.9575
0.1637
0.7155
0.9643
0.7197
0.958
0.1872
0.8763
0.98
0.8784
0.9793
0.1872
0.8786
0.9801
0.8804
0.9795
0.1872
0.9238
0.981
0.9232
0.9805
0.1872
0.9279
0.981
0.9239
0.9805
0.1872
0.9614
0.9824
0.9625
0.982
0.492
0.98
0.9835
0.9801
0.9833
0.7321
0.9822
0.983
0.9823
0.9827
0.9297
0.9823
0.984
0.9823
0.9837
0.9293
0.9821
0.9831
0.9821
0.9828
0.8022
0.9821
0.9831
0.9821
0.9828
0.8022
0.9816
0.9831
0.9817
0.9827
0.7249
0.9766
0.9816
0.9764
0.9808
0.6529
0.9266
0.9814
0.927
0.9807
0.6233
0.9204
0.9646
0.9195
0.9426
0.6121
0.819
0.9284
0.8115
0.8915
0.6075
0.8136
0.9246
0.8062
0.8913
0.6075
0.7702
0.8996
0.7558
0.8645
0.6075
0.7608
0.8967
0.7353
0.8635
0.6075
0.6402
0.8545
0.6459
0.8062
0.6075
0.6402
0.8541
0.6459
0.8062
0.6075
0.6402
0.8541
0.6459
0.8062
0.6075
Jackson
0.1577
0.795
0.1574
0.783
0.1411
0.6633
0.9702
0.6722
0.9641
0.1455
0.7137
0.971
0.7181
0.9646
0.1683
0.8801
0.9874
0.8823
0.9866
0.1683
0.8826
0.9876
0.8843
0.9868
0.1683
0.9292
0.9888
0.9286
0.9881
0.1683
0.9334
0.9888
0.9293
0.9881
0.1683
0.9681
0.9906
0.9692
0.9902
0.4791
0.9874
0.9922
0.9876
0.9919
0.7311
0.9905
0.9915
0.9905
0.9911
0.9353
0.9905
0.9928
0.9905
0.9925
0.9349
0.9902
0.9917
0.9903
0.9912
0.8036
0.9902
0.9917
0.9903
0.9912
0.8036
0.9896
0.9916
0.9897
0.9911
0.7236
0.9838
0.9896
0.9836
0.9885
0.6479
0.9321
0.9894
0.9325
0.9884
0.6168
0.9257
0.9714
0.9247
0.9487
0.6051
0.8209
0.934
0.8132
0.8958
0.6003
0.8153
0.9301
0.8077
0.8956
0.6003
0.7705
0.9042
0.7556
0.8679
0.6003
0.7608
0.9012
0.7344
0.8669
0.6003
0.6346
0.8576
0.6405
0.8077
0.6003
0.6346
0.8572
0.6405
0.8077
0.6003
0.6346
0.8572
0.6405
0.8077
0.6003
Livestock
0.2358
0.0829
0.2361
0.0673
0.2525
0.0
0.3109
0.0
0.303
0.2481
0.0
0.312
0.0
0.3037
0.2251
0.1938
0.3392
0.1965
0.3324
0.2251
0.1969
0.3408
0.1992
0.3326
0.2251
0.2576
0.3526
0.2568
0.3457
0.2251
0.2631
0.3528
0.2578
0.3459
0.2251
0.3083
0.3714
0.3098
0.367
0.0
0.3389
0.3866
0.3406
0.3839
0.0
0.3697
0.3798
0.3704
0.3762
0.2656
0.3699
0.3929
0.3703
0.3898
0.265
0.3673
0.3816
0.368
0.3766
0.0942
0.3673
0.3816
0.368
0.3766
0.0942
0.361
0.3808
0.3621
0.3756
0.0
0.3286
0.3603
0.3284
0.35
0.0
0.2614
0.3588
0.262
0.3484
0.0
0.2532
0.3125
0.2519
0.2831
0.0
0.1167
0.2636
0.1067
0.2141
0.0
0.1094
0.2586
0.0996
0.2139
0.0
0.051
0.2248
0.0318
0.1778
0.0
0.0383
0.2209
0.0041
0.1764
0.0
0.0
0.1642
0.0
0.0994
0.0
0.0
0.1637
0.0
0.0994
0.0
0.0
0.1637
0.0
0.0994
0.0
Greenhouse
1.0
0.0
1.0
0.0
1.0
0.1361
0.0
0.1183
0.0
1.0
0.0353
0.0
0.0267
0.0
1.0
0.0
0.0
0.0
0.0
1.0
0.0
0.0
0.0
0.0
1.0
0.0
0.0
0.0
0.0
1.0
0.0
0.0
0.0
0.0
1.0
0.0
0.0
0.0
0.0
0.5045
0.0
0.0
0.0
0.0
0.0001
0.0
0.0
0.0
0.0
0.0
0.0
0.0
0.0
0.0
0.0
0.0
0.0
0.0
0.0
0.0
0.0
0.0
0.0
0.0
0.0
0.0
0.0
0.0
0.0
0.0153
0.0
0.0
0.0
0.0
0.1668
0.0
0.0
0.0
0.0
0.2289
0.0
0.0
0.0
0.0
0.2524
0.0
0.0
0.0
0.0
0.2622
0.0
0.0
0.0
0.0
0.2622
0.0
0.0
0.0
0.0
0.2622
0.0
0.0
0.0
0.0
0.2622
0.1935
0.0
0.1817
0.0
0.2622
0.1935
0.0
0.1817
0.0
0.2622
0.1935
0.0
0.1817
0.0
0.2622
ChampionWayG
0.5106
0.0705
0.5106
0.0607
0.5205
0.0659
0.2142
0.0597
0.2092
0.5179
0.0305
0.2149
0.0274
0.2097
0.5044
0.1403
0.2319
0.142
0.2276
0.5044
0.1424
0.2328
0.1437
0.2278
0.5044
0.1807
0.2401
0.1801
0.2359
0.5044
0.1841
0.2403
0.1807
0.236
0.5044
0.2124
0.2517
0.2132
0.2491
0.1934
0.2317
0.2612
0.2327
0.2596
0.0173
0.2507
0.2569
0.251
0.2548
0.1853
0.251
0.2649
0.2511
0.2632
0.1852
0.2495
0.2578
0.2498
0.255
0.0772
0.2495
0.2578
0.2498
0.255
0.0772
0.2458
0.2574
0.2463
0.2543
0.0235
0.2257
0.2446
0.2255
0.2385
0.077
0.183
0.2437
0.1832
0.2375
0.0987
0.1779
0.2147
0.177
0.1965
0.1071
0.0921
0.184
0.0854
0.1534
0.1105
0.0875
0.181
0.081
0.1532
0.1105
0.0506
0.1596
0.0383
0.1305
0.1105
0.0426
0.1571
0.0209
0.1297
0.1105
0.0863
0.1209
0.082
0.0808
0.1105
0.0863
0.1206
0.082
0.0808
0.1105
0.0863
0.1206
0.082
0.0808
0.1105
Greenland
0.0886
0.3834
0.0886
0.3669
0.0944
0.2478
0.6244
0.2542
0.6161
0.0929
0.2833
0.6256
0.2865
0.6168
0.0849
0.5005
0.6524
0.5035
0.647
0.0849
0.5039
0.6537
0.5063
0.6472
0.0849
0.5681
0.663
0.5672
0.6576
0.0849
0.5739
0.6632
0.5683
0.6577
0.0849
0.6215
0.6778
0.6231
0.6744
0.117
0.6522
0.6898
0.6536
0.6877
0.2953
0.6765
0.6844
0.6771
0.6817
0.5764
0.6767
0.6948
0.677
0.6924
0.5759
0.6747
0.6858
0.6753
0.6819
0.3952
0.6747
0.6858
0.6753
0.6819
0.3952
0.6698
0.6852
0.6707
0.6811
0.2903
0.6432
0.669
0.643
0.661
0.2369
0.572
0.6678
0.5726
0.6597
0.2149
0.5633
0.6259
0.562
0.5949
0.2068
0.4192
0.5744
0.4085
0.5222
0.2033
0.4115
0.5691
0.401
0.522
0.2033
0.3498
0.5334
0.3294
0.4839
0.2033
0.3364
0.5293
0.3001
0.4825
0.2033
0.2276
0.4692
0.2317
0.4009
0.2033
0.2276
0.4686
0.2317
0.4009
0.2033
0.2276
0.4686
0.2317
0.4009
0.2033
MiddleTN
0.0235
0.522
0.0235
0.5051
0.0242
0.3627
0.7683
0.372
0.7598
0.024
0.4144
0.7695
0.419
0.7605
0.0231
0.6417
0.7961
0.6447
0.7914
0.0231
0.6451
0.7972
0.6477
0.7916
0.0231
0.7107
0.8054
0.7099
0.8006
0.0231
0.7167
0.8055
0.7109
0.8007
0.0231
0.7654
0.8182
0.767
0.8152
0.1735
0.796
0.8286
0.7971
0.8268
0.4322
0.8171
0.824
0.8176
0.8215
0.7193
0.8173
0.833
0.8175
0.8309
0.7187
0.8154
0.8253
0.816
0.8218
0.5341
0.8154
0.8253
0.816
0.8218
0.5341
0.8112
0.8247
0.812
0.8211
0.4245
0.7875
0.8107
0.7872
0.8036
0.3469
0.7148
0.8097
0.7154
0.8025
0.315
0.7058
0.77
0.7045
0.7381
0.3031
0.5585
0.7173
0.5476
0.6638
0.2981
0.5506
0.7119
0.54
0.6636
0.2981
0.4876
0.6755
0.4668
0.6246
0.2981
0.474
0.6713
0.4369
0.6232
0.2981
0.3333
0.6099
0.3394
0.5399
0.2981
0.3333
0.6094
0.3394
0.5399
0.2981
0.3333
0.6094
0.3394
0.5399
0.2981
