Rose
0.0
0.6023
0.0
0.5914
0.0
0.4474
0.7772
0.4614
0.7705
0.0
0.5221
0.7781
0.5282
0.7711
0.0
0.6835
0.8028
0.6856
0.7952
0.0
0.6859
0.8046
0.6877
0.7954
0.0
0.7334
0.8183
0.7328
0.8102
0.0
0.7379
0.8186
0.7336
0.8104
0.0
0.7749
0.8333
0.7762
0.8307
0.0974
0.8025
0.8423
0.8044
0.8407
0.5462
0.8323
0.8382
0.8327
0.8361
0.7399
0.8324
0.8462
0.8326
0.8443
0.7395
0.8308
0.8394
0.8313
0.8364
0.6104
0.8308
0.8394
0.8313
0.8364
0.6104
0.8272
0.8389
0.8278
0.8358
0.5357
0.792
0.827
0.7918
0.8153
0.4223
0.7365
0.8259
0.737
0.8134
0.3684
0.7298
0.7786
0.7288
0.7541
0.3466
0.6263
0.7386
0.6192
0.6991
0.3373
0.621
0.7345
0.6141
0.699
0.3373
0.5801
0.7078
0.5671
0.6714
0.3373
0.5715
0.7048
0.5485
0.6704
0.3373
0.3997
0.6617
0.4101
0.6142
0.3373
0.3997
0.6613
0.4101
0.6142
0.3373
0.3997
0.6613
0.4101
0.6142
0.3373
FairView
0.1357
0.6344
0.1356
0.6253
0.1341
0.5047
0.7809
0.5165
0.7753
0.1361
0.5673
0.7817
0.5724
0.7758
0.1354
0.7024
0.8023
0.7042
0.7959
0.1354
0.7044
0.8038
0.706
0.7961
0.1354
0.7443
0.8153
0.7438
0.8085
0.1354
0.748
0.8156
0.7444
0.8087
0.1354
0.779
0.8267
0.78
0.8249
0.2075
0.8021
0.8327
0.8037
0.8317
0.5872
0.8261
0.83
0.8264
0.8286
0.7497
0.8262
0.8354
0.8263
0.8341
0.7493
0.8251
0.8308
0.8254
0.8288
0.6412
0.8251
0.8308
0.8254
0.8288
0.6412
0.8227
0.8305
0.8231
0.8284
0.5786
0.7934
0.8225
0.7933
0.8128
0.4836
0.7468
0.8217
0.7472
0.8112
0.4385
0.7412
0.782
0.7404
0.7615
0.4203
0.6546
0.7486
0.6485
0.7156
0.4125
0.6502
0.7452
0.6443
0.7155
0.4125
0.6159
0.7229
0.605
0.6924
0.4125
0.6087
0.7203
0.5894
0.6916
0.4125
0.4648
0.6841
0.4734
0.6444
0.4125
0.4648
0.6838
0.4734
0.6444
0.4125
0.4648
0.6838
0.4734
0.6444
0.4125
Bell
0.5822
0.8021
0.582
0.7988
0.5703
0.7561
0.8535
0.7606
0.8515
0.58
0.7782
0.8537
0.7801
0.8517
0.5841
0.8257
0.8609
0.8264
0.8586
0.5841
0.8264
0.8614
0.827
0.8587
0.5841
0.8405
0.8655
0.8403
0.8631
0.5841
0.8418
0.8656
0.8405
0.8631
0.5841
0.8526
0.8642
0.8528
0.8655
0.6309
0.8608
0.8596
0.8612
0.8604
0.7846
0.8647
0.8617
0.8644
0.8627
0.8422
0.8647
0.8576
0.8645
0.8586
0.8422
0.8655
0.861
0.8653
0.8626
0.8039
0.8655
0.861
0.8653
0.8626
0.8039
0.8675
0.8613
0.8671
0.863
0.7819
0.8579
0.8675
0.8578
0.8646
0.7487
0.8413
0.8677
0.8413
0.8641
0.7328
0.8393
0.8537
0.8389
0.8465
0.7265
0.8091
0.8422
0.8066
0.8307
0.7238
0.8076
0.8411
0.8051
0.8307
0.7238
0.7956
0.8333
0.7914
0.8227
0.7238
0.793
0.8324
0.7861
0.8224
0.7238
0.7422
0.8194
0.7452
0.8057
0.7238
0.7422
0.8193
0.7452
0.8057
0.7238
0.7422
0.8193
0.7452
0.8057
0.7238
IngramN
0.6965
0.8567
0.6963
0.855
0.681
0.8325
0.8835
0.8349
0.8825
0.6929
0.844
0.8836
0.8451
0.8826
0.6995
0.8689
0.8874
0.8693
0.8861
0.6995
0.8693
0.8876
0.8696
0.8862
0.6995
0.8767
0.8898
0.8765
0.8885
0.6995
0.8773
0.8898
0.8766
0.8885
0.6995
0.8829
0.885
0.8829
0.8872
0.751
0.8873
0.8775
0.8874
0.8788
0.847
0.8858
0.8809
0.8854
0.8827
0.8774
0.8858
0.8743
0.8856
0.8759
0.8774
0.8872
0.8799
0.8867
0.8825
0.8572
0.8872
0.8799
0.8867
0.8825
0.8572
0.8903
0.8804
0.8897
0.883
0.8458
0.8859
0.8904
0.8858
0.8893
0.8286
0.877
0.8909
0.8769
0.889
0.8202
0.876
0.8835
0.8757
0.8798
0.817
0.8603
0.8777
0.8588
0.8718
0.8156
0.8596
0.8771
0.8581
0.8718
0.8156
0.8533
0.8731
0.8509
0.8677
0.8156
0.852
0.8727
0.8482
0.8675
0.8156
0.8252
0.8657
0.8268
0.8586
0.8156
0.8252
0.8657
0.8268
0.8586
0.8156
0.8252
0.8657
0.8268
0.8586
0.8156
IngramS
0.6876
0.886
0.6874
0.8842
0.6694
0.8609
0.9139
0.8634
0.9128
0.6819
0.8728
0.914
0.8739
0.9129
0.6922
0.8987
0.9179
0.8991
0.9166
0.6922
0.8991
0.9182
0.8994
0.9167
0.6922
0.9068
0.9204
0.9066
0.9191
0.6922
0.9075
0.9205
0.9068
0.9191
0.6922
0.9133
0.9155
0.9134
0.9177
0.7749
0.9178
0.9077
0.918
0.9091
0.876
0.9164
0.9113
0.916
0.9131
0.9076
0.9164
0.9044
0.9161
0.9061
0.9076
0.9177
0.9103
0.9173
0.9129
0.8867
0.9177
0.9103
0.9173
0.9129
0.8867
0.9209
0.9107
0.9203
0.9135
0.8747
0.9164
0.9211
0.9163
0.9199
0.8568
0.9072
0.9216
0.9071
0.9196
0.8481
0.9061
0.9139
0.9058
0.91
0.8447
0.8898
0.9078
0.8883
0.9016
0.8433
0.889
0.9072
0.8875
0.9016
0.8433
0.8824
0.903
0.88
0.8973
0.8433
0.8811
0.9025
0.8772
0.8972
0.8433
0.8533
0.8953
0.8549
0.888
0.8433
0.8533
0.8953
0.8549
0.888
0.8433
0.8533
0.8953
0.8549
0.888
0.8433
ParkingServ
0.8743
0.9254
0.8741
0.926
0.8544
0.9346
0.9144
0.934
0.9148
0.8695
0.9298
0.9143
0.9296
0.9148
0.8782
0.9199
0.9127
0.9199
0.9132
0.8782
0.9198
0.9126
0.9197
0.9132
0.8782
0.9169
0.9118
0.9169
0.9123
0.8782
0.9167
0.9118
0.9169
0.9123
0.8782
0.9143
0.902
0.914
0.9053
0.9218
0.9127
0.8901
0.9124
0.8922
0.9278
0.9032
0.8955
0.9026
0.8982
0.9163
0.9031
0.885
0.9027
0.8876
0.9164
0.9052
0.894
0.9045
0.898
0.924
0.9052
0.894
0.9045
0.898
0.924
0.91
0.8947
0.9091
0.8988
0.9287
0.9135
0.9104
0.9134
0.912
0.936
0.9166
0.9114
0.9165
0.9121
0.9393
0.9171
0.9142
0.917
0.9157
0.9408
0.9238
0.917
0.9238
0.9195
0.9414
0.9241
0.9173
0.9242
0.9195
0.9414
0.9267
0.919
0.9271
0.9214
0.9414
0.9272
0.9192
0.9284
0.9215
0.9414
0.9375
0.9216
0.9369
0.9248
0.9414
0.9375
0.9217
0.9369
0.9248
0.9414
0.9375
0.9217
0.9369
0.9248
0.9414
MainSt
0.9174
0.9303
0.9173
0.9315
0.8976
0.9473
0.9105
0.946
0.9112
0.9131
0.9388
0.9103
0.9383
0.9112
0.9209
0.9207
0.9075
0.9206
0.9083
0.9209
0.9205
0.9073
0.9203
0.9083
0.9209
0.9152
0.9058
0.9152
0.9067
0.9209
0.9147
0.9058
0.9151
0.9067
0.9209
0.9105
0.8949
0.9101
0.8985
0.9517
0.9074
0.8821
0.9071
0.8844
0.9356
0.8961
0.8879
0.8955
0.8908
0.9142
0.896
0.8767
0.8956
0.8794
0.9144
0.8983
0.8863
0.8976
0.8906
0.9285
0.8983
0.8863
0.8976
0.8906
0.9285
0.9035
0.887
0.9025
0.8915
0.9369
0.9088
0.904
0.9088
0.9061
0.95
0.9148
0.905
0.9146
0.9064
0.9561
0.9155
0.9102
0.9155
0.9129
0.9586
0.9275
0.9151
0.9279
0.9196
0.9597
0.9281
0.9156
0.9285
0.9196
0.9597
0.9327
0.9187
0.9338
0.9228
0.9597
0.9337
0.919
0.9361
0.9229
0.9597
0.9526
0.9236
0.9515
0.9291
0.9597
0.9526
0.9237
0.9515
0.9291
0.9597
0.9526
0.9237
0.9515
0.9291
0.9597
PublicSafety
0.881
0.9785
0.8807
0.9793
0.8566
0.9902
0.9649
0.9893
0.9654
0.8729
0.9843
0.9648
0.984
0.9653
0.8876
0.9719
0.9628
0.9718
0.9634
0.8876
0.9718
0.9627
0.9716
0.9634
0.8876
0.9682
0.9617
0.9682
0.9623
0.8876
0.9678
0.9616
0.9681
0.9622
0.8876
0.9649
0.951
0.9646
0.9547
0.9786
0.9628
0.9383
0.9625
0.9406
0.982
0.9524
0.944
0.9517
0.947
0.9674
0.9522
0.9328
0.9519
0.9355
0.9676
0.9545
0.9424
0.9538
0.9467
0.9772
0.9545
0.9424
0.9538
0.9467
0.9772
0.9597
0.9431
0.9587
0.9476
0.983
0.9638
0.9601
0.9638
0.9619
0.9921
0.9678
0.9611
0.9677
0.9621
0.9962
0.9684
0.9646
0.9683
0.9665
0.998
0.9766
0.968
0.9769
0.9712
0.9987
0.977
0.9684
0.9773
0.9712
0.9987
0.9802
0.9705
0.9809
0.9734
0.9987
0.9809
0.9707
0.9825
0.9735
0.9987
0.9939
0.9738
0.9931
0.9777
0.9987
0.9939
0.9738
0.9931
0.9777
0.9987
0.9939
0.9738
0.9931
0.9777
0.9987
CollegeHeights
0.9824
0.9408
0.9824
0.9428
0.9623
0.9696
0.9076
0.9673
0.9088
0.9786
0.9553
0.9074
0.9544
0.9087
0.9855
0.9249
0.9027
0.9246
0.9041
0.9855
0.9245
0.9023
0.9242
0.9041
0.9855
0.9156
0.8998
0.9157
0.9013
0.9855
0.9148
0.8997
0.9156
0.9013
0.9855
0.9077
0.8872
0.9074
0.8912
1.0
0.9026
0.873
0.9021
0.8755
0.9505
0.8885
0.8794
0.8879
0.8827
0.9142
0.8883
0.867
0.888
0.87
0.9144
0.8909
0.8777
0.8901
0.8824
0.9384
0.8909
0.8777
0.8901
0.8824
0.9384
0.8966
0.8785
0.8955
0.8834
0.9525
0.9047
0.8973
0.9047
0.9003
0.9742
0.915
0.8984
0.9148
0.9007
0.9844
0.9163
0.9073
0.9164
0.9119
0.9886
0.936
0.9152
0.9371
0.9226
0.9904
0.9371
0.916
0.9381
0.9226
0.9904
0.9448
0.9211
0.947
0.928
0.9904
0.9464
0.9217
0.9507
0.9281
0.9904
0.9785
0.9297
0.9767
0.9387
0.9904
0.9785
0.9298
0.9767
0.9387
0.9904
0.9785
0.9298
0.9767
0.9387
0.9904
SportsPlex
0.813
1.0
0.8127
1.0
0.7858
1.0
1.0
1.0
1.0
0.8021
1.0
1.0
1.0
1.0
0.8217
1.0
1.0
1.0
1.0
0.8217
1.0
1.0
1.0
1.0
0.8217
1.0
1.0
1.0
1.0
0.8217
1.0
1.0
1.0
1.0
0.8217
1.0
0.9908
1.0
0.9941
0.9617
1.0
0.9789
1.0
0.981
1.0
0.992
0.9842
0.9915
0.987
1.0
0.9918
0.9739
0.9916
0.9763
1.0
0.9938
0.9828
0.9933
0.9867
1.0
0.9938
0.9828
0.9933
0.9867
1.0
0.9985
0.9834
0.9977
0.9875
1.0
1.0
0.9991
1.0
1.0
1.0
1.0
1.0
1.0
1.0
1.0
1.0
1.0
1.0
1.0
1.0
1.0
1.0
1.0
1.0
1.0
1.0
1.0
1.0
1.0
1.0
1.0
1.0
1.0
1.0
1.0
1.0
1.0
1.0
1.0
1.0
1.0
1.0
1.0
1.0
1.0
1.0
1.0
1.0
1.0
1.0
1.0
1.0
1.0
1.0
1.0
CityView
0.7624
0.9465
0.7621
0.9457
0.7394
0.9361
0.9582
0.937
0.9577
0.754
0.9411
0.9582
0.9415
0.9578
0.769
0.9519
0.9599
0.952
0.9594
0.769
0.952
0.96
0.9522
0.9594
0.769
0.9552
0.9609
0.9552
0.9604
0.769
0.9555
0.961
0.9553
0.9604
0.769
0.958
0.9536
0.9581
0.9565
0.8797
0.9599
0.9434
0.96
0.9452
0.9429
0.9546
0.948
0.9542
0.9503
0.9557
0.9544
0.9391
0.9542
0.9412
0.9556
0.9561
0.9468
0.9556
0.9501
0.9471
0.9561
0.9468
0.9556
0.9501
0.9471
0.9601
0.9473
0.9594
0.9507
0.942
0.9591
0.9608
0.9591
0.9607
0.9344
0.9554
0.9615
0.9555
0.9606
0.9308
0.955
0.9584
0.9549
0.9567
0.9293
0.948
0.9556
0.9476
0.9529
0.9287
0.9477
0.9553
0.9473
0.9529
0.9287
0.9449
0.9536
0.9441
0.951
0.9287
0.9444
0.9534
0.9428
0.951
0.9287
0.9329
0.9506
0.9336
0.9473
0.9287
0.9329
0.9505
0.9336
0.9473
0.9287
0.9329
0.9505
0.9336
0.9473
0.9287
GreekRow
0.6746
0.8663
0.6744
0.8644
0.6576
0.8383
0.898
0.8408
0.8968
0.6697
0.8518
0.8982
0.8529
0.8969
0.6784
0.881
0.9027
0.8814
0.9013
0.6784
0.8814
0.903
0.8818
0.9014
0.6784
0.89
0.9055
0.89
0.904
0.6784
0.8909
0.9055
0.8901
0.9041
0.6784
0.8976
0.9012
0.8979
0.9033
0.75
0.9026
0.8938
0.903
0.895
0.8566
0.9019
0.8971
0.9016
0.8988
0.8914
0.9016
0.8907
0.9016
0.8921
0.8912
0.9029
0.8963
0.9026
0.8986
0.868
0.9029
0.8963
0.9026
0.8986
0.868
0.9057
0.8966
0.9053
0.8991
0.8544
0.9005
0.9065
0.9005
0.9049
0.8337
0.8906
0.9069
0.8908
0.9046
0.824
0.8894
0.8985
0.8893
0.8939
0.82
0.8706
0.8911
0.8694
0.8838
0.8183
0.8696
0.8903
0.8685
0.8837
0.8183
0.8622
0.8855
0.86
0.8787
0.8183
0.8607
0.8849
0.8566
0.8785
0.8183
0.8296
0.8773
0.8316
0.8685
0.8183
0.8296
0.8773
0.8316
0.8685
0.8183
0.8296
0.8773
0.8316
0.8685
0.8183
Rutherford
0.5698
0.9028
0.5696
0.8995
0.5488
0.8568
0.9547
0.8609
0.9527
0.5607
0.879
0.955
0.8807
0.9529
0.577
0.9269
0.9623
0.9275
0.9601
0.577
0.9276
0.9629
0.9281
0.9601
0.577
0.9417
0.9669
0.9415
0.9645
0.577
0.943
0.967
0.9418
0.9646
0.577
0.9541
0.9647
0.9545
0.9664
0.7252
0.9622
0.9587
0.9628
0.9597
0.8865
0.9652
0.9614
0.965
0.9628
0.9437
0.965
0.9562
0.965
0.9574
0.9435
0.966
0.9607
0.9658
0.9626
0.9054
0.966
0.9607
0.9658
0.9626
0.9054
0.9683
0.961
0.968
0.963
0.8831
0.959
0.9689
0.959
0.966
0.8494
0.9426
0.9692
0.9428
0.9654
0.8334
0.9406
0.9552
0.9404
0.9479
0.8269
0.9098
0.9432
0.9078
0.9314
0.8241
0.9082
0.942
0.9063
0.9313
0.8241
0.8961
0.934
0.8923
0.9231
0.8241
0.8935
0.9331
0.8868
0.9228
0.8241
0.8426
0.9205
0.8457
0.9062
0.8241
0.8426
0.9204
0.8457
0.9062
0.8241
0.8426
0.9204
0.8457
0.9062
0.8241
Softball
0.6598
0.8123
0.6597
0.8101
0.6474
0.7804
0.8484
0.7832
0.847
0.6581
0.7958
0.8486
0.797
0.8471
0.661
0.8291
0.8538
0.8295
0.8522
0.661
0.8295
0.8542
0.83
0.8522
0.661
0.8393
0.8569
0.8392
0.8553
0.661
0.8403
0.857
0.8394
0.8553
0.661
0.848
0.8536
0.8483
0.8554
0.6881
0.8536
0.8472
0.8541
0.8483
0.8012
0.8542
0.8501
0.854
0.8516
0.8409
0.854
0.8446
0.8539
0.8458
0.8406
0.855
0.8495
0.8548
0.8514
0.8142
0.855
0.8495
0.8548
0.8514
0.8142
0.8574
0.8498
0.8571
0.8518
0.7986
0.8512
0.8583
0.8513
0.8563
0.7751
0.84
0.8586
0.8402
0.8559
0.7641
0.8386
0.849
0.8385
0.8437
0.7595
0.8171
0.8406
0.8158
0.8322
0.7575
0.816
0.8397
0.8148
0.8321
0.7575
0.8076
0.8341
0.805
0.8264
0.7575
0.8058
0.8335
0.8011
0.8262
0.7575
0.7704
0.8249
0.7726
0.8147
0.7575
0.7704
0.8248
0.7726
0.8147
0.7575
0.7704
0.8248
0.7726
0.8147
0.7575
Ezell
0.9957
0.8134
0.9958
0.8154
0.9863
0.8417
0.7813
0.8392
0.7825
1.0
0.8279
0.7811
0.8269
0.7824
0.992
0.7983
0.7767
0.798
0.7781
0.992
0.7978
0.7764
0.7976
0.778
0.992
0.7891
0.7738
0.7893
0.7753
0.992
0.7884
0.7738
0.7892
0.7753
0.992
0.7817
0.7625
0.7815
0.766
0.8834
0.7765
0.7498
0.7762
0.752
0.8239
0.7636
0.7555
0.7631
0.7584
0.7881
0.7633
0.7445
0.7631
0.747
0.7881
0.7655
0.7541
0.7649
0.7582
0.8118
0.7655
0.7541
0.7649
0.7582
0.8118
0.7704
0.7548
0.7696
0.759
0.8252
0.7783
0.7716
0.7783
0.7744
0.846
0.7886
0.7726
0.7885
0.7747
0.856
0.7898
0.7814
0.79
0.7856
0.8599
0.8087
0.7888
0.8101
0.7956
0.8616
0.8097
0.7895
0.8111
0.7956
0.8616
0.8172
0.7944
0.8196
0.8007
0.8616
0.8188
0.795
0.823
0.8009
0.8616
0.8501
0.8031
0.8484
0.8114
0.8616
0.8501
0.8032
0.8484
0.8114
0.8616
0.8501
0.8032
0.8484
0.8114
0.8616
MtsuBlvdG
0.8051
0.7772
0.8051
0.7767
0.797
0.7705
0.7848
0.771
0.7845
0.8082
0.7737
0.7848
0.774
0.7845
0.8023
0.7807
0.786
0.7808
0.7856
0.8023
0.7807
0.7861
0.7809
0.7856
0.8023
0.7828
0.7866
0.7828
0.7863
0.8023
0.783
0.7866
0.7829
0.7863
0.8023
0.7847
0.7803
0.7849
0.7827
0.7376
0.7858
0.7717
0.786
0.7731
0.7753
0.7811
0.7755
0.7807
0.7775
0.7833
0.7808
0.7681
0.7807
0.7698
0.7831
0.7822
0.7746
0.7819
0.7773
0.7777
0.7822
0.7746
0.7819
0.7773
0.7777
0.7855
0.7751
0.785
0.7779
0.7743
0.7851
0.7865
0.7852
0.7865
0.7692
0.783
0.7871
0.7831
0.7864
0.767
0.7826
0.7852
0.7827
0.7839
0.7659
0.778
0.7833
0.7779
0.7813
0.7655
0.7778
0.7831
0.7777
0.7813
0.7655
0.776
0.7819
0.7756
0.78
0.7655
0.7757
0.7818
0.7747
0.78
0.7655
0.7682
0.7802
0.7688
0.7777
0.7655
0.7682
0.7802
0.7688
0.7777
0.7655
0.7682
0.7802
0.7688
0.7777
0.7655
Rec
0.9175
0.8062
0.9175
0.8071
0.908
0.8203
0.7902
0.819
0.7908
0.9208
0.8134
0.7901
0.8129
0.7907
0.9146
0.7986
0.7879
0.7985
0.7886
0.9146
0.7983
0.7877
0.7983
0.7885
0.9146
0.794
0.7864
0.7941
0.7872
0.9146
0.7936
0.7864
0.7941
0.7871
0.9146
0.7903
0.7771
0.7903
0.7802
0.8311
0.7878
0.7659
0.7876
0.7679
0.8116
0.7781
0.7709
0.7777
0.7735
0.7936
0.7778
0.7613
0.7776
0.7635
0.7935
0.7797
0.7697
0.7792
0.7733
0.8054
0.7797
0.7697
0.7792
0.7733
0.8054
0.784
0.7703
0.7833
0.774
0.8121
0.7885
0.7851
0.7886
0.7867
0.8223
0.7938
0.7859
0.7938
0.7869
0.8273
0.7943
0.7904
0.7945
0.7924
0.8292
0.8037
0.794
0.8045
0.7972
0.8301
0.8042
0.7943
0.805
0.7972
0.8301
0.8079
0.7967
0.8092
0.7997
0.8301
0.8087
0.797
0.8109
0.7998
0.8301
0.8244
0.8012
0.8236
0.8051
0.8301
0.8244
0.8013
0.8236
0.8051
0.8301
0.8244
0.8013
0.8236
0.8051
0.8301
Abernathy
1.0
0.8858
1.0
0.888
0.9845
0.9166
0.8508
0.9139
0.8521
0.9999
0.9015
0.8506
0.9004
0.852
1.0
0.8692
0.8457
0.8689
0.8472
1.0
0.8687
0.8454
0.8685
0.8472
1.0
0.8593
0.8426
0.8595
0.8442
1.0
0.8585
0.8425
0.8593
0.8442
1.0
0.8511
0.8303
0.8508
0.8341
0.9568
0.8456
0.8165
0.8452
0.8189
0.8968
0.8315
0.8227
0.8309
0.8259
0.8581
0.8312
0.8107
0.831
0.8135
0.8581
0.8337
0.8211
0.833
0.8256
0.8838
0.8337
0.8211
0.833
0.8256
0.8838
0.8391
0.8219
0.8382
0.8265
0.8985
0.8476
0.8401
0.8476
0.8432
0.9213
0.8587
0.8412
0.8586
0.8436
0.9322
0.86
0.8508
0.8602
0.8555
0.9365
0.8808
0.8589
0.8822
0.8665
0.9384
0.8818
0.8597
0.8832
0.8665
0.9384
0.89
0.865
0.8926
0.8721
0.9384
0.8918
0.8657
0.8963
0.8723
0.9384
0.9258
0.8744
0.9239
0.8836
0.9384
0.9258
0.8744
0.9239
0.8836
0.9384
0.9258
0.8744
0.9239
0.8836
0.9384
MTSU
0.4781
0.7645
0.478
0.7599
0.4681
0.6989
0.8387
0.7047
0.8359
0.4761
0.7306
0.8391
0.7331
0.8361
0.4795
0.799
0.8497
0.7999
0.8465
0.4795
0.8
0.8505
0.8008
0.8465
0.4795
0.8201
0.8562
0.8199
0.8528
0.4795
0.822
0.8563
0.8203
0.8529
0.4795
0.8378
0.8579
0.8385
0.8585
0.5358
0.8495
0.8555
0.8504
0.8559
0.7414
0.858
0.8566
0.8579
0.857
0.8231
0.8577
0.8546
0.8578
0.855
0.8228
0.8581
0.8564
0.8581
0.857
0.7683
0.8581
0.8564
0.8581
0.857
0.7683
0.8589
0.8565
0.8588
0.8571
0.7364
0.8448
0.8596
0.8448
0.8549
0.6882
0.8215
0.8595
0.8218
0.8541
0.6654
0.8186
0.8396
0.8183
0.8291
0.656
0.7745
0.8224
0.7718
0.8054
0.6521
0.7723
0.8206
0.7696
0.8054
0.6521
0.7549
0.8093
0.7496
0.7936
0.6521
0.7513
0.808
0.7417
0.7932
0.6521
0.6786
0.79
0.683
0.7695
0.6521
0.6786
0.7899
0.683
0.7695
0.6521
0.6786
0.7899
0.683
0.7695
0.6521
Highland
0.2882
0.8594
0.2879
0.8526
0.2686
0.7621
0.9692
0.7709
0.965
0.277
0.809
0.9698
0.8128
0.9654
0.2973
0.9104
0.9853
0.9117
0.9805
0.2973
0.9119
0.9864
0.913
0.9806
0.2973
0.9417
0.995
0.9413
0.9899
0.2973
0.9445
0.9952
0.9418
0.99
0.2973
0.9678
1.0
0.9685
1.0
0.5184
0.9851
1.0
0.9863
1.0
0.824
1.0
1.0
1.0
1.0
0.9458
1.0
1.0
1.0
1.0
0.9455
1.0
1.0
1.0
1.0
0.8644
1.0
1.0
1.0
1.0
0.8644
1.0
1.0
1.0
1.0
0.8175
0.9786
1.0
0.9785
0.9931
0.7464
0.9436
0.9997
0.9439
0.9919
0.7125
0.9395
0.97
0.9388
0.9546
0.6989
0.8745
0.9449
0.8699
0.9202
0.693
0.8712
0.9424
0.8668
0.9201
0.693
0.8455
0.9256
0.8373
0.9028
0.693
0.8401
0.9237
0.8256
0.9022
0.693
0.7322
0.8965
0.7387
0.8668
0.693
0.7322
0.8963
0.7387
0.8668
0.693
0.7322
0.8963
0.7387
0.8668
0.693
MEC
0.2605
0.8315
0.2603
0.8243
0.2431
0.7286
0.9476
0.7379
0.9432
0.2506
0.7782
0.9482
0.7822
0.9436
0.2686
0.8854
0.9646
0.8868
0.9596
0.2686
0.887
0.9658
0.8882
0.9597
0.2686
0.9186
0.975
0.9182
0.9696
0.2686
0.9215
0.9751
0.9187
0.9697
0.2686
0.9461
0.9809
0.9469
0.9807
0.4747
0.9645
0.9818
0.9657
0.9817
0.794
0.9808
0.9814
0.9809
0.9812
0.9228
0.9808
0.9822
0.9809
0.982
0.9226
0.9807
0.9815
0.9807
0.9812
0.8368
0.9807
0.9815
0.9807
0.9812
0.8368
0.9803
0.9815
0.9804
0.9812
0.7872
0.9576
0.9803
0.9574
0.9729
0.712
0.9206
0.9799
0.9209
0.9717
0.6762
0.9162
0.9485
0.9155
0.9322
0.6617
0.8475
0.922
0.8427
0.8959
0.6556
0.844
0.9193
0.8393
0.8958
0.6556
0.8168
0.9016
0.8081
0.8775
0.6556
0.8111
0.8996
0.7958
0.8768
0.6556
0.697
0.8708
0.7038
0.8394
0.6556
0.697
0.8706
0.7038
0.8394
0.6556
0.697
0.8706
0.7038
0.8394
0.6556
Jackson
0.2323
0.8331
0.232
0.8255
0.2144
0.725
0.9548
0.7348
0.9502
0.2217
0.7771
0.9555
0.7813
0.9506
0.2408
0.8896
0.9727
0.8911
0.9674
0.2408
0.8912
0.974
0.8925
0.9675
0.2408
0.9244
0.9835
0.9239
0.9779
0.2408
0.9275
0.9837
0.9245
0.978
0.2408
0.9533
0.9901
0.9541
0.9897
0.4599
0.9725
0.9916
0.9738
0.9913
0.7938
0.99
0.9909
0.99
0.9906
0.9289
0.99
0.9922
0.99
0.9919
0.9286
0.9897
0.9911
0.9898
0.9906
0.8386
0.9897
0.9911
0.9898
0.9906
0.8386
0.9892
0.991
0.9893
0.9905
0.7866
0.9653
0.9892
0.9651
0.9814
0.7076
0.9265
0.9888
0.9268
0.9801
0.6701
0.9218
0.9558
0.9211
0.9387
0.6549
0.8498
0.9279
0.8447
0.9005
0.6484
0.8461
0.9251
0.8412
0.9004
0.6484
0.8176
0.9065
0.8085
0.8812
0.6484
0.8116
0.9044
0.7955
0.8805
0.6484
0.6919
0.8743
0.6991
0.8413
0.6484
0.6919
0.874
0.6991
0.8413
0.6484
0.6919
0.874
0.6991
0.8413
0.6484
Livestock
0.2915
0.3449
0.2919
0.3373
0.3162
0.2363
0.4676
0.2459
0.463
0.313
0.2887
0.4683
0.2928
0.4634
0.274
0.4019
0.4857
0.4034
0.4804
0.274
0.4036
0.487
0.4049
0.4805
0.274
0.4369
0.4966
0.4365
0.4909
0.274
0.4401
0.4968
0.4371
0.491
0.274
0.4662
0.5078
0.4672
0.5057
0.0128
0.4855
0.5149
0.4869
0.5136
0.3062
0.5069
0.5117
0.5073
0.51
0.4417
0.5068
0.5181
0.5071
0.5165
0.4412
0.5056
0.5127
0.506
0.5102
0.3509
0.5056
0.5127
0.506
0.5102
0.3509
0.5025
0.5123
0.5031
0.5097
0.2983
0.4778
0.5028
0.4778
0.4945
0.2186
0.4391
0.502
0.4396
0.4931
0.1809
0.4344
0.469
0.4338
0.4516
0.1654
0.3615
0.4406
0.3568
0.4127
0.1589
0.3578
0.4377
0.3533
0.4126
0.1589
0.3291
0.4189
0.3202
0.3931
0.1589
0.3231
0.4168
0.3071
0.3924
0.1589
0.2027
0.3869
0.21
0.3531
0.1589
0.2027
0.3866
0.21
0.3531
0.1589
0.2027
0.3866
0.21
0.3531
0.1589
Greenhouse
0.8358
0.492
0.8361
0.4914
0.8526
0.4843
0.5008
0.4848
0.5005
0.8575
0.4881
0.5009
0.4883
0.5005
0.8179
0.4961
0.5022
0.4962
0.5018
0.8179
0.4962
0.5023
0.4964
0.5018
0.8179
0.4985
0.5029
0.4986
0.5025
0.8179
0.4988
0.5029
0.4986
0.5025
0.8179
0.5008
0.4994
0.501
0.5008
0.4738
0.5021
0.4942
0.5023
0.495
0.4901
0.4998
0.4965
0.4996
0.4977
0.4992
0.4995
0.4922
0.4995
0.4931
0.499
0.5004
0.4961
0.5002
0.4976
0.4928
0.5004
0.4961
0.5002
0.4976
0.4928
0.5022
0.4963
0.502
0.4979
0.4888
0.5012
0.5032
0.5013
0.5028
0.4829
0.4988
0.5035
0.4989
0.5026
0.4803
0.4984
0.5013
0.4984
0.4998
0.479
0.4929
0.4991
0.4929
0.4966
0.4785
0.4927
0.4988
0.4926
0.4966
0.4785
0.4906
0.4974
0.4902
0.4951
0.4785
0.4902
0.4973
0.4891
0.4951
0.4785
0.4817
0.4956
0.4824
0.4925
0.4785
0.4817
0.4956
0.4824
0.4925
0.4785
0.4817
0.4956
0.4824
0.4925
0.4785
ChampionWayG
0.9397
0.0
0.9403
0.0
1.0
0.0
0.0
0.0
0.0
0.9947
0.0
0.0
0.0
0.0
0.8949
0.0
0.0
0.0
0.0
0.8949
0.0
0.0
0.0
0.0
0.8949
0.0
0.0
0.0
0.0
0.8949
0.0
0.0
0.0
0.0
0.8949
0.0
0.0
0.0
0.0
0.0459
0.0
0.0
0.0
0.0
0.0
0.0
0.0
0.0
0.0
0.0
0.0
0.0
0.0
0.0
0.0
0.0
0.0
0.0
0.0
0.0
0.0
0.0
0.0
0.0
0.0
0.0
0.0
0.0
0.0
0.0
0.0
0.0
0.0
0.0
0.0
0.0
0.0
0.0
0.0
0.0
0.0
0.0
0.0
0.0
0.0
0.0
0.0
0.0
0.0
0.0
0.0
0.0
0.0
0.0
0.0
0.0
0.0
0.0
0.0
0.0
0.0
0.0
0.0
0.0
0.0
0.0
0.0
0.0
0.0
0.0
0.0
0.0
0.0
0.0
0.0
0.0
0.0
0.0
0.0
0.0
Greenland
0.1412
0.4213
0.1413
0.4119
0.1581
0.2876
0.5722
0.2998
0.5664
0.1552
0.3521
0.573
0.3573
0.5669
0.1298
0.4913
0.5942
0.4932
0.5877
0.1298
0.4934
0.5958
0.495
0.5878
0.1298
0.5344
0.6076
0.5339
0.6007
0.1298
0.5382
0.6079
0.5346
0.6008
0.1298
0.5702
0.6215
0.5713
0.6189
0.0
0.594
0.6305
0.5957
0.6289
0.3728
0.6206
0.6264
0.621
0.6243
0.54
0.6207
0.6343
0.6209
0.6324
0.5396
0.6191
0.6275
0.6196
0.6246
0.4283
0.6191
0.6275
0.6196
0.6246
0.4283
0.6155
0.6271
0.6161
0.6239
0.3638
0.585
0.6152
0.5849
0.605
0.2659
0.537
0.6141
0.5375
0.6034
0.2194
0.5313
0.5733
0.5305
0.5522
0.2007
0.4419
0.5388
0.4358
0.5048
0.1926
0.4374
0.5353
0.4315
0.5047
0.1926
0.4022
0.5123
0.3909
0.4809
0.1926
0.3947
0.5096
0.3749
0.4801
0.1926
0.2465
0.4724
0.2554
0.4315
0.1926
0.2465
0.4721
0.2554
0.4315
0.1926
0.2465
0.4721
0.2554
0.4315
0.1926
MiddleTN
0.0358
0.5727
0.0358
0.5622
0.0387
0.4235
0.741
0.4371
0.7346
0.0383
0.4954
0.7419
0.5013
0.7352
0.0338
0.6508
0.7657
0.6529
0.7583
0.0338
0.6531
0.7674
0.6549
0.7585
0.0338
0.6989
0.7806
0.6983
0.7728
0.0338
0.7032
0.7809
0.6991
0.773
0.0338
0.7388
0.7951
0.7401
0.7926
0.0887
0.7654
0.8039
0.7672
0.8023
0.5186
0.7942
0.7999
0.7946
0.7979
0.7052
0.7943
0.8077
0.7945
0.8058
0.7047
0.7927
0.8011
0.7932
0.7981
0.5805
0.7927
0.8011
0.7932
0.7981
0.5805
0.7892
0.8006
0.7898
0.7975
0.5085
0.7553
0.7889
0.7552
0.7777
0.3993
0.7018
0.7879
0.7023
0.7759
0.3475
0.6954
0.7424
0.6945
0.7188
0.3265
0.5957
0.7038
0.5889
0.6659
0.3176
0.5907
0.6999
0.584
0.6658
0.3176
0.5513
0.6742
0.5388
0.6392
0.3176
0.543
0.6713
0.5209
0.6383
0.3176
0.3777
0.6298
0.3876
0.5841
0.3176
0.3777
0.6294
0.3876
0.5841
0.3176
0.3777
0.6294
0.3876
0.5841
0.3176
