Rose
0.0
0.5765
0.0
0.5662
0.0
0.4266
0.7393
0.4405
0.7332
0.0
0.4996
0.7401
0.5055
0.7337
0.0
0.6529
0.7625
0.6549
0.7556
0.0
0.6551
0.7642
0.6569
0.7558
0.0
0.6992
0.7766
0.6986
0.7692
0.0
0.7033
0.7768
0.6994
0.7694
0.0
0.7372
0.7971
0.7384
0.7922
0.1871
0.7623
0.811
0.764
0.8094
0.5228
0.7953
0.8066
0.7961
0.8025
0.7052
0.7956
0.8151
0.7959
0.8131
0.7047
0.7925
0.808
0.7934
0.803
0.5842
0.7925
0.808
0.7934
0.803
0.5842
0.7857
0.8075
0.7869
0.8018
0.5127
0.7528
0.7851
0.7526
0.7739
0.4018
0.702
0.7835
0.7024
0.7722
0.348
0.6958
0.7406
0.6949
0.7181
0.3272
0.5992
0.7039
0.5925
0.6675
0.322
0.5943
0.7002
0.5877
0.6674
0.322
0.5554
0.6756
0.543
0.6417
0.322
0.5472
0.6728
0.5252
0.6408
0.322
0.3794
0.6326
0.3897
0.5878
0.322
0.3794
0.6322
0.3897
0.5878
0.322
0.3794
0.6322
0.3897
0.5878
0.322
FairView
0.1527
0.6256
0.1526
0.6172
0.141
0.5044
0.7571
0.5157
0.7523
0.1441
0.5634
0.7578
0.5682
0.7527
0.1605
0.6873
0.7759
0.689
0.7703
0.1605
0.6891
0.7773
0.6905
0.7705
0.1605
0.7247
0.7873
0.7243
0.7813
0.1605
0.7281
0.7875
0.7249
0.7815
0.1605
0.7555
0.8039
0.7564
0.7999
0.3151
0.7758
0.8145
0.7771
0.8134
0.5819
0.8025
0.8116
0.8031
0.8083
0.7295
0.8028
0.8171
0.803
0.8159
0.7292
0.8003
0.8126
0.801
0.8087
0.6317
0.8003
0.8126
0.801
0.8087
0.6317
0.7948
0.8123
0.7958
0.8078
0.5739
0.7682
0.7941
0.768
0.7851
0.4843
0.727
0.7928
0.7273
0.7837
0.4408
0.722
0.7581
0.7213
0.74
0.4241
0.644
0.7286
0.6385
0.6992
0.4201
0.64
0.7256
0.6346
0.6991
0.4201
0.6086
0.7057
0.5985
0.6784
0.4201
0.6019
0.7034
0.5841
0.6776
0.4201
0.4662
0.6708
0.4745
0.6348
0.4201
0.4662
0.6705
0.4745
0.6348
0.4201
0.4662
0.6705
0.4745
0.6348
0.4201
Bell
0.5649
0.8223
0.5644
0.8194
0.5162
0.7809
0.8668
0.7849
0.8651
0.5289
0.8009
0.867
0.8027
0.8653
0.5974
0.843
0.8731
0.8436
0.8712
0.5974
0.8436
0.8735
0.8441
0.8712
0.5974
0.8557
0.877
0.8555
0.8749
0.5974
0.8568
0.8771
0.8557
0.875
0.5974
0.8661
0.8826
0.8662
0.8812
0.7222
0.873
0.8837
0.8734
0.8844
0.8067
0.8822
0.8853
0.8823
0.8842
0.8572
0.8824
0.882
0.8823
0.8829
0.8572
0.8815
0.885
0.8817
0.8843
0.8238
0.8815
0.885
0.8817
0.8843
0.8238
0.8797
0.8852
0.88
0.884
0.8043
0.8706
0.8793
0.8705
0.8762
0.7741
0.8564
0.8788
0.8564
0.8758
0.7592
0.8547
0.867
0.8544
0.8608
0.7538
0.8285
0.8572
0.8263
0.8474
0.7528
0.8271
0.8562
0.825
0.8473
0.7528
0.8165
0.8496
0.8128
0.8404
0.7528
0.8143
0.8488
0.808
0.8402
0.7528
0.768
0.8375
0.7708
0.8255
0.7528
0.768
0.8374
0.7708
0.8255
0.7528
0.768
0.8374
0.7708
0.8255
0.7528
IngramN
0.6552
0.8741
0.6546
0.8724
0.5977
0.8505
0.8992
0.8529
0.8982
0.6126
0.8618
0.8993
0.8629
0.8983
0.6936
0.8856
0.9027
0.886
0.9016
0.6936
0.886
0.9029
0.8863
0.9016
0.6936
0.8928
0.9049
0.8927
0.9037
0.6936
0.8935
0.9049
0.8928
0.9037
0.6936
0.8987
0.9081
0.8987
0.9073
0.8198
0.9026
0.907
0.9027
0.9081
0.8648
0.9078
0.9096
0.9078
0.909
0.8936
0.908
0.9043
0.9079
0.9057
0.8936
0.9075
0.909
0.9076
0.9091
0.8746
0.9075
0.909
0.9076
0.9091
0.8746
0.9065
0.9094
0.9066
0.9089
0.8636
0.9013
0.9062
0.9012
0.9045
0.8466
0.8932
0.9059
0.8931
0.9042
0.8382
0.8923
0.8992
0.892
0.8957
0.8352
0.8775
0.8938
0.8761
0.8883
0.8348
0.8768
0.8933
0.8754
0.8883
0.8348
0.8708
0.8895
0.8685
0.8844
0.8348
0.8695
0.8891
0.8659
0.8843
0.8348
0.8432
0.8826
0.8448
0.8759
0.8348
0.8432
0.8826
0.8448
0.8759
0.8348
0.8432
0.8826
0.8448
0.8759
0.8348
IngramS
0.652
0.8995
0.6513
0.8979
0.5924
0.8765
0.9241
0.8788
0.9231
0.6079
0.8875
0.9242
0.8885
0.9232
0.6917
0.9108
0.9275
0.9112
0.9264
0.6917
0.9112
0.9277
0.9114
0.9265
0.6917
0.9179
0.9297
0.9178
0.9285
0.6917
0.9185
0.9297
0.9179
0.9285
0.6917
0.9236
0.9328
0.9236
0.932
0.8425
0.9274
0.9316
0.9276
0.9327
0.8905
0.9325
0.9343
0.9326
0.9337
0.9186
0.9327
0.9287
0.9326
0.9301
0.9186
0.9322
0.9337
0.9323
0.9337
0.9001
0.9322
0.9337
0.9323
0.9337
0.9001
0.9313
0.9341
0.9314
0.9336
0.8893
0.9262
0.9309
0.9261
0.9292
0.8727
0.9182
0.9307
0.9182
0.929
0.8644
0.9173
0.9241
0.9171
0.9207
0.8615
0.9029
0.9188
0.9015
0.9134
0.8609
0.9021
0.9183
0.9008
0.9134
0.8609
0.8963
0.9146
0.8941
0.9096
0.8609
0.895
0.9142
0.8915
0.9094
0.8609
0.8693
0.9078
0.8709
0.9013
0.8609
0.8693
0.9078
0.8709
0.9013
0.8609
0.8693
0.9078
0.8709
0.9013
0.8609
ParkingServ
0.7854
0.9349
0.7846
0.9351
0.7163
0.9365
0.9327
0.9366
0.9328
0.7342
0.9355
0.9326
0.9356
0.9327
0.8314
0.9336
0.9323
0.9336
0.9324
0.8314
0.9336
0.9323
0.9336
0.9324
0.8314
0.9331
0.9322
0.933
0.9322
0.8314
0.933
0.9322
0.933
0.9322
0.8314
0.9325
0.9319
0.9323
0.9319
0.9475
0.9322
0.9278
0.9321
0.9295
0.9347
0.9319
0.9318
0.9318
0.9319
0.9328
0.9319
0.9238
0.9318
0.9258
0.9329
0.932
0.9309
0.932
0.9319
0.9341
0.932
0.9309
0.932
0.9319
0.9341
0.9322
0.9314
0.9321
0.9319
0.935
0.9325
0.932
0.9325
0.9322
0.9368
0.9329
0.9321
0.9328
0.9322
0.9374
0.933
0.9326
0.9329
0.9328
0.9379
0.9345
0.9333
0.9343
0.9339
0.9385
0.9346
0.9334
0.9344
0.9339
0.9385
0.9351
0.9338
0.935
0.9343
0.9385
0.9352
0.9338
0.9354
0.9343
0.9385
0.9371
0.9341
0.937
0.9349
0.9385
0.9371
0.9341
0.937
0.9349
0.9385
0.9371
0.9341
0.937
0.9349
0.9385
MainSt
0.8124
0.9391
0.8117
0.9396
0.7416
0.9456
0.9316
0.9452
0.9319
0.76
0.9422
0.9315
0.9421
0.9319
0.8596
0.9353
0.9305
0.9353
0.9308
0.8596
0.9352
0.9304
0.9352
0.9308
0.8596
0.9333
0.9299
0.9333
0.9302
0.8596
0.9331
0.9299
0.9332
0.9302
0.8596
0.9315
0.9289
0.9313
0.9291
0.966
0.9304
0.9243
0.9302
0.926
0.9407
0.9289
0.9285
0.9288
0.9287
0.9328
0.929
0.92
0.9289
0.9221
0.9329
0.9292
0.9275
0.9291
0.9287
0.9381
0.9292
0.9275
0.9291
0.9287
0.9381
0.9295
0.9281
0.9294
0.9288
0.9413
0.931
0.9295
0.9309
0.93
0.9466
0.9331
0.9296
0.9329
0.9301
0.9491
0.9334
0.9315
0.9333
0.9325
0.9502
0.938
0.9334
0.938
0.9351
0.951
0.9382
0.9336
0.9382
0.9351
0.951
0.94
0.9348
0.9403
0.9364
0.951
0.9404
0.9349
0.9412
0.9364
0.951
0.9477
0.9366
0.9473
0.9387
0.951
0.9477
0.9366
0.9473
0.9387
0.951
0.9477
0.9366
0.9473
0.9387
0.951
PublicSafety
0.8024
0.9802
0.8016
0.9806
0.7285
0.9867
0.9727
0.9862
0.973
0.7477
0.9833
0.9727
0.9832
0.973
0.8516
0.9764
0.9716
0.9764
0.9719
0.8516
0.9764
0.9715
0.9763
0.9719
0.8516
0.9744
0.971
0.9744
0.9713
0.8516
0.9742
0.971
0.9744
0.9713
0.8516
0.9726
0.9701
0.9725
0.9703
1.0
0.9716
0.9653
0.9714
0.9671
0.9818
0.9701
0.9697
0.97
0.9699
0.974
0.9702
0.9608
0.9701
0.963
0.9741
0.9704
0.9686
0.9703
0.9699
0.9793
0.9704
0.9686
0.9703
0.9699
0.9793
0.9707
0.9692
0.9706
0.9699
0.9825
0.9722
0.9706
0.9721
0.9711
0.9877
0.9742
0.9707
0.9741
0.9712
0.9901
0.9745
0.9725
0.9745
0.9736
0.9912
0.9791
0.9744
0.9791
0.9762
0.9917
0.9793
0.9746
0.9794
0.9762
0.9917
0.9811
0.9758
0.9814
0.9774
0.9917
0.9815
0.9759
0.9823
0.9775
0.9917
0.9888
0.9775
0.9884
0.9797
0.9917
0.9888
0.9776
0.9884
0.9797
0.9917
0.9888
0.9776
0.9884
0.9797
0.9917
CollegeHeights
0.8515
0.9477
0.8508
0.9487
0.778
0.9613
0.9325
0.9602
0.9331
0.7971
0.9544
0.9324
0.954
0.933
0.9004
0.9402
0.9303
0.9401
0.9309
0.9004
0.94
0.9302
0.9399
0.9309
0.9004
0.936
0.929
0.9361
0.9297
0.9004
0.9357
0.929
0.936
0.9297
0.9004
0.9325
0.9271
0.9323
0.9275
0.9952
0.9302
0.9216
0.93
0.9235
0.952
0.9272
0.9262
0.927
0.9266
0.9354
0.9271
0.917
0.9271
0.9193
0.9354
0.9275
0.9251
0.9274
0.9266
0.9463
0.9275
0.9251
0.9274
0.9266
0.9463
0.9282
0.9257
0.928
0.9267
0.9529
0.9312
0.9283
0.9311
0.9293
0.9634
0.9357
0.9284
0.9356
0.9294
0.9685
0.9363
0.9324
0.9363
0.9344
0.9706
0.9454
0.936
0.9459
0.9394
0.9717
0.9459
0.9364
0.9463
0.9394
0.9717
0.9495
0.9387
0.9505
0.9418
0.9717
0.9503
0.939
0.9523
0.9419
0.9717
0.9656
0.9426
0.9647
0.9468
0.9717
0.9656
0.9426
0.9647
0.9468
0.9717
0.9656
0.9426
0.9647
0.9468
0.9717
SportsPlex
0.76
1.0
0.7591
1.0
0.6863
1.0
1.0
1.0
1.0
0.7054
1.0
1.0
1.0
1.0
0.8089
1.0
1.0
1.0
1.0
0.8089
1.0
1.0
1.0
1.0
0.8089
1.0
1.0
1.0
1.0
0.8089
1.0
1.0
1.0
1.0
0.8089
1.0
1.0
1.0
1.0
0.9974
1.0
0.9958
1.0
0.9975
1.0
1.0
1.0
1.0
1.0
1.0
1.0
0.9915
1.0
0.9936
1.0
1.0
0.999
1.0
1.0
1.0
1.0
0.999
1.0
1.0
1.0
1.0
0.9995
1.0
1.0
1.0
1.0
1.0
1.0
1.0
1.0
1.0
1.0
1.0
1.0
1.0
1.0
1.0
1.0
1.0
1.0
1.0
1.0
1.0
1.0
1.0
1.0
1.0
1.0
1.0
1.0
1.0
1.0
1.0
1.0
1.0
1.0
1.0
1.0
1.0
1.0
1.0
1.0
1.0
1.0
1.0
1.0
1.0
1.0
1.0
1.0
1.0
1.0
1.0
1.0
1.0
CityView
0.712
0.953
0.7113
0.9523
0.6447
0.9427
0.9643
0.9436
0.9639
0.6622
0.9477
0.9644
0.9481
0.9639
0.7567
0.9583
0.9659
0.9585
0.9655
0.7567
0.9585
0.9661
0.9586
0.9655
0.7567
0.9615
0.9669
0.9615
0.9664
0.7567
0.9618
0.9669
0.9615
0.9664
0.7567
0.9642
0.9683
0.9643
0.968
0.9272
0.9659
0.9654
0.966
0.9668
0.9495
0.9681
0.9689
0.9682
0.9687
0.962
0.9681
0.9618
0.9682
0.9635
0.9619
0.9679
0.9682
0.968
0.9687
0.9536
0.9679
0.9682
0.968
0.9687
0.9536
0.9674
0.9686
0.9675
0.9686
0.9486
0.9652
0.9675
0.9652
0.9667
0.9409
0.9617
0.9674
0.9618
0.9666
0.9372
0.9613
0.9645
0.9612
0.9629
0.9358
0.9546
0.9619
0.9541
0.9593
0.9355
0.9542
0.9616
0.9538
0.9593
0.9355
0.9515
0.9599
0.9507
0.9575
0.9355
0.951
0.9597
0.9495
0.9574
0.9355
0.9394
0.957
0.9401
0.9538
0.9355
0.9394
0.957
0.9401
0.9538
0.9355
0.9394
0.957
0.9401
0.9538
0.9355
GreekRow
0.6359
0.8824
0.6353
0.8806
0.5783
0.8558
0.9114
0.8582
0.9103
0.5932
0.8688
0.9115
0.8698
0.9104
0.674
0.896
0.9156
0.8964
0.9144
0.674
0.8964
0.9159
0.8967
0.9144
0.674
0.9042
0.918
0.9042
0.9168
0.674
0.905
0.9181
0.9043
0.9168
0.674
0.9111
0.9217
0.9113
0.9208
0.8194
0.9155
0.9208
0.9158
0.9218
0.8733
0.9213
0.9233
0.9215
0.9226
0.9054
0.9213
0.9182
0.9214
0.9194
0.9053
0.9207
0.9229
0.9209
0.9227
0.884
0.9207
0.9229
0.9209
0.9227
0.884
0.9195
0.9232
0.9197
0.9225
0.8712
0.9136
0.9196
0.9136
0.9176
0.8513
0.9048
0.9193
0.9049
0.9172
0.8418
0.9036
0.9118
0.9035
0.9077
0.8381
0.8864
0.9052
0.8853
0.8985
0.8375
0.8855
0.9045
0.8845
0.8985
0.8375
0.8786
0.9001
0.8765
0.8939
0.8375
0.8771
0.8996
0.8732
0.8937
0.8375
0.8473
0.8926
0.8492
0.8844
0.8375
0.8473
0.8925
0.8492
0.8844
0.8375
0.8473
0.8925
0.8492
0.8844
0.8375
Rutherford
0.5576
0.9134
0.557
0.9108
0.5012
0.8745
0.9557
0.878
0.9542
0.5159
0.8935
0.9559
0.895
0.9543
0.595
0.9333
0.9618
0.9338
0.96
0.595
0.9339
0.9623
0.9343
0.9601
0.595
0.9453
0.9655
0.9452
0.9636
0.595
0.9464
0.9655
0.9454
0.9636
0.595
0.9553
0.9708
0.9556
0.9695
0.8073
0.9617
0.9711
0.9622
0.972
0.8998
0.9703
0.9732
0.9705
0.9722
0.947
0.9703
0.9689
0.9704
0.97
0.9468
0.9695
0.9729
0.9697
0.9723
0.9156
0.9695
0.9729
0.9697
0.9723
0.9156
0.9677
0.9731
0.968
0.972
0.897
0.9592
0.9677
0.9591
0.9647
0.8681
0.9461
0.9673
0.9462
0.9643
0.8542
0.9445
0.9562
0.9443
0.9503
0.8486
0.9193
0.9465
0.9176
0.937
0.8471
0.918
0.9455
0.9164
0.9369
0.8471
0.9079
0.9391
0.9047
0.9302
0.8471
0.9057
0.9384
0.9001
0.93
0.8471
0.8622
0.9281
0.8649
0.9163
0.8471
0.8622
0.928
0.8649
0.9163
0.8471
0.8622
0.928
0.8649
0.9163
0.8471
Softball
0.6198
0.8353
0.6192
0.8331
0.567
0.8038
0.8694
0.8066
0.8681
0.5807
0.8191
0.8696
0.8203
0.8683
0.6547
0.8513
0.8744
0.8517
0.8729
0.6547
0.8517
0.8747
0.8521
0.873
0.6547
0.8609
0.8773
0.8609
0.8758
0.6547
0.8618
0.8773
0.861
0.8758
0.6547
0.869
0.8816
0.8694
0.8805
0.7658
0.8743
0.8814
0.8747
0.8823
0.8244
0.8811
0.8835
0.8813
0.8827
0.8624
0.8811
0.8793
0.8812
0.8802
0.8622
0.8804
0.8832
0.8807
0.8828
0.8371
0.8804
0.8832
0.8807
0.8828
0.8371
0.8789
0.8834
0.8792
0.8825
0.8219
0.8721
0.8792
0.8721
0.8767
0.7985
0.8616
0.8788
0.8618
0.8763
0.7873
0.8603
0.8699
0.8601
0.8651
0.7829
0.8399
0.8621
0.8386
0.8542
0.7823
0.8388
0.8613
0.8376
0.8542
0.7823
0.8307
0.8561
0.8282
0.8487
0.7823
0.8289
0.8555
0.8244
0.8485
0.7823
0.7938
0.8473
0.796
0.8376
0.7823
0.7938
0.8472
0.796
0.8376
0.7823
0.7938
0.8472
0.796
0.8376
0.7823
Ezell
0.8257
0.849
0.8251
0.8493
0.7617
0.8538
0.8435
0.8534
0.8437
0.7783
0.8513
0.8435
0.8512
0.8437
0.8681
0.8462
0.8428
0.8462
0.843
0.8681
0.8461
0.8427
0.8462
0.843
0.8681
0.8447
0.8423
0.8447
0.8425
0.8681
0.8446
0.8423
0.8447
0.8425
0.8681
0.8435
0.8416
0.8435
0.8417
0.8884
0.8426
0.8373
0.8426
0.8389
0.8509
0.8415
0.8412
0.8415
0.8413
0.8446
0.8414
0.8336
0.8414
0.8354
0.8445
0.8415
0.8404
0.8415
0.8413
0.8486
0.8415
0.8404
0.8415
0.8413
0.8486
0.8417
0.8409
0.8417
0.8414
0.8508
0.8428
0.8422
0.8428
0.8424
0.8544
0.8446
0.8422
0.8446
0.8424
0.8563
0.8448
0.8437
0.8448
0.8443
0.8572
0.8479
0.8449
0.8483
0.8459
0.8584
0.8481
0.845
0.8484
0.8459
0.8584
0.8494
0.8458
0.8499
0.8467
0.8584
0.8497
0.846
0.8505
0.8467
0.8584
0.8552
0.8475
0.855
0.8486
0.8584
0.8552
0.8475
0.855
0.8486
0.8584
0.8552
0.8475
0.855
0.8486
0.8584
MtsuBlvdG
0.7138
0.8124
0.7133
0.8112
0.6584
0.7963
0.8298
0.7977
0.8291
0.6728
0.8041
0.8299
0.8047
0.8292
0.7506
0.8205
0.8324
0.8207
0.8316
0.7506
0.8207
0.8326
0.821
0.8316
0.7506
0.8254
0.8338
0.8254
0.8331
0.7506
0.8259
0.8339
0.8255
0.8331
0.7506
0.8296
0.836
0.8298
0.8355
0.7941
0.8322
0.8342
0.8325
0.8353
0.8071
0.8357
0.837
0.8358
0.8365
0.8263
0.8356
0.8315
0.8357
0.8328
0.8261
0.8353
0.8365
0.8355
0.8366
0.8133
0.8353
0.8365
0.8355
0.8366
0.8133
0.8345
0.8368
0.8347
0.8364
0.8055
0.831
0.8349
0.831
0.8335
0.7935
0.8258
0.8347
0.8259
0.8333
0.7878
0.8251
0.8302
0.825
0.8276
0.7857
0.8146
0.8262
0.814
0.822
0.786
0.8141
0.8257
0.8135
0.822
0.786
0.8099
0.8231
0.8087
0.8192
0.786
0.809
0.8228
0.8067
0.8191
0.786
0.7911
0.8187
0.7923
0.8135
0.786
0.7911
0.8187
0.7923
0.8135
0.786
0.7911
0.8187
0.7923
0.8135
0.786
Rec
0.7831
0.8404
0.7826
0.8402
0.7219
0.8375
0.8434
0.8378
0.8433
0.7378
0.8388
0.8434
0.839
0.8433
0.8237
0.8417
0.8439
0.8418
0.8437
0.8237
0.8417
0.8439
0.8418
0.8437
0.8237
0.8425
0.8441
0.8426
0.844
0.8237
0.8426
0.8441
0.8426
0.844
0.8237
0.8433
0.8445
0.8434
0.8444
0.8576
0.8438
0.8411
0.8438
0.8425
0.8397
0.8443
0.8446
0.8444
0.8445
0.8428
0.8442
0.8378
0.8443
0.8393
0.8427
0.8442
0.8439
0.8442
0.8445
0.8405
0.8442
0.8439
0.8442
0.8445
0.8405
0.844
0.8443
0.844
0.8445
0.839
0.8434
0.8444
0.8434
0.8441
0.8369
0.8426
0.8444
0.8427
0.844
0.8359
0.8425
0.8437
0.8425
0.8431
0.8357
0.8406
0.8429
0.8406
0.842
0.8365
0.8405
0.8428
0.8405
0.842
0.8365
0.8397
0.8423
0.8396
0.8414
0.8365
0.8396
0.8423
0.8392
0.8414
0.8365
0.8364
0.8418
0.8368
0.8406
0.8365
0.8364
0.8418
0.8368
0.8406
0.8365
0.8364
0.8418
0.8368
0.8406
0.8365
Abernathy
0.8448
0.9042
0.8441
0.905
0.7752
0.9148
0.8925
0.9139
0.8929
0.7933
0.9094
0.8924
0.9091
0.8929
0.891
0.8985
0.8908
0.8984
0.8913
0.891
0.8983
0.8907
0.8983
0.8913
0.891
0.8952
0.8898
0.8953
0.8904
0.891
0.8949
0.8898
0.8952
0.8903
0.891
0.8925
0.8883
0.8924
0.8887
0.9509
0.8907
0.8833
0.8906
0.8851
0.9079
0.8883
0.8876
0.8883
0.8879
0.8948
0.8882
0.8791
0.8882
0.8811
0.8948
0.8885
0.8867
0.8885
0.8879
0.9033
0.8885
0.8867
0.8885
0.8879
0.9033
0.889
0.8872
0.8889
0.888
0.9083
0.8913
0.8893
0.8913
0.89
0.9163
0.895
0.8895
0.8949
0.8902
0.9203
0.8954
0.8926
0.8955
0.894
0.9219
0.9024
0.8953
0.9028
0.8977
0.9231
0.9027
0.8955
0.9032
0.8977
0.9231
0.9055
0.8973
0.9064
0.8996
0.9231
0.9061
0.8975
0.9077
0.8997
0.9231
0.918
0.9005
0.9174
0.9035
0.9231
0.918
0.9005
0.9174
0.9035
0.9231
0.918
0.9005
0.9174
0.9035
0.9231
MTSU
0.4747
0.7848
0.4743
0.7807
0.4334
0.726
0.8487
0.7312
0.8463
0.4441
0.7546
0.849
0.7568
0.8465
0.5021
0.8148
0.8579
0.8156
0.8552
0.5021
0.8156
0.8586
0.8163
0.8553
0.5021
0.8329
0.8634
0.8327
0.8605
0.5021
0.8345
0.8635
0.833
0.8606
0.5021
0.8479
0.8714
0.8485
0.8695
0.6404
0.8577
0.8744
0.8585
0.8747
0.7643
0.8706
0.8751
0.8709
0.8735
0.8354
0.8706
0.8737
0.8708
0.874
0.8351
0.8694
0.8752
0.8698
0.8737
0.7881
0.8694
0.8752
0.8698
0.8737
0.7881
0.8666
0.8752
0.8672
0.8732
0.7599
0.8538
0.8668
0.8537
0.8623
0.7161
0.8341
0.8661
0.8343
0.8616
0.6951
0.8316
0.8495
0.8313
0.8405
0.6869
0.7935
0.8349
0.7911
0.8203
0.6851
0.7916
0.8333
0.7892
0.8203
0.6851
0.7763
0.8236
0.7716
0.8101
0.6851
0.7731
0.8225
0.7645
0.8097
0.6851
0.7073
0.807
0.7114
0.7891
0.6851
0.7073
0.8069
0.7114
0.7891
0.6851
0.7073
0.8069
0.7114
0.7891
0.6851
Highland
0.3018
0.8692
0.3013
0.8633
0.2619
0.784
0.9615
0.7919
0.9581
0.2723
0.8255
0.962
0.8288
0.9584
0.3283
0.9125
0.9747
0.9136
0.9708
0.3283
0.9138
0.9756
0.9147
0.9709
0.3283
0.9388
0.9827
0.9384
0.9785
0.3283
0.9411
0.9828
0.9388
0.9786
0.3283
0.9603
0.9943
0.9609
0.9915
0.6277
0.9746
1.0
0.9755
1.0
0.8384
0.9934
0.9998
0.9938
0.9975
0.9421
0.9935
1.0
0.9937
1.0
0.9419
0.9918
1.0
0.9923
0.9977
0.8734
0.9918
1.0
0.9923
0.9977
0.8734
0.988
1.0
0.9886
0.9971
0.8329
0.9693
0.9875
0.9692
0.9811
0.77
0.9403
0.9865
0.9406
0.9802
0.7394
0.9369
0.9622
0.9363
0.9495
0.7274
0.8821
0.9414
0.8782
0.9208
0.7238
0.8793
0.9393
0.8754
0.9207
0.7238
0.8572
0.9253
0.85
0.9062
0.7238
0.8525
0.9237
0.84
0.9056
0.7238
0.7573
0.9008
0.763
0.8755
0.7238
0.7573
0.9006
0.763
0.8755
0.7238
0.7573
0.9006
0.763
0.8755
0.7238
MEC
0.2746
0.8414
0.2742
0.8351
0.2385
0.7503
0.9401
0.7587
0.9365
0.2478
0.7946
0.9406
0.7982
0.9368
0.2987
0.8877
0.9542
0.8889
0.95
0.2987
0.8891
0.9552
0.8901
0.9501
0.2987
0.9158
0.9628
0.9154
0.9583
0.2987
0.9183
0.9629
0.9159
0.9584
0.2987
0.9388
0.9752
0.9395
0.9722
0.5866
0.9541
0.9816
0.9551
0.9815
0.8085
0.9742
0.981
0.9746
0.9786
0.9194
0.9743
0.982
0.9745
0.9818
0.9191
0.9725
0.9814
0.973
0.9788
0.8459
0.9725
0.9814
0.973
0.9788
0.8459
0.9684
0.9813
0.9691
0.9781
0.8026
0.9484
0.9679
0.9483
0.9611
0.7353
0.9175
0.9669
0.9177
0.9601
0.7026
0.9138
0.9408
0.9132
0.9273
0.6899
0.8552
0.9187
0.851
0.8966
0.6861
0.8522
0.9164
0.8481
0.8965
0.6861
0.8286
0.9015
0.8209
0.881
0.6861
0.8236
0.8997
0.8101
0.8804
0.6861
0.7217
0.8752
0.7279
0.8482
0.6861
0.7217
0.875
0.7279
0.8482
0.6861
0.7217
0.875
0.7279
0.8482
0.6861
Jackson
0.2463
0.8425
0.2458
0.8358
0.2114
0.7465
0.9465
0.7554
0.9427
0.2204
0.7932
0.9471
0.797
0.943
0.2694
0.8913
0.9614
0.8926
0.957
0.2694
0.8927
0.9625
0.8938
0.9571
0.2694
0.9209
0.9704
0.9205
0.9657
0.2694
0.9235
0.9706
0.921
0.9658
0.2694
0.9452
0.9835
0.9459
0.9804
0.5725
0.9613
0.9905
0.9623
0.9902
0.8079
0.9824
0.9896
0.9829
0.987
0.9247
0.9826
0.9911
0.9828
0.9908
0.9244
0.9807
0.99
0.9812
0.9873
0.8473
0.9807
0.99
0.9812
0.9873
0.8473
0.9763
0.99
0.9771
0.9866
0.8016
0.9552
0.9758
0.9551
0.9687
0.7307
0.9227
0.9748
0.9229
0.9676
0.6962
0.9187
0.9473
0.9181
0.933
0.6827
0.857
0.9239
0.8526
0.9006
0.6787
0.8538
0.9215
0.8495
0.9006
0.6787
0.829
0.9058
0.8209
0.8841
0.6787
0.8237
0.904
0.8095
0.8835
0.6787
0.7163
0.8782
0.7229
0.8496
0.6787
0.7163
0.8779
0.7229
0.8496
0.6787
0.7163
0.8779
0.7229
0.8496
0.6787
Livestock
0.3934
0.1638
0.3937
0.157
0.4091
0.0649
0.2714
0.0739
0.2674
0.405
0.1131
0.2719
0.1169
0.2677
0.3828
0.2144
0.2869
0.2157
0.2823
0.3828
0.2158
0.288
0.217
0.2824
0.3828
0.2448
0.2961
0.2446
0.2913
0.3828
0.2476
0.2963
0.2451
0.2914
0.3828
0.2701
0.3096
0.271
0.3064
0.0035
0.2866
0.3196
0.2879
0.3181
0.1292
0.3083
0.3158
0.3089
0.3131
0.2491
0.3083
0.3233
0.3087
0.3214
0.2486
0.3063
0.3171
0.307
0.3135
0.1693
0.3063
0.3171
0.307
0.3135
0.1693
0.3017
0.3166
0.3026
0.3126
0.1219
0.28
0.3019
0.28
0.2943
0.0484
0.2468
0.3008
0.2472
0.2932
0.013
0.2427
0.2727
0.2422
0.2576
0.0
0.1787
0.2482
0.1745
0.2238
0.0
0.1754
0.2457
0.1714
0.2237
0.0
0.1497
0.2293
0.1417
0.2066
0.0
0.1443
0.2275
0.1298
0.206
0.0
0.0336
0.2013
0.0405
0.1713
0.0
0.0336
0.2011
0.0405
0.1713
0.0
0.0336
0.2011
0.0405
0.1713
0.0
Greenhouse
0.723
0.5856
0.7227
0.5839
0.6864
0.5616
0.6117
0.5637
0.6107
0.6959
0.5733
0.6118
0.5742
0.6108
0.7471
0.5979
0.6155
0.5982
0.6144
0.7471
0.5982
0.6158
0.5985
0.6145
0.7471
0.6052
0.6177
0.6052
0.6166
0.7471
0.6059
0.6178
0.6053
0.6166
0.7471
0.6115
0.621
0.6118
0.6202
0.5825
0.6154
0.621
0.6158
0.6216
0.5778
0.6206
0.6224
0.6208
0.6218
0.6065
0.6205
0.6197
0.6206
0.6202
0.6062
0.62
0.6223
0.6202
0.6219
0.5872
0.62
0.6223
0.6202
0.6219
0.5872
0.6188
0.6225
0.6191
0.6216
0.5755
0.6136
0.6193
0.6136
0.6173
0.5575
0.6057
0.619
0.6059
0.617
0.549
0.6047
0.6123
0.6046
0.6084
0.5461
0.589
0.6062
0.5882
0.6
0.5474
0.5882
0.6055
0.5874
0.5999
0.5474
0.5819
0.6015
0.5802
0.5957
0.5474
0.5806
0.6011
0.5772
0.5956
0.5474
0.5539
0.595
0.5557
0.5873
0.5474
0.5539
0.595
0.5557
0.5873
0.5474
0.5539
0.595
0.5557
0.5873
0.5474
ChampionWayG
1.0
0.0
1.0
0.0
1.0
0.0
0.0
0.0
0.0
1.0
0.0
0.0
0.0
0.0
1.0
0.0
0.0
0.0
0.0
1.0
0.0
0.0
0.0
0.0
1.0
0.0
0.0
0.0
0.0
1.0
0.0
0.0
0.0
0.0
1.0
0.0
0.0
0.0
0.0
0.1689
0.0
0.0
0.0
0.0
0.0
0.0
0.0
0.0
0.0
0.0
0.0
0.0
0.0
0.0
0.0
0.0
0.0
0.0
0.0
0.0
0.0
0.0
0.0
0.0
0.0
0.0
0.0
0.0
0.0
0.0
0.0
0.0
0.0
0.0
0.0
0.0
0.0
0.0
0.0
0.0
0.0
0.0
0.0
0.0
0.0017
0.0
0.0
0.0
0.0
0.0078
0.0
0.0
0.0
0.0
0.0078
0.0
0.0
0.0
0.0
0.0078
0.0
0.0
0.0
0.0
0.0078
0.0
0.0
0.0
0.0
0.0078
0.0
0.0
0.0
0.0
0.0078
0.0
0.0
0.0
0.0
0.0078
Greenland
0.182
0.2797
0.1822
0.2707
0.1985
0.1492
0.4214
0.1613
0.4162
0.1942
0.2127
0.4222
0.2179
0.4166
0.1711
0.3462
0.4417
0.348
0.4356
0.1711
0.3481
0.4431
0.3497
0.4358
0.1711
0.3865
0.4539
0.3861
0.4475
0.1711
0.3901
0.4541
0.3867
0.4477
0.1711
0.4196
0.4718
0.4206
0.4675
0.0
0.4415
0.4849
0.443
0.4831
0.2327
0.4703
0.4801
0.471
0.4766
0.3917
0.4705
0.4894
0.4709
0.4872
0.3914
0.4679
0.4815
0.4687
0.477
0.2863
0.4679
0.4815
0.4687
0.477
0.2863
0.462
0.481
0.463
0.476
0.224
0.4333
0.4613
0.4332
0.4516
0.1274
0.3889
0.4599
0.3893
0.4501
0.0806
0.3836
0.4225
0.3828
0.403
0.0631
0.2995
0.3906
0.2936
0.359
0.0607
0.2952
0.3873
0.2894
0.3589
0.0607
0.2614
0.3659
0.2505
0.3366
0.0607
0.2542
0.3635
0.235
0.3357
0.0607
0.108
0.3283
0.1169
0.2896
0.0607
0.108
0.328
0.1169
0.2896
0.0607
0.108
0.328
0.1169
0.2896
0.0607
MiddleTN
0.0412
0.5374
0.0412
0.5273
0.0425
0.393
0.694
0.4064
0.6882
0.0422
0.4633
0.6948
0.469
0.6887
0.0403
0.6109
0.7164
0.6128
0.7098
0.0403
0.613
0.718
0.6147
0.7099
0.0403
0.6554
0.73
0.6549
0.7229
0.0403
0.6594
0.7302
0.6556
0.723
0.0403
0.692
0.7497
0.6932
0.745
0.1715
0.7162
0.7632
0.7179
0.7616
0.4855
0.748
0.7589
0.7488
0.755
0.6612
0.7483
0.7672
0.7487
0.7653
0.6608
0.7454
0.7603
0.7462
0.7554
0.5447
0.7454
0.7603
0.7462
0.7554
0.5447
0.7388
0.7598
0.74
0.7543
0.4758
0.7071
0.7381
0.707
0.7274
0.3691
0.6581
0.7366
0.6586
0.7257
0.3173
0.6522
0.6953
0.6514
0.6737
0.2973
0.5592
0.66
0.5527
0.625
0.2927
0.5544
0.6564
0.5481
0.6248
0.2927
0.5171
0.6327
0.505
0.6001
0.2927
0.5091
0.63
0.4879
0.5992
0.2927
0.3475
0.5912
0.3574
0.5482
0.2927
0.3475
0.5909
0.3574
0.5482
0.2927
0.3475
0.5909
0.3574
0.5482
0.2927
