Rose
0.0
0.3555
0.0
0.3333
0.0
0.1473
0.8501
0.1557
0.8436
0.0
0.2025
0.851
0.2131
0.8442
0.0
0.6233
0.8725
0.6305
0.8663
0.0
0.6317
0.8739
0.6377
0.8664
0.0
0.7774
0.8842
0.7756
0.8782
0.0
0.7892
0.8844
0.7778
0.8784
0.0
0.848
0.8995
0.8493
0.896
0.0114
0.8723
0.9109
0.8738
0.909
0.2451
0.8982
0.9059
0.8987
0.9032
0.7947
0.8983
0.9156
0.8986
0.9133
0.7933
0.8962
0.9073
0.8969
0.9035
0.3721
0.8962
0.9073
0.8969
0.9035
0.3721
0.8912
0.9067
0.8921
0.9027
0.2267
0.8635
0.8907
0.8634
0.882
0.1335
0.7856
0.8895
0.7869
0.8806
0.1076
0.7676
0.8514
0.765
0.8261
0.0963
0.4063
0.7902
0.3908
0.6754
0.0918
0.395
0.7794
0.3801
0.6749
0.0918
0.3109
0.7022
0.2854
0.5774
0.0918
0.294
0.6927
0.2504
0.5735
0.0918
0.1222
0.5382
0.1272
0.38
0.0918
0.1222
0.5367
0.1272
0.38
0.0918
0.1222
0.5367
0.1272
0.38
0.0918
FairView
0.0357
0.3985
0.0356
0.3782
0.0349
0.2093
0.8527
0.217
0.8474
0.0351
0.2588
0.8535
0.2686
0.8478
0.0362
0.6454
0.8713
0.6521
0.8662
0.0362
0.6532
0.8725
0.6588
0.8663
0.0362
0.7881
0.8811
0.7864
0.8761
0.0362
0.7989
0.8813
0.7884
0.8763
0.0362
0.851
0.8938
0.8521
0.891
0.064
0.8712
0.9034
0.8725
0.9018
0.2975
0.8928
0.8992
0.8933
0.897
0.804
0.8929
0.9072
0.8932
0.9054
0.8028
0.8912
0.9003
0.8917
0.8972
0.4136
0.8912
0.9003
0.8917
0.8972
0.4136
0.887
0.8998
0.8878
0.8965
0.2809
0.864
0.8865
0.8639
0.8793
0.1971
0.7956
0.8855
0.7968
0.8781
0.1739
0.779
0.8537
0.7766
0.8327
0.162
0.445
0.7999
0.4308
0.6937
0.1573
0.4347
0.7899
0.421
0.6933
0.1573
0.3579
0.7184
0.3345
0.6031
0.1573
0.3425
0.7096
0.3026
0.5995
0.1573
0.187
0.5666
0.1915
0.4209
0.1573
0.187
0.5652
0.1915
0.4209
0.1573
0.187
0.5652
0.1915
0.4209
0.1573
Bell
0.1757
0.6003
0.1756
0.5873
0.1712
0.4794
0.8846
0.4843
0.884
0.1724
0.5102
0.8846
0.5166
0.884
0.1786
0.761
0.8864
0.7654
0.8859
0.1786
0.7661
0.8865
0.7698
0.8859
0.1786
0.8546
0.8875
0.8535
0.8869
0.1786
0.8618
0.8875
0.8548
0.8869
0.1786
0.8842
0.8888
0.8842
0.8885
0.2816
0.8864
0.8899
0.8865
0.8898
0.5342
0.8888
0.8895
0.8887
0.8892
0.8649
0.8889
0.8903
0.8888
0.8902
0.8642
0.8887
0.8895
0.8887
0.8892
0.6091
0.8887
0.8895
0.8887
0.8892
0.6091
0.8883
0.8895
0.8883
0.8892
0.524
0.8859
0.888
0.8858
0.8873
0.4718
0.8595
0.8879
0.8601
0.8872
0.4572
0.8486
0.8844
0.8469
0.8823
0.4419
0.6301
0.8626
0.6204
0.7931
0.4358
0.6234
0.8561
0.6141
0.7928
0.4358
0.5742
0.8093
0.5587
0.7338
0.4358
0.5643
0.8035
0.5384
0.7315
0.4358
0.4657
0.7094
0.4684
0.6147
0.4358
0.4657
0.7085
0.4684
0.6147
0.4358
0.4657
0.7085
0.4684
0.6147
0.4358
IngramN
0.227
0.6774
0.2269
0.6669
0.2211
0.5808
0.8983
0.5848
0.8996
0.2227
0.6051
0.8982
0.6103
0.8995
0.2307
0.8061
0.8939
0.8097
0.8951
0.2307
0.8103
0.8936
0.8132
0.8951
0.2307
0.8815
0.8917
0.8805
0.8928
0.2307
0.8872
0.8916
0.8815
0.8928
0.2307
0.8986
0.8887
0.8981
0.8894
0.3624
0.8939
0.8866
0.8935
0.887
0.624
0.889
0.8876
0.8888
0.8881
0.8896
0.8891
0.8857
0.8889
0.8862
0.8891
0.8895
0.8872
0.8893
0.888
0.6839
0.8895
0.8872
0.8893
0.888
0.6839
0.8906
0.8874
0.8903
0.8882
0.616
0.8959
0.8903
0.8958
0.8921
0.5749
0.8854
0.8906
0.8858
0.8924
0.5632
0.8766
0.8978
0.8751
0.9028
0.5464
0.7011
0.888
0.6931
0.8322
0.5398
0.6958
0.8828
0.6881
0.8319
0.5398
0.6564
0.8452
0.6438
0.7846
0.5398
0.6485
0.8406
0.6277
0.7827
0.5398
0.57
0.7648
0.5722
0.6889
0.5398
0.57
0.764
0.5722
0.6889
0.5398
0.57
0.764
0.5722
0.6889
0.5398
IngramS
0.2302
0.7256
0.2301
0.7149
0.2234
0.6227
0.9277
0.6274
0.9298
0.2252
0.6517
0.9274
0.6569
0.9296
0.2344
0.8473
0.9204
0.8505
0.9224
0.2344
0.8511
0.9199
0.8538
0.9223
0.2344
0.9163
0.9166
0.9154
0.9185
0.2344
0.9216
0.9165
0.9164
0.9185
0.2344
0.9282
0.9116
0.9277
0.9127
0.3825
0.9204
0.908
0.9198
0.9087
0.6713
0.9121
0.9096
0.9118
0.9105
0.9238
0.9121
0.9065
0.912
0.9073
0.9233
0.9129
0.9091
0.9126
0.9104
0.7326
0.9129
0.9091
0.9126
0.9104
0.7326
0.9145
0.9093
0.9142
0.9107
0.663
0.9235
0.9144
0.9235
0.9173
0.6154
0.9199
0.9148
0.9203
0.9178
0.6011
0.9119
0.927
0.9105
0.9353
0.5825
0.7499
0.9224
0.7419
0.8712
0.5752
0.7445
0.9176
0.7367
0.871
0.5752
0.7041
0.8831
0.6914
0.8275
0.5752
0.696
0.8789
0.6748
0.8258
0.5752
0.6093
0.8094
0.612
0.7374
0.5752
0.6093
0.8087
0.612
0.7374
0.5752
0.6093
0.8087
0.612
0.7374
0.5752
ParkingServ
0.3359
0.7932
0.3358
0.7888
0.3277
0.7572
0.8963
0.7582
0.9006
0.3299
0.762
0.8957
0.7643
0.9002
0.341
0.8599
0.8813
0.8619
0.8854
0.341
0.8622
0.8804
0.8639
0.8853
0.341
0.9021
0.8736
0.9015
0.8775
0.341
0.9053
0.8734
0.9021
0.8774
0.341
0.8974
0.8634
0.8964
0.8657
0.5176
0.8814
0.8559
0.8803
0.8572
0.7693
0.8642
0.8592
0.8638
0.861
0.9064
0.8643
0.8528
0.8639
0.8544
0.9062
0.8657
0.8582
0.8652
0.8608
0.7947
0.8657
0.8582
0.8652
0.8608
0.7947
0.8691
0.8587
0.8685
0.8614
0.7662
0.8875
0.8692
0.8875
0.875
0.7562
0.9042
0.87
0.9043
0.876
0.7539
0.8993
0.8952
0.8984
0.9121
0.736
0.8029
0.9061
0.7991
0.875
0.7289
0.8007
0.9032
0.797
0.8748
0.7289
0.7841
0.8822
0.7784
0.8485
0.7289
0.7808
0.8796
0.7718
0.8474
0.7289
0.7555
0.8372
0.7559
0.7981
0.7289
0.7555
0.8367
0.7559
0.7981
0.7289
0.7555
0.8367
0.7559
0.7981
0.7289
MainSt
0.3722
0.8027
0.372
0.8006
0.3637
0.7922
0.8766
0.7916
0.8814
0.366
0.787
0.8759
0.7883
0.881
0.3774
0.8522
0.8599
0.8539
0.8645
0.3774
0.8541
0.8588
0.8555
0.8644
0.3774
0.8868
0.8512
0.8863
0.8556
0.3774
0.8895
0.851
0.8868
0.8555
0.3774
0.8779
0.8397
0.8767
0.8423
0.5592
0.8599
0.8313
0.8586
0.8328
0.79
0.8407
0.835
0.8402
0.837
0.8903
0.8406
0.8278
0.8403
0.8296
0.8901
0.8423
0.8339
0.8418
0.8368
0.8023
0.8423
0.8339
0.8418
0.8368
0.8023
0.8461
0.8344
0.8454
0.8374
0.7887
0.8667
0.8462
0.8667
0.8528
0.7937
0.8885
0.8471
0.8886
0.8538
0.7965
0.8846
0.8754
0.8838
0.8944
0.7793
0.8072
0.8903
0.8049
0.8648
0.7725
0.8062
0.8879
0.804
0.8647
0.7725
0.7982
0.8708
0.7951
0.8432
0.7725
0.7966
0.8687
0.7921
0.8423
0.7725
0.7953
0.8338
0.7947
0.8052
0.7725
0.7953
0.8335
0.7947
0.8052
0.7725
0.7953
0.8335
0.7947
0.8052
0.7725
PublicSafety
0.3593
0.9077
0.3591
0.9038
0.3492
0.8685
0.9547
0.8706
0.9612
0.3519
0.8798
0.9538
0.8818
0.9606
0.3656
0.9506
0.9322
0.9519
0.9384
0.3656
0.952
0.9308
0.953
0.9383
0.3656
0.975
0.9205
0.9747
0.9265
0.3656
0.9769
0.9203
0.975
0.9264
0.3656
0.9566
0.9052
0.9552
0.9087
0.5821
0.9325
0.8939
0.9308
0.8958
0.8865
0.9065
0.8989
0.9059
0.9016
0.9774
0.9065
0.8892
0.9061
0.8915
0.9773
0.9087
0.8974
0.908
0.9013
0.9094
0.9087
0.8974
0.908
0.9013
0.9094
0.9138
0.898
0.9128
0.9021
0.8837
0.9414
0.9139
0.9415
0.9227
0.8656
0.9762
0.9152
0.9762
0.9242
0.8595
0.9734
0.9532
0.9728
0.9786
0.8379
0.9166
0.9774
0.9132
0.9596
0.8293
0.9146
0.9758
0.9114
0.9595
0.8293
0.8996
0.9637
0.8946
0.9444
0.8293
0.8966
0.9623
0.8886
0.9438
0.8293
0.8632
0.9377
0.8643
0.9121
0.8293
0.8632
0.9374
0.8643
0.9121
0.8293
0.8632
0.9374
0.8643
0.9121
0.8293
CollegeHeights
0.4726
0.8275
0.4724
0.8317
0.4634
0.8879
0.8212
0.8829
0.8274
0.4659
0.8551
0.8203
0.8535
0.8269
0.4783
0.8298
0.7995
0.8305
0.8055
0.4783
0.8306
0.7981
0.8312
0.8054
0.4783
0.8435
0.7882
0.8433
0.794
0.4783
0.8446
0.788
0.8435
0.7938
0.4783
0.8229
0.7734
0.8215
0.7768
0.6742
0.7996
0.7625
0.798
0.7644
0.846
0.7746
0.7673
0.774
0.7699
0.8447
0.7745
0.758
0.7742
0.7602
0.8447
0.7767
0.7659
0.776
0.7697
0.822
0.7767
0.7659
0.776
0.7697
0.822
0.7816
0.7665
0.7807
0.7704
0.8498
0.8083
0.7819
0.8083
0.7903
0.8967
0.8441
0.7831
0.8441
0.7917
0.9133
0.8426
0.8198
0.8422
0.8443
0.8982
0.8174
0.8454
0.8196
0.8355
0.8923
0.8197
0.8445
0.8218
0.8354
0.8923
0.8356
0.8378
0.8399
0.8271
0.8923
0.8389
0.837
0.8469
0.8268
0.8923
0.9044
0.8232
0.9012
0.8232
0.8923
0.9044
0.823
0.9012
0.8232
0.8923
0.9044
0.823
0.9012
0.8232
0.8923
SportsPlex
0.4337
1.0
0.4335
1.0
0.4217
1.0
0.9626
1.0
0.9714
0.4249
1.0
0.9614
1.0
0.9706
0.4411
1.0
0.9322
1.0
0.9406
0.4411
1.0
0.9302
1.0
0.9404
0.4411
1.0
0.9163
1.0
0.9244
0.4411
1.0
0.916
1.0
0.9242
0.4411
0.9655
0.8955
0.9639
0.9003
0.6937
0.9326
0.88
0.9306
0.8826
1.0
0.8974
0.8868
0.8967
0.8905
1.0
0.8972
0.8737
0.8968
0.8768
1.0
0.9
0.8849
0.8992
0.8901
1.0
0.9
0.8849
0.8992
0.8901
1.0
0.9068
0.8857
0.9057
0.8912
1.0
0.9444
0.9074
0.9447
0.9193
1.0
1.0
0.9091
1.0
0.9212
0.9994
1.0
0.9607
1.0
0.9952
0.9762
1.0
1.0
1.0
1.0
0.9671
1.0
1.0
1.0
1.0
0.9671
1.0
1.0
1.0
1.0
0.9671
1.0
1.0
1.0
1.0
0.9671
1.0
1.0
1.0
1.0
0.9671
1.0
1.0
1.0
1.0
0.9671
1.0
1.0
1.0
1.0
0.9671
CityView
0.4279
0.8474
0.4277
0.8484
0.4184
0.8708
0.8669
0.868
0.873
0.421
0.8547
0.866
0.8542
0.8725
0.4338
0.8683
0.8457
0.8691
0.8516
0.4338
0.8693
0.8443
0.8701
0.8514
0.4338
0.8874
0.8345
0.8872
0.8402
0.4338
0.8889
0.8343
0.8875
0.8401
0.4338
0.869
0.82
0.8679
0.8233
0.6351
0.846
0.8091
0.8446
0.811
0.8527
0.8213
0.8139
0.8208
0.8165
0.8896
0.8212
0.8047
0.8209
0.8069
0.8894
0.8231
0.8126
0.8226
0.8162
0.8466
0.8231
0.8126
0.8226
0.8162
0.8466
0.8279
0.8131
0.8271
0.817
0.8535
0.8541
0.8283
0.8543
0.8366
0.8754
0.8885
0.8295
0.8887
0.838
0.8837
0.8862
0.8656
0.8859
0.8898
0.8662
0.8449
0.889
0.8457
0.8746
0.8594
0.8454
0.8876
0.8462
0.8746
0.8594
0.8495
0.878
0.8507
0.8624
0.8594
0.8503
0.8768
0.8524
0.8619
0.8594
0.8793
0.8577
0.8776
0.8463
0.8594
0.8793
0.8575
0.8776
0.8463
0.8594
0.8793
0.8575
0.8776
0.8463
0.8594
GreekRow
0.3778
0.6028
0.3777
0.6029
0.3724
0.6332
0.7426
0.6279
0.7441
0.3739
0.6035
0.7424
0.6035
0.744
0.3811
0.6751
0.7375
0.6778
0.739
0.3811
0.6782
0.7372
0.6805
0.7389
0.3811
0.7323
0.7348
0.7316
0.7362
0.3811
0.7367
0.7347
0.7325
0.7362
0.3811
0.7433
0.7313
0.7431
0.7321
0.4978
0.7376
0.7285
0.7374
0.729
0.6036
0.7316
0.7297
0.7315
0.7304
0.7389
0.7315
0.7275
0.7315
0.728
0.7383
0.7319
0.7294
0.7318
0.7303
0.6028
0.7319
0.7294
0.7318
0.7303
0.6028
0.733
0.7295
0.7329
0.7304
0.6034
0.7395
0.7333
0.7396
0.7353
0.6418
0.7354
0.7336
0.736
0.7356
0.6581
0.7287
0.7424
0.7278
0.7483
0.6486
0.6024
0.7369
0.6026
0.6941
0.6448
0.6025
0.7329
0.6027
0.6939
0.6448
0.6029
0.7041
0.6032
0.6576
0.6448
0.603
0.7006
0.6033
0.6561
0.6448
0.6492
0.6435
0.646
0.6028
0.6448
0.6492
0.643
0.646
0.6028
0.6448
0.6492
0.643
0.646
0.6028
0.6448
Rutherford
0.2776
0.7268
0.2774
0.7192
0.2705
0.6593
0.8954
0.6613
0.898
0.2724
0.6745
0.8951
0.678
0.8978
0.2819
0.8284
0.8865
0.8312
0.889
0.2819
0.8317
0.8859
0.8341
0.889
0.2819
0.8888
0.8818
0.8881
0.8842
0.2819
0.8934
0.8817
0.889
0.8842
0.2819
0.8964
0.8757
0.8961
0.8771
0.4343
0.8866
0.871
0.8861
0.8718
0.6897
0.8762
0.873
0.876
0.8741
0.8957
0.876
0.8691
0.876
0.87
0.8951
0.8769
0.8725
0.8766
0.874
0.733
0.8769
0.8725
0.8766
0.874
0.733
0.8788
0.8727
0.8785
0.8743
0.6829
0.89
0.8792
0.8901
0.8827
0.6557
0.8921
0.8797
0.8927
0.8832
0.6486
0.885
0.895
0.884
0.9052
0.6311
0.7442
0.8938
0.7391
0.8485
0.6243
0.7403
0.8895
0.7355
0.8484
0.6243
0.7114
0.8592
0.7029
0.81
0.6243
0.7056
0.8554
0.6908
0.8085
0.6243
0.6527
0.7952
0.654
0.7352
0.6243
0.6527
0.7946
0.654
0.7352
0.6243
0.6527
0.7946
0.654
0.7352
0.6243
Softball
0.3703
0.4367
0.3702
0.4379
0.3676
0.4917
0.6393
0.4834
0.6379
0.3683
0.4448
0.6395
0.4444
0.638
0.3719
0.5323
0.6442
0.5359
0.6429
0.3719
0.5366
0.6445
0.5396
0.6429
0.3719
0.6105
0.6467
0.6096
0.6454
0.3719
0.6165
0.6467
0.6107
0.6455
0.3719
0.6391
0.65
0.6395
0.6493
0.4327
0.6442
0.6524
0.6446
0.652
0.4429
0.6497
0.6513
0.6499
0.6508
0.6195
0.6497
0.6534
0.6498
0.6529
0.6187
0.6492
0.6517
0.6494
0.6508
0.4358
0.6492
0.6517
0.6494
0.6508
0.4358
0.648
0.6515
0.6483
0.6506
0.4435
0.6421
0.6481
0.6422
0.6462
0.5053
0.6148
0.6478
0.6155
0.6459
0.531
0.6056
0.6397
0.6044
0.6343
0.5277
0.4338
0.6168
0.4348
0.5582
0.5264
0.4344
0.6113
0.4354
0.558
0.5264
0.439
0.5719
0.4405
0.5082
0.5264
0.4399
0.5671
0.4423
0.5063
0.5264
0.5168
0.489
0.5119
0.4355
0.5264
0.5168
0.4882
0.5119
0.4355
0.5264
0.5168
0.4882
0.5119
0.4355
0.5264
Ezell
1.0
0.1477
1.0
0.1926
1.0
0.7284
0.0
0.6841
0.0
1.0
0.4569
0.0
0.4365
0.0
1.0
0.0
0.0
0.0
0.0
1.0
0.0
0.0
0.0
0.0
1.0
0.0
0.0
0.0
0.0
1.0
0.0
0.0
0.0
0.0
1.0
0.0
0.0
0.0
0.0
1.0
0.0
0.0
0.0
0.0
0.3688
0.0
0.0
0.0
0.0
0.0
0.0
0.0
0.0
0.0
0.0
0.0
0.0
0.0
0.0
0.1111
0.0
0.0
0.0
0.0
0.1111
0.0
0.0
0.0
0.0
0.4062
0.0
0.0
0.0
0.0
0.8024
0.0
0.0
0.0
0.0
0.9436
0.0
0.0
0.0
0.0
0.9709
0.0437
0.0
0.0743
0.0
0.9816
0.0669
0.0
0.0963
0.0
0.9816
0.2381
0.0
0.2891
0.0
0.9816
0.2724
0.0
0.3607
0.0
0.9816
0.8651
0.0
0.8381
0.0991
0.9816
0.8651
0.0
0.8381
0.0991
0.9816
0.8651
0.0
0.8381
0.0991
0.9816
MtsuBlvdG
0.5625
0.2116
0.5624
0.2274
0.5628
0.4522
0.3547
0.43
0.3514
0.5627
0.3208
0.3552
0.3136
0.3517
0.5622
0.2497
0.3662
0.2529
0.363
0.5622
0.2535
0.3669
0.2562
0.3631
0.5622
0.3202
0.3721
0.3194
0.3691
0.5622
0.3256
0.3722
0.3204
0.3691
0.5622
0.3539
0.3799
0.3547
0.3781
0.5588
0.3661
0.3856
0.367
0.3846
0.2901
0.3793
0.3831
0.3796
0.3817
0.3283
0.3793
0.3879
0.3795
0.3868
0.3276
0.3781
0.3838
0.3785
0.3818
0.1992
0.3781
0.3838
0.3785
0.3818
0.1992
0.3755
0.3834
0.376
0.3814
0.3031
0.3616
0.3754
0.3615
0.3709
0.4888
0.3241
0.3747
0.3248
0.3702
0.5585
0.3158
0.3555
0.3147
0.3426
0.5698
0.1751
0.3256
0.1861
0.2728
0.5742
0.1832
0.3206
0.1938
0.2726
0.5742
0.2436
0.2851
0.2617
0.2276
0.5742
0.2557
0.2807
0.2868
0.2259
0.5742
0.5198
0.2102
0.5064
0.1946
0.5742
0.5198
0.2095
0.5064
0.1946
0.5742
0.5198
0.2095
0.5064
0.1946
0.5742
Rec
0.8511
0.1605
0.8511
0.1957
0.8513
0.6273
0.115
0.5902
0.1137
0.8513
0.4025
0.1152
0.3865
0.1138
0.8509
0.0775
0.1194
0.0786
0.1182
0.8509
0.0788
0.1197
0.0797
0.1183
0.8509
0.1024
0.1217
0.1022
0.1206
0.8509
0.1044
0.1218
0.1025
0.1206
0.8509
0.1148
0.1247
0.1151
0.1241
0.847
0.1195
0.1269
0.1199
0.1266
0.3339
0.1246
0.126
0.1247
0.1255
0.1053
0.1246
0.1278
0.1247
0.1274
0.1051
0.1241
0.1262
0.1242
0.1255
0.1325
0.1241
0.1262
0.1242
0.1255
0.1325
0.1231
0.1261
0.1233
0.1253
0.3631
0.1177
0.123
0.1177
0.1213
0.6889
0.1039
0.1227
0.1041
0.121
0.8063
0.1009
0.1153
0.1006
0.1104
0.8284
0.0795
0.1041
0.1036
0.0854
0.8371
0.0976
0.1024
0.1207
0.0853
0.8371
0.2314
0.0897
0.2714
0.0693
0.8371
0.2582
0.0882
0.3272
0.0687
0.8371
0.741
0.0631
0.7185
0.1226
0.8371
0.741
0.0629
0.7185
0.1226
0.8371
0.741
0.0629
0.7185
0.1226
0.8371
Abernathy
0.7097
0.6234
0.7096
0.645
0.703
0.8992
0.5185
0.8785
0.5237
0.7048
0.7709
0.5178
0.7613
0.5232
0.7138
0.546
0.5006
0.5459
0.5056
0.7138
0.5458
0.4995
0.5457
0.5055
0.7138
0.5416
0.4913
0.5416
0.4961
0.7138
0.5412
0.4912
0.5415
0.496
0.7138
0.52
0.4791
0.5189
0.4819
0.8557
0.5007
0.47
0.4994
0.4716
0.7284
0.48
0.474
0.4796
0.4762
0.5409
0.4799
0.4663
0.4797
0.4682
0.541
0.4817
0.4729
0.4812
0.476
0.6047
0.4817
0.4729
0.4812
0.476
0.6047
0.4858
0.4734
0.485
0.4766
0.7463
0.5078
0.4861
0.5079
0.4931
0.9338
0.5413
0.4871
0.5411
0.4942
1.0
0.5419
0.5174
0.5418
0.5377
1.0
0.5733
0.5418
0.5877
0.5453
1.0
0.5845
0.5421
0.5983
0.5453
1.0
0.6665
0.5445
0.6908
0.5484
1.0
0.683
0.5448
0.7252
0.5485
1.0
0.9634
0.5493
0.9507
0.6003
1.0
0.9634
0.5494
0.9507
0.6003
1.0
0.9634
0.5494
0.9507
0.6003
1.0
MTSU
0.2195
0.3831
0.2195
0.3749
0.2182
0.3346
0.7119
0.3326
0.708
0.2186
0.3269
0.7124
0.3308
0.7084
0.2202
0.5515
0.7252
0.5566
0.7215
0.2202
0.5575
0.726
0.5619
0.7216
0.2202
0.663
0.732
0.6617
0.7285
0.2202
0.6715
0.7321
0.6633
0.7286
0.2202
0.7108
0.741
0.7117
0.739
0.2544
0.725
0.7477
0.726
0.7465
0.3433
0.7402
0.7447
0.7406
0.7431
0.6758
0.7402
0.7504
0.7404
0.749
0.6747
0.7389
0.7456
0.7393
0.7433
0.3895
0.7389
0.7456
0.7393
0.7433
0.3895
0.7359
0.7452
0.7365
0.7428
0.336
0.7197
0.7359
0.7196
0.7307
0.3377
0.6691
0.7351
0.6701
0.7298
0.3437
0.656
0.7129
0.6542
0.6979
0.3379
0.4016
0.6721
0.3962
0.5886
0.3355
0.3974
0.6642
0.3923
0.5883
0.3355
0.3666
0.6082
0.3574
0.5174
0.3355
0.3604
0.6013
0.3445
0.5146
0.3355
0.3404
0.4899
0.3393
0.3921
0.3355
0.3404
0.4887
0.3393
0.3921
0.3355
0.3404
0.4887
0.3393
0.3921
0.3355
Highland
0.091
0.6837
0.0909
0.6644
0.0854
0.4839
1.0
0.4945
1.0
0.0869
0.5502
1.0
0.5594
1.0
0.0945
0.8721
1.0
0.8767
1.0
0.0945
0.8775
1.0
0.8814
1.0
0.0945
0.971
1.0
0.9698
1.0
0.0945
0.9785
1.0
0.9712
1.0
0.0945
1.0
1.0
1.0
1.0
0.2211
1.0
1.0
1.0
1.0
0.5875
1.0
1.0
1.0
1.0
0.982
1.0
1.0
1.0
1.0
0.9812
1.0
1.0
1.0
1.0
0.6982
1.0
1.0
1.0
1.0
0.6982
1.0
1.0
1.0
1.0
0.5714
1.0
1.0
1.0
1.0
0.4666
0.9762
1.0
0.977
1.0
0.4337
0.9647
1.0
0.963
1.0
0.4124
0.728
0.9794
0.7145
0.9057
0.404
0.7181
0.9724
0.7051
0.9054
0.404
0.6447
0.923
0.6224
0.8429
0.404
0.63
0.9169
0.5919
0.8404
0.404
0.4523
0.8178
0.4586
0.705
0.404
0.4523
0.8168
0.4586
0.705
0.404
0.4523
0.8168
0.4586
0.705
0.404
MEC
0.0804
0.6402
0.0803
0.6205
0.0755
0.4403
0.9791
0.4505
0.9782
0.0768
0.5047
0.9792
0.5141
0.9783
0.0834
0.8384
0.982
0.8434
0.9812
0.0834
0.8442
0.9822
0.8484
0.9812
0.0834
0.9444
0.9835
0.9431
0.9827
0.0834
0.9525
0.9836
0.9446
0.9828
0.0834
0.9788
0.9855
0.979
0.9851
0.1948
0.982
0.987
0.9822
0.9868
0.5425
0.9854
0.9864
0.9854
0.986
0.9562
0.9854
0.9876
0.9854
0.9873
0.9553
0.9851
0.9865
0.9852
0.986
0.6549
0.9851
0.9865
0.9852
0.986
0.6549
0.9844
0.9865
0.9846
0.9859
0.5262
0.9808
0.9844
0.9808
0.9832
0.4236
0.95
0.9842
0.9509
0.9831
0.3918
0.9376
0.9792
0.9358
0.9759
0.3719
0.6851
0.9534
0.6714
0.8744
0.364
0.6751
0.9459
0.6618
0.8741
0.364
0.6006
0.8929
0.578
0.8071
0.364
0.5857
0.8864
0.547
0.8045
0.364
0.4097
0.7803
0.4159
0.6618
0.364
0.4097
0.7792
0.4159
0.6618
0.364
0.4097
0.7792
0.4159
0.6618
0.364
Jackson
0.0717
0.6417
0.0716
0.6215
0.0668
0.435
0.9863
0.4457
0.9854
0.0681
0.5022
0.9864
0.5119
0.9855
0.0747
0.8436
0.9894
0.8486
0.9886
0.0747
0.8494
0.9896
0.8537
0.9886
0.0747
0.9509
0.9911
0.9497
0.9902
0.0747
0.9591
0.9911
0.9512
0.9902
0.0747
0.986
0.9932
0.9862
0.9927
0.1861
0.9894
0.9948
0.9896
0.9945
0.5412
0.993
0.9941
0.9931
0.9937
0.9629
0.993
0.9954
0.9931
0.9951
0.962
0.9927
0.9943
0.9928
0.9938
0.6569
0.9927
0.9943
0.9928
0.9938
0.6569
0.992
0.9942
0.9921
0.9936
0.5243
0.9881
0.992
0.9881
0.9908
0.4176
0.9566
0.9918
0.9575
0.9906
0.3843
0.9441
0.9865
0.9422
0.9829
0.3641
0.688
0.9601
0.6738
0.88
0.3561
0.6776
0.9525
0.664
0.8797
0.3561
0.601
0.8988
0.5777
0.8119
0.3561
0.5856
0.8922
0.5458
0.8092
0.3561
0.4031
0.7847
0.4095
0.6639
0.3561
0.4031
0.7836
0.4095
0.6639
0.3561
0.4031
0.7836
0.4095
0.6639
0.3561
Livestock
0.0677
0.1132
0.0677
0.0977
0.0713
0.0
0.6433
0.0
0.6334
0.0704
0.0064
0.6447
0.0138
0.6343
0.0654
0.3806
0.6777
0.3883
0.6682
0.0654
0.3899
0.6799
0.3964
0.6684
0.0654
0.5513
0.6955
0.5492
0.6865
0.0654
0.5643
0.6958
0.5516
0.6867
0.0654
0.6403
0.719
0.6423
0.7137
0.0
0.6773
0.7364
0.6797
0.7334
0.0364
0.7169
0.7287
0.7178
0.7246
0.5705
0.7171
0.7434
0.7176
0.74
0.569
0.7139
0.7309
0.7148
0.725
0.1249
0.7139
0.7309
0.7148
0.725
0.1249
0.7062
0.7299
0.7075
0.7238
0.0235
0.6639
0.7054
0.6637
0.6921
0.0
0.5605
0.7035
0.5619
0.6899
0.0
0.5405
0.6454
0.5376
0.6066
0.0
0.1487
0.565
0.138
0.4377
0.0
0.1408
0.553
0.1305
0.4372
0.0
0.082
0.4672
0.0643
0.3288
0.0
0.0703
0.4566
0.0399
0.3246
0.0
0.0
0.2857
0.0
0.1302
0.0
0.0
0.2839
0.0
0.1302
0.0
0.0
0.2839
0.0
0.1302
0.0
Greenhouse
0.2884
0.0
0.2885
0.0
0.2931
0.0733
0.4117
0.0601
0.4021
0.2919
0.0
0.4131
0.0
0.4029
0.2855
0.1841
0.4451
0.1906
0.4359
0.2855
0.192
0.4472
0.1974
0.4361
0.2855
0.3287
0.4624
0.3269
0.4536
0.2855
0.3397
0.4627
0.3289
0.4538
0.2855
0.4089
0.4852
0.4109
0.4801
0.1953
0.4449
0.5021
0.4472
0.4992
0.0
0.4833
0.4947
0.4841
0.4907
0.3451
0.4834
0.5089
0.4839
0.5056
0.3438
0.4803
0.4967
0.4812
0.491
0.0
0.4803
0.4967
0.4812
0.491
0.0
0.4728
0.4957
0.4741
0.4898
0.0
0.4318
0.472
0.4315
0.4591
0.0951
0.3366
0.4701
0.3378
0.4569
0.1362
0.3196
0.4137
0.3172
0.3761
0.1473
0.0
0.3399
0.0
0.2319
0.1517
0.0
0.3297
0.0
0.2315
0.1517
0.0
0.2569
0.0
0.1395
0.1517
0.0
0.2479
0.0
0.1359
0.1517
0.1133
0.1031
0.1054
0.0
0.1517
0.1133
0.1016
0.1054
0.0
0.1517
0.1133
0.1016
0.1054
0.0
0.1517
ChampionWayG
0.1368
0.1303
0.1368
0.1192
0.1399
0.066
0.605
0.063
0.5961
0.1391
0.0536
0.6062
0.0588
0.5968
0.1348
0.3651
0.6359
0.3721
0.6273
0.1348
0.3737
0.6379
0.3795
0.6276
0.1348
0.5214
0.652
0.5194
0.6439
0.1348
0.5333
0.6523
0.5216
0.644
0.1348
0.6022
0.6731
0.604
0.6684
0.0788
0.6356
0.6889
0.6378
0.6863
0.0745
0.6713
0.682
0.6721
0.6783
0.5388
0.6715
0.6952
0.6719
0.6921
0.5375
0.6687
0.6838
0.6695
0.6786
0.1384
0.6687
0.6838
0.6695
0.6786
0.1384
0.6618
0.6829
0.663
0.6775
0.0658
0.6237
0.6608
0.6235
0.6489
0.0713
0.5298
0.659
0.5311
0.6469
0.0807
0.5116
0.6065
0.5089
0.5718
0.0823
0.156
0.5336
0.148
0.4174
0.0828
0.1503
0.5227
0.1426
0.4169
0.0828
0.1081
0.4441
0.0952
0.3177
0.0828
0.0996
0.4344
0.0777
0.3138
0.0828
0.0755
0.2775
0.0735
0.1424
0.0828
0.0755
0.2759
0.0735
0.1424
0.0828
0.0755
0.2759
0.0735
0.1424
0.0828
Greenland
0.0323
0.2412
0.0324
0.2222
0.0341
0.0782
0.7521
0.0827
0.744
0.0336
0.1103
0.7532
0.1193
0.7447
0.0313
0.5085
0.7801
0.516
0.7723
0.0313
0.5174
0.7819
0.5236
0.7725
0.0313
0.6704
0.7947
0.6685
0.7873
0.0313
0.6827
0.795
0.6707
0.7875
0.0313
0.7496
0.8138
0.7511
0.8096
0.0063
0.7798
0.8282
0.7818
0.8257
0.1465
0.8122
0.8219
0.8129
0.8185
0.6884
0.8124
0.8339
0.8128
0.8311
0.6871
0.8098
0.8236
0.8106
0.8188
0.2553
0.8098
0.8236
0.8106
0.8188
0.2553
0.8036
0.8228
0.8047
0.8178
0.131
0.769
0.8027
0.7688
0.7919
0.0711
0.679
0.8012
0.6803
0.7902
0.0574
0.6601
0.7536
0.6574
0.7221
0.0515
0.2848
0.6834
0.2714
0.563
0.0491
0.2751
0.6721
0.2623
0.5625
0.0491
0.2031
0.5909
0.1813
0.46
0.0491
0.1887
0.5809
0.1514
0.456
0.0491
0.0651
0.4186
0.0677
0.2621
0.0491
0.0651
0.4169
0.0677
0.2621
0.0491
0.0651
0.4169
0.0677
0.2621
0.0491
MiddleTN
0.0095
0.3346
0.0095
0.3132
0.0098
0.1374
0.8296
0.145
0.8229
0.0097
0.1873
0.8305
0.1976
0.8235
0.0093
0.6007
0.8529
0.6079
0.8464
0.0093
0.6092
0.8544
0.6152
0.8466
0.0093
0.7556
0.8651
0.7538
0.8589
0.0093
0.7674
0.8653
0.756
0.859
0.0093
0.8275
0.881
0.8288
0.8774
0.0143
0.8527
0.8929
0.8543
0.8909
0.2282
0.8796
0.8876
0.8802
0.8849
0.7729
0.8798
0.8977
0.8801
0.8953
0.7716
0.8776
0.8891
0.8783
0.8851
0.3506
0.8776
0.8891
0.8783
0.8851
0.3506
0.8724
0.8885
0.8733
0.8843
0.2106
0.8436
0.8718
0.8435
0.8628
0.1252
0.7639
0.8705
0.7652
0.8613
0.102
0.7458
0.8309
0.7432
0.8046
0.0918
0.3836
0.7684
0.3686
0.653
0.0878
0.3727
0.7575
0.3583
0.6526
0.0878
0.2917
0.6799
0.2671
0.5546
0.0878
0.2755
0.6704
0.2335
0.5507
0.0878
0.1151
0.5151
0.1195
0.3582
0.0878
0.1151
0.5136
0.1195
0.3582
0.0878
0.1151
0.5136
0.1195
0.3582
0.0878
