Rose
0.0100
0.2012
0.0100
0.1198
0.0100
0.0079
0.7790
0.0073
0.7689
0.0100
0.0045
0.7804
0.0041
0.7698
0.0100
0.5829
0.8148
0.5887
0.8048
0.0100
0.5897
0.8171
0.5947
0.8051
0.0100
0.7036
0.8338
0.7025
0.8241
0.0100
0.7124
0.8341
0.7041
0.8243
0.0100
0.7760
0.8573
0.7782
0.8529
0.0096
0.8144
0.8721
0.8170
0.8696
0.0029
0.8556
0.8656
0.8564
0.8621
0.7169
0.8558
0.8781
0.8562
0.8751
0.7157
0.8530
0.8674
0.8539
0.8625
0.2650
0.8530
0.8674
0.8539
0.8625
0.2650
0.8451
0.8666
0.8466
0.8614
0.0037
0.8001
0.8445
0.8000
0.8302
0.0084
0.7099
0.8425
0.7112
0.8278
0.0088
0.6965
0.7815
0.6949
0.7422
0.0089
0.3565
0.7129
0.3177
0.6242
0.0089
0.3250
0.7048
0.2857
0.6238
0.0089
0.0266
0.6457
0.0014
0.5417
0.0089
0.0018
0.6383
0.0028
0.5384
0.0089
0.0086
0.5105
0.0085
0.2792
0.0089
0.0086
0.5091
0.0085
0.2792
0.0089
0.0086
0.5091
0.0085
0.2792
0.0089
FairView
0.0100
0.2012
0.0100
0.1198
0.0100
0.0079
0.7790
0.0073
0.7689
0.0100
0.0045
0.7804
0.0041
0.7698
0.0100
0.5829
0.8148
0.5887
0.8048
0.0100
0.5897
0.8171
0.5947
0.8051
0.0100
0.7036
0.8338
0.7025
0.8241
0.0100
0.7124
0.8341
0.7041
0.8243
0.0100
0.7760
0.8573
0.7782
0.8529
0.0096
0.8144
0.8721
0.8170
0.8696
0.0029
0.8556
0.8656
0.8564
0.8621
0.7169
0.8558
0.8781
0.8562
0.8751
0.7157
0.8530
0.8674
0.8539
0.8625
0.2650
0.8530
0.8674
0.8539
0.8625
0.2650
0.8451
0.8666
0.8466
0.8614
0.0037
0.8001
0.8445
0.8000
0.8302
0.0084
0.7099
0.8425
0.7112
0.8278
0.0088
0.6965
0.7815
0.6949
0.7422
0.0089
0.3565
0.7129
0.3177
0.6242
0.0089
0.3250
0.7048
0.2857
0.6238
0.0089
0.0266
0.6457
0.0014
0.5417
0.0089
0.0018
0.6383
0.0028
0.5384
0.0089
0.0086
0.5105
0.0085
0.2792
0.0089
0.0086
0.5091
0.0085
0.2792
0.0089
0.0086
0.5091
0.0085
0.2792
0.0089
Bell
0.0100
0.2012
0.0100
0.1198
0.0100
0.0079
0.7790
0.0073
0.7689
0.0100
0.0045
0.7804
0.0041
0.7698
0.0100
0.5829
0.8148
0.5887
0.8048
0.0100
0.5897
0.8171
0.5947
0.8051
0.0100
0.7036
0.8338
0.7025
0.8241
0.0100
0.7124
0.8341
0.7041
0.8243
0.0100
0.7760
0.8573
0.7782
0.8529
0.0096
0.8144
0.8721
0.8170
0.8696
0.0029
0.8556
0.8656
0.8564
0.8621
0.7169
0.8558
0.8781
0.8562
0.8751
0.7157
0.8530
0.8674
0.8539
0.8625
0.2650
0.8530
0.8674
0.8539
0.8625
0.2650
0.8451
0.8666
0.8466
0.8614
0.0037
0.8001
0.8445
0.8000
0.8302
0.0084
0.7099
0.8425
0.7112
0.8278
0.0088
0.6965
0.7815
0.6949
0.7422
0.0089
0.3565
0.7129
0.3177
0.6242
0.0089
0.3250
0.7048
0.2857
0.6238
0.0089
0.0266
0.6457
0.0014
0.5417
0.0089
0.0018
0.6383
0.0028
0.5384
0.0089
0.0086
0.5105
0.0085
0.2792
0.0089
0.0086
0.5091
0.0085
0.2792
0.0089
0.0086
0.5091
0.0085
0.2792
0.0089
IngramN
0.0100
0.2012
0.0100
0.1198
0.0100
0.0079
0.7790
0.0073
0.7689
0.0100
0.0045
0.7804
0.0041
0.7698
0.0100
0.5829
0.8148
0.5887
0.8048
0.0100
0.5897
0.8171
0.5947
0.8051
0.0100
0.7036
0.8338
0.7025
0.8241
0.0100
0.7124
0.8341
0.7041
0.8243
0.0100
0.7760
0.8573
0.7782
0.8529
0.0096
0.8144
0.8721
0.8170
0.8696
0.0029
0.8556
0.8656
0.8564
0.8621
0.7169
0.8558
0.8781
0.8562
0.8751
0.7157
0.8530
0.8674
0.8539
0.8625
0.2650
0.8530
0.8674
0.8539
0.8625
0.2650
0.8451
0.8666
0.8466
0.8614
0.0037
0.8001
0.8445
0.8000
0.8302
0.0084
0.7099
0.8425
0.7112
0.8278
0.0088
0.6965
0.7815
0.6949
0.7422
0.0089
0.3565
0.7129
0.3177
0.6242
0.0089
0.3250
0.7048
0.2857
0.6238
0.0089
0.0266
0.6457
0.0014
0.5417
0.0089
0.0018
0.6383
0.0028
0.5384
0.0089
0.0086
0.5105
0.0085
0.2792
0.0089
0.0086
0.5091
0.0085
0.2792
0.0089
0.0086
0.5091
0.0085
0.2792
0.0089
IngramS
0.0100
0.2012
0.0100
0.1198
0.0100
0.0079
0.7790
0.0073
0.7689
0.0100
0.0045
0.7804
0.0041
0.7698
0.0100
0.5829
0.8148
0.5887
0.8048
0.0100
0.5897
0.8171
0.5947
0.8051
0.0100
0.7036
0.8338
0.7025
0.8241
0.0100
0.7124
0.8341
0.7041
0.8243
0.0100
0.7760
0.8573
0.7782
0.8529
0.0096
0.8144
0.8721
0.8170
0.8696
0.0029
0.8556
0.8656
0.8564
0.8621
0.7169
0.8558
0.8781
0.8562
0.8751
0.7157
0.8530
0.8674
0.8539
0.8625
0.2650
0.8530
0.8674
0.8539
0.8625
0.2650
0.8451
0.8666
0.8466
0.8614
0.0037
0.8001
0.8445
0.8000
0.8302
0.0084
0.7099
0.8425
0.7112
0.8278
0.0088
0.6965
0.7815
0.6949
0.7422
0.0089
0.3565
0.7129
0.3177
0.6242
0.0089
0.3250
0.7048
0.2857
0.6238
0.0089
0.0266
0.6457
0.0014
0.5417
0.0089
0.0018
0.6383
0.0028
0.5384
0.0089
0.0086
0.5105
0.0085
0.2792
0.0089
0.0086
0.5091
0.0085
0.2792
0.0089
0.0086
0.5091
0.0085
0.2792
0.0089
ParkingServ
0.0100
0.2012
0.0100
0.1198
0.0100
0.0079
0.7790
0.0073
0.7689
0.0100
0.0045
0.7804
0.0041
0.7698
0.0100
0.5829
0.8148
0.5887
0.8048
0.0100
0.5897
0.8171
0.5947
0.8051
0.0100
0.7036
0.8338
0.7025
0.8241
0.0100
0.7124
0.8341
0.7041
0.8243
0.0100
0.7760
0.8573
0.7782
0.8529
0.0096
0.8144
0.8721
0.8170
0.8696
0.0029
0.8556
0.8656
0.8564
0.8621
0.7169
0.8558
0.8781
0.8562
0.8751
0.7157
0.8530
0.8674
0.8539
0.8625
0.2650
0.8530
0.8674
0.8539
0.8625
0.2650
0.8451
0.8666
0.8466
0.8614
0.0037
0.8001
0.8445
0.8000
0.8302
0.0084
0.7099
0.8425
0.7112
0.8278
0.0088
0.6965
0.7815
0.6949
0.7422
0.0089
0.3565
0.7129
0.3177
0.6242
0.0089
0.3250
0.7048
0.2857
0.6238
0.0089
0.0266
0.6457
0.0014
0.5417
0.0089
0.0018
0.6383
0.0028
0.5384
0.0089
0.0086
0.5105
0.0085
0.2792
0.0089
0.0086
0.5091
0.0085
0.2792
0.0089
0.0086
0.5091
0.0085
0.2792
0.0089
MainSt
0.0100
0.2012
0.0100
0.1198
0.0100
0.0079
0.7790
0.0073
0.7689
0.0100
0.0045
0.7804
0.0041
0.7698
0.0100
0.5829
0.8148
0.5887
0.8048
0.0100
0.5897
0.8171
0.5947
0.8051
0.0100
0.7036
0.8338
0.7025
0.8241
0.0100
0.7124
0.8341
0.7041
0.8243
0.0100
0.7760
0.8573
0.7782
0.8529
0.0096
0.8144
0.8721
0.8170
0.8696
0.0029
0.8556
0.8656
0.8564
0.8621
0.7169
0.8558
0.8781
0.8562
0.8751
0.7157
0.8530
0.8674
0.8539
0.8625
0.2650
0.8530
0.8674
0.8539
0.8625
0.2650
0.8451
0.8666
0.8466
0.8614
0.0037
0.8001
0.8445
0.8000
0.8302
0.0084
0.7099
0.8425
0.7112
0.8278
0.0088
0.6965
0.7815
0.6949
0.7422
0.0089
0.3565
0.7129
0.3177
0.6242
0.0089
0.3250
0.7048
0.2857
0.6238
0.0089
0.0266
0.6457
0.0014
0.5417
0.0089
0.0018
0.6383
0.0028
0.5384
0.0089
0.0086
0.5105
0.0085
0.2792
0.0089
0.0086
0.5091
0.0085
0.2792
0.0089
0.0086
0.5091
0.0085
0.2792
0.0089
PublicSafety
0.0100
0.2012
0.0100
0.1198
0.0100
0.0079
0.7790
0.0073
0.7689
0.0100
0.0045
0.7804
0.0041
0.7698
0.0100
0.5829
0.8148
0.5887
0.8048
0.0100
0.5897
0.8171
0.5947
0.8051
0.0100
0.7036
0.8338
0.7025
0.8241
0.0100
0.7124
0.8341
0.7041
0.8243
0.0100
0.7760
0.8573
0.7782
0.8529
0.0096
0.8144
0.8721
0.8170
0.8696
0.0029
0.8556
0.8656
0.8564
0.8621
0.7169
0.8558
0.8781
0.8562
0.8751
0.7157
0.8530
0.8674
0.8539
0.8625
0.2650
0.8530
0.8674
0.8539
0.8625
0.2650
0.8451
0.8666
0.8466
0.8614
0.0037
0.8001
0.8445
0.8000
0.8302
0.0084
0.7099
0.8425
0.7112
0.8278
0.0088
0.6965
0.7815
0.6949
0.7422
0.0089
0.3565
0.7129
0.3177
0.6242
0.0089
0.3250
0.7048
0.2857
0.6238
0.0089
0.0266
0.6457
0.0014
0.5417
0.0089
0.0018
0.6383
0.0028
0.5384
0.0089
0.0086
0.5105
0.0085
0.2792
0.0089
0.0086
0.5091
0.0085
0.2792
0.0089
0.0086
0.5091
0.0085
0.2792
0.0089
CollegeHeights
0.0100
0.2012
0.0100
0.1198
0.0100
0.0079
0.7790
0.0073
0.7689
0.0100
0.0045
0.7804
0.0041
0.7698
0.0100
0.5829
0.8148
0.5887
0.8048
0.0100
0.5897
0.8171
0.5947
0.8051
0.0100
0.7036
0.8338
0.7025
0.8241
0.0100
0.7124
0.8341
0.7041
0.8243
0.0100
0.7760
0.8573
0.7782
0.8529
0.0096
0.8144
0.8721
0.8170
0.8696
0.0029
0.8556
0.8656
0.8564
0.8621
0.7169
0.8558
0.8781
0.8562
0.8751
0.7157
0.8530
0.8674
0.8539
0.8625
0.2650
0.8530
0.8674
0.8539
0.8625
0.2650
0.8451
0.8666
0.8466
0.8614
0.0037
0.8001
0.8445
0.8000
0.8302
0.0084
0.7099
0.8425
0.7112
0.8278
0.0088
0.6965
0.7815
0.6949
0.7422
0.0089
0.3565
0.7129
0.3177
0.6242
0.0089
0.3250
0.7048
0.2857
0.6238
0.0089
0.0266
0.6457
0.0014
0.5417
0.0089
0.0018
0.6383
0.0028
0.5384
0.0089
0.0086
0.5105
0.0085
0.2792
0.0089
0.0086
0.5091
0.0085
0.2792
0.0089
0.0086
0.5091
0.0085
0.2792
0.0089
SportsPlex
0.0100
0.2012
0.0100
0.1198
0.0100
0.0079
0.7790
0.0073
0.7689
0.0100
0.0045
0.7804
0.0041
0.7698
0.0100
0.5829
0.8148
0.5887
0.8048
0.0100
0.5897
0.8171
0.5947
0.8051
0.0100
0.7036
0.8338
0.7025
0.8241
0.0100
0.7124
0.8341
0.7041
0.8243
0.0100
0.7760
0.8573
0.7782
0.8529
0.0096
0.8144
0.8721
0.8170
0.8696
0.0029
0.8556
0.8656
0.8564
0.8621
0.7169
0.8558
0.8781
0.8562
0.8751
0.7157
0.8530
0.8674
0.8539
0.8625
0.2650
0.8530
0.8674
0.8539
0.8625
0.2650
0.8451
0.8666
0.8466
0.8614
0.0037
0.8001
0.8445
0.8000
0.8302
0.0084
0.7099
0.8425
0.7112
0.8278
0.0088
0.6965
0.7815
0.6949
0.7422
0.0089
0.3565
0.7129
0.3177
0.6242
0.0089
0.3250
0.7048
0.2857
0.6238
0.0089
0.0266
0.6457
0.0014
0.5417
0.0089
0.0018
0.6383
0.0028
0.5384
0.0089
0.0086
0.5105
0.0085
0.2792
0.0089
0.0086
0.5091
0.0085
0.2792
0.0089
0.0086
0.5091
0.0085
0.2792
0.0089
CityView
0.0100
0.2012
0.0100
0.1198
0.0100
0.0079
0.7790
0.0073
0.7689
0.0100
0.0045
0.7804
0.0041
0.7698
0.0100
0.5829
0.8148
0.5887
0.8048
0.0100
0.5897
0.8171
0.5947
0.8051
0.0100
0.7036
0.8338
0.7025
0.8241
0.0100
0.7124
0.8341
0.7041
0.8243
0.0100
0.7760
0.8573
0.7782
0.8529
0.0096
0.8144
0.8721
0.8170
0.8696
0.0029
0.8556
0.8656
0.8564
0.8621
0.7169
0.8558
0.8781
0.8562
0.8751
0.7157
0.8530
0.8674
0.8539
0.8625
0.2650
0.8530
0.8674
0.8539
0.8625
0.2650
0.8451
0.8666
0.8466
0.8614
0.0037
0.8001
0.8445
0.8000
0.8302
0.0084
0.7099
0.8425
0.7112
0.8278
0.0088
0.6965
0.7815
0.6949
0.7422
0.0089
0.3565
0.7129
0.3177
0.6242
0.0089
0.3250
0.7048
0.2857
0.6238
0.0089
0.0266
0.6457
0.0014
0.5417
0.0089
0.0018
0.6383
0.0028
0.5384
0.0089
0.0086
0.5105
0.0085
0.2792
0.0089
0.0086
0.5091
0.0085
0.2792
0.0089
0.0086
0.5091
0.0085
0.2792
0.0089
GreekRow
0.0100
0.2012
0.0100
0.1198
0.0100
0.0079
0.7790
0.0073
0.7689
0.0100
0.0045
0.7804
0.0041
0.7698
0.0100
0.5829
0.8148
0.5887
0.8048
0.0100
0.5897
0.8171
0.5947
0.8051
0.0100
0.7036
0.8338
0.7025
0.8241
0.0100
0.7124
0.8341
0.7041
0.8243
0.0100
0.7760
0.8573
0.7782
0.8529
0.0096
0.8144
0.8721
0.8170
0.8696
0.0029
0.8556
0.8656
0.8564
0.8621
0.7169
0.8558
0.8781
0.8562
0.8751
0.7157
0.8530
0.8674
0.8539
0.8625
0.2650
0.8530
0.8674
0.8539
0.8625
0.2650
0.8451
0.8666
0.8466
0.8614
0.0037
0.8001
0.8445
0.8000
0.8302
0.0084
0.7099
0.8425
0.7112
0.8278
0.0088
0.6965
0.7815
0.6949
0.7422
0.0089
0.3565
0.7129
0.3177
0.6242
0.0089
0.3250
0.7048
0.2857
0.6238
0.0089
0.0266
0.6457
0.0014
0.5417
0.0089
0.0018
0.6383
0.0028
0.5384
0.0089
0.0086
0.5105
0.0085
0.2792
0.0089
0.0086
0.5091
0.0085
0.2792
0.0089
0.0086
0.5091
0.0085
0.2792
0.0089
Rutherford
0.0100
0.2012
0.0100
0.1198
0.0100
0.0079
0.7790
0.0073
0.7689
0.0100
0.0045
0.7804
0.0041
0.7698
0.0100
0.5829
0.8148
0.5887
0.8048
0.0100
0.5897
0.8171
0.5947
0.8051
0.0100
0.7036
0.8338
0.7025
0.8241
0.0100
0.7124
0.8341
0.7041
0.8243
0.0100
0.7760
0.8573
0.7782
0.8529
0.0096
0.8144
0.8721
0.8170
0.8696
0.0029
0.8556
0.8656
0.8564
0.8621
0.7169
0.8558
0.8781
0.8562
0.8751
0.7157
0.8530
0.8674
0.8539
0.8625
0.2650
0.8530
0.8674
0.8539
0.8625
0.2650
0.8451
0.8666
0.8466
0.8614
0.0037
0.8001
0.8445
0.8000
0.8302
0.0084
0.7099
0.8425
0.7112
0.8278
0.0088
0.6965
0.7815
0.6949
0.7422
0.0089
0.3565
0.7129
0.3177
0.6242
0.0089
0.3250
0.7048
0.2857
0.6238
0.0089
0.0266
0.6457
0.0014
0.5417
0.0089
0.0018
0.6383
0.0028
0.5384
0.0089
0.0086
0.5105
0.0085
0.2792
0.0089
0.0086
0.5091
0.0085
0.2792
0.0089
0.0086
0.5091
0.0085
0.2792
0.0089
Softball
0.0100
0.2012
0.0100
0.1198
0.0100
0.0079
0.7790
0.0073
0.7689
0.0100
0.0045
0.7804
0.0041
0.7698
0.0100
0.5829
0.8148
0.5887
0.8048
0.0100
0.5897
0.8171
0.5947
0.8051
0.0100
0.7036
0.8338
0.7025
0.8241
0.0100
0.7124
0.8341
0.7041
0.8243
0.0100
0.7760
0.8573
0.7782
0.8529
0.0096
0.8144
0.8721
0.8170
0.8696
0.0029
0.8556
0.8656
0.8564
0.8621
0.7169
0.8558
0.8781
0.8562
0.8751
0.7157
0.8530
0.8674
0.8539
0.8625
0.2650
0.8530
0.8674
0.8539
0.8625
0.2650
0.8451
0.8666
0.8466
0.8614
0.0037
0.8001
0.8445
0.8000
0.8302
0.0084
0.7099
0.8425
0.7112
0.8278
0.0088
0.6965
0.7815
0.6949
0.7422
0.0089
0.3565
0.7129
0.3177
0.6242
0.0089
0.3250
0.7048
0.2857
0.6238
0.0089
0.0266
0.6457
0.0014
0.5417
0.0089
0.0018
0.6383
0.0028
0.5384
0.0089
0.0086
0.5105
0.0085
0.2792
0.0089
0.0086
0.5091
0.0085
0.2792
0.0089
0.0086
0.5091
0.0085
0.2792
0.0089
Ezell
0.0100
0.2012
0.0100
0.1198
0.0100
0.0079
0.7790
0.0073
0.7689
0.0100
0.0045
0.7804
0.0041
0.7698
0.0100
0.5829
0.8148
0.5887
0.8048
0.0100
0.5897
0.8171
0.5947
0.8051
0.0100
0.7036
0.8338
0.7025
0.8241
0.0100
0.7124
0.8341
0.7041
0.8243
0.0100
0.7760
0.8573
0.7782
0.8529
0.0096
0.8144
0.8721
0.8170
0.8696
0.0029
0.8556
0.8656
0.8564
0.8621
0.7169
0.8558
0.8781
0.8562
0.8751
0.7157
0.8530
0.8674
0.8539
0.8625
0.2650
0.8530
0.8674
0.8539
0.8625
0.2650
0.8451
0.8666
0.8466
0.8614
0.0037
0.8001
0.8445
0.8000
0.8302
0.0084
0.7099
0.8425
0.7112
0.8278
0.0088
0.6965
0.7815
0.6949
0.7422
0.0089
0.3565
0.7129
0.3177
0.6242
0.0089
0.3250
0.7048
0.2857
0.6238
0.0089
0.0266
0.6457
0.0014
0.5417
0.0089
0.0018
0.6383
0.0028
0.5384
0.0089
0.0086
0.5105
0.0085
0.2792
0.0089
0.0086
0.5091
0.0085
0.2792
0.0089
0.0086
0.5091
0.0085
0.2792
0.0089
MtsuBlvdG
0.0100
0.2012
0.0100
0.1198
0.0100
0.0079
0.7790
0.0073
0.7689
0.0100
0.0045
0.7804
0.0041
0.7698
0.0100
0.5829
0.8148
0.5887
0.8048
0.0100
0.5897
0.8171
0.5947
0.8051
0.0100
0.7036
0.8338
0.7025
0.8241
0.0100
0.7124
0.8341
0.7041
0.8243
0.0100
0.7760
0.8573
0.7782
0.8529
0.0096
0.8144
0.8721
0.8170
0.8696
0.0029
0.8556
0.8656
0.8564
0.8621
0.7169
0.8558
0.8781
0.8562
0.8751
0.7157
0.8530
0.8674
0.8539
0.8625
0.2650
0.8530
0.8674
0.8539
0.8625
0.2650
0.8451
0.8666
0.8466
0.8614
0.0037
0.8001
0.8445
0.8000
0.8302
0.0084
0.7099
0.8425
0.7112
0.8278
0.0088
0.6965
0.7815
0.6949
0.7422
0.0089
0.3565
0.7129
0.3177
0.6242
0.0089
0.3250
0.7048
0.2857
0.6238
0.0089
0.0266
0.6457
0.0014
0.5417
0.0089
0.0018
0.6383
0.0028
0.5384
0.0089
0.0086
0.5105
0.0085
0.2792
0.0089
0.0086
0.5091
0.0085
0.2792
0.0089
0.0086
0.5091
0.0085
0.2792
0.0089
Rec
0.0100
0.2012
0.0100
0.1198
0.0100
0.0079
0.7790
0.0073
0.7689
0.0100
0.0045
0.7804
0.0041
0.7698
0.0100
0.5829
0.8148
0.5887
0.8048
0.0100
0.5897
0.8171
0.5947
0.8051
0.0100
0.7036
0.8338
0.7025
0.8241
0.0100
0.7124
0.8341
0.7041
0.8243
0.0100
0.7760
0.8573
0.7782
0.8529
0.0096
0.8144
0.8721
0.8170
0.8696
0.0029
0.8556
0.8656
0.8564
0.8621
0.7169
0.8558
0.8781
0.8562
0.8751
0.7157
0.8530
0.8674
0.8539
0.8625
0.2650
0.8530
0.8674
0.8539
0.8625
0.2650
0.8451
0.8666
0.8466
0.8614
0.0037
0.8001
0.8445
0.8000
0.8302
0.0084
0.7099
0.8425
0.7112
0.8278
0.0088
0.6965
0.7815
0.6949
0.7422
0.0089
0.3565
0.7129
0.3177
0.6242
0.0089
0.3250
0.7048
0.2857
0.6238
0.0089
0.0266
0.6457
0.0014
0.5417
0.0089
0.0018
0.6383
0.0028
0.5384
0.0089
0.0086
0.5105
0.0085
0.2792
0.0089
0.0086
0.5091
0.0085
0.2792
0.0089
0.0086
0.5091
0.0085
0.2792
0.0089
Abernathy
0.0100
0.2012
0.0100
0.1198
0.0100
0.0079
0.7790
0.0073
0.7689
0.0100
0.0045
0.7804
0.0041
0.7698
0.0100
0.5829
0.8148
0.5887
0.8048
0.0100
0.5897
0.8171
0.5947
0.8051
0.0100
0.7036
0.8338
0.7025
0.8241
0.0100
0.7124
0.8341
0.7041
0.8243
0.0100
0.7760
0.8573
0.7782
0.8529
0.0096
0.8144
0.8721
0.8170
0.8696
0.0029
0.8556
0.8656
0.8564
0.8621
0.7169
0.8558
0.8781
0.8562
0.8751
0.7157
0.8530
0.8674
0.8539
0.8625
0.2650
0.8530
0.8674
0.8539
0.8625
0.2650
0.8451
0.8666
0.8466
0.8614
0.0037
0.8001
0.8445
0.8000
0.8302
0.0084
0.7099
0.8425
0.7112
0.8278
0.0088
0.6965
0.7815
0.6949
0.7422
0.0089
0.3565
0.7129
0.3177
0.6242
0.0089
0.3250
0.7048
0.2857
0.6238
0.0089
0.0266
0.6457
0.0014
0.5417
0.0089
0.0018
0.6383
0.0028
0.5384
0.0089
0.0086
0.5105
0.0085
0.2792
0.0089
0.0086
0.5091
0.0085
0.2792
0.0089
0.0086
0.5091
0.0085
0.2792
0.0089
MTSU
0.0100
0.2012
0.0100
0.1198
0.0100
0.0079
0.7790
0.0073
0.7689
0.0100
0.0045
0.7804
0.0041
0.7698
0.0100
0.5829
0.8148
0.5887
0.8048
0.0100
0.5897
0.8171
0.5947
0.8051
0.0100
0.7036
0.8338
0.7025
0.8241
0.0100
0.7124
0.8341
0.7041
0.8243
0.0100
0.7760
0.8573
0.7782
0.8529
0.0096
0.8144
0.8721
0.8170
0.8696
0.0029
0.8556
0.8656
0.8564
0.8621
0.7169
0.8558
0.8781
0.8562
0.8751
0.7157
0.8530
0.8674
0.8539
0.8625
0.2650
0.8530
0.8674
0.8539
0.8625
0.2650
0.8451
0.8666
0.8466
0.8614
0.0037
0.8001
0.8445
0.8000
0.8302
0.0084
0.7099
0.8425
0.7112
0.8278
0.0088
0.6965
0.7815
0.6949
0.7422
0.0089
0.3565
0.7129
0.3177
0.6242
0.0089
0.3250
0.7048
0.2857
0.6238
0.0089
0.0266
0.6457
0.0014
0.5417
0.0089
0.0018
0.6383
0.0028
0.5384
0.0089
0.0086
0.5105
0.0085
0.2792
0.0089
0.0086
0.5091
0.0085
0.2792
0.0089
0.0086
0.5091
0.0085
0.2792
0.0089
Highland
0.0100
0.2012
0.0100
0.1198
0.0100
0.0079
0.7790
0.0073
0.7689
0.0100
0.0045
0.7804
0.0041
0.7698
0.0100
0.5829
0.8148
0.5887
0.8048
0.0100
0.5897
0.8171
0.5947
0.8051
0.0100
0.7036
0.8338
0.7025
0.8241
0.0100
0.7124
0.8341
0.7041
0.8243
0.0100
0.7760
0.8573
0.7782
0.8529
0.0096
0.8144
0.8721
0.8170
0.8696
0.0029
0.8556
0.8656
0.8564
0.8621
0.7169
0.8558
0.8781
0.8562
0.8751
0.7157
0.8530
0.8674
0.8539
0.8625
0.2650
0.8530
0.8674
0.8539
0.8625
0.2650
0.8451
0.8666
0.8466
0.8614
0.0037
0.8001
0.8445
0.8000
0.8302
0.0084
0.7099
0.8425
0.7112
0.8278
0.0088
0.6965
0.7815
0.6949
0.7422
0.0089
0.3565
0.7129
0.3177
0.6242
0.0089
0.3250
0.7048
0.2857
0.6238
0.0089
0.0266
0.6457
0.0014
0.5417
0.0089
0.0018
0.6383
0.0028
0.5384
0.0089
0.0086
0.5105
0.0085
0.2792
0.0089
0.0086
0.5091
0.0085
0.2792
0.0089
0.0086
0.5091
0.0085
0.2792
0.0089
MEC
0.0100
0.2012
0.0100
0.1198
0.0100
0.0079
0.7790
0.0073
0.7689
0.0100
0.0045
0.7804
0.0041
0.7698
0.0100
0.5829
0.8148
0.5887
0.8048
0.0100
0.5897
0.8171
0.5947
0.8051
0.0100
0.7036
0.8338
0.7025
0.8241
0.0100
0.7124
0.8341
0.7041
0.8243
0.0100
0.7760
0.8573
0.7782
0.8529
0.0096
0.8144
0.8721
0.8170
0.8696
0.0029
0.8556
0.8656
0.8564
0.8621
0.7169
0.8558
0.8781
0.8562
0.8751
0.7157
0.8530
0.8674
0.8539
0.8625
0.2650
0.8530
0.8674
0.8539
0.8625
0.2650
0.8451
0.8666
0.8466
0.8614
0.0037
0.8001
0.8445
0.8000
0.8302
0.0084
0.7099
0.8425
0.7112
0.8278
0.0088
0.6965
0.7815
0.6949
0.7422
0.0089
0.3565
0.7129
0.3177
0.6242
0.0089
0.3250
0.7048
0.2857
0.6238
0.0089
0.0266
0.6457
0.0014
0.5417
0.0089
0.0018
0.6383
0.0028
0.5384
0.0089
0.0086
0.5105
0.0085
0.2792
0.0089
0.0086
0.5091
0.0085
0.2792
0.0089
0.0086
0.5091
0.0085
0.2792
0.0089
Jackson
0.0100
0.2012
0.0100
0.1198
0.0100
0.0079
0.7790
0.0073
0.7689
0.0100
0.0045
0.7804
0.0041
0.7698
0.0100
0.5829
0.8148
0.5887
0.8048
0.0100
0.5897
0.8171
0.5947
0.8051
0.0100
0.7036
0.8338
0.7025
0.8241
0.0100
0.7124
0.8341
0.7041
0.8243
0.0100
0.7760
0.8573
0.7782
0.8529
0.0096
0.8144
0.8721
0.8170
0.8696
0.0029
0.8556
0.8656
0.8564
0.8621
0.7169
0.8558
0.8781
0.8562
0.8751
0.7157
0.8530
0.8674
0.8539
0.8625
0.2650
0.8530
0.8674
0.8539
0.8625
0.2650
0.8451
0.8666
0.8466
0.8614
0.0037
0.8001
0.8445
0.8000
0.8302
0.0084
0.7099
0.8425
0.7112
0.8278
0.0088
0.6965
0.7815
0.6949
0.7422
0.0089
0.3565
0.7129
0.3177
0.6242
0.0089
0.3250
0.7048
0.2857
0.6238
0.0089
0.0266
0.6457
0.0014
0.5417
0.0089
0.0018
0.6383
0.0028
0.5384
0.0089
0.0086
0.5105
0.0085
0.2792
0.0089
0.0086
0.5091
0.0085
0.2792
0.0089
0.0086
0.5091
0.0085
0.2792
0.0089
Livestock
0.0100
0.2012
0.0100
0.1198
0.0100
0.0079
0.7790
0.0073
0.7689
0.0100
0.0045
0.7804
0.0041
0.7698
0.0100
0.5829
0.8148
0.5887
0.8048
0.0100
0.5897
0.8171
0.5947
0.8051
0.0100
0.7036
0.8338
0.7025
0.8241
0.0100
0.7124
0.8341
0.7041
0.8243
0.0100
0.7760
0.8573
0.7782
0.8529
0.0096
0.8144
0.8721
0.8170
0.8696
0.0029
0.8556
0.8656
0.8564
0.8621
0.7169
0.8558
0.8781
0.8562
0.8751
0.7157
0.8530
0.8674
0.8539
0.8625
0.2650
0.8530
0.8674
0.8539
0.8625
0.2650
0.8451
0.8666
0.8466
0.8614
0.0037
0.8001
0.8445
0.8000
0.8302
0.0084
0.7099
0.8425
0.7112
0.8278
0.0088
0.6965
0.7815
0.6949
0.7422
0.0089
0.3565
0.7129
0.3177
0.6242
0.0089
0.3250
0.7048
0.2857
0.6238
0.0089
0.0266
0.6457
0.0014
0.5417
0.0089
0.0018
0.6383
0.0028
0.5384
0.0089
0.0086
0.5105
0.0085
0.2792
0.0089
0.0086
0.5091
0.0085
0.2792
0.0089
0.0086
0.5091
0.0085
0.2792
0.0089
Greenhouse
0.0100
0.2012
0.0100
0.1198
0.0100
0.0079
0.7790
0.0073
0.7689
0.0100
0.0045
0.7804
0.0041
0.7698
0.0100
0.5829
0.8148
0.5887
0.8048
0.0100
0.5897
0.8171
0.5947
0.8051
0.0100
0.7036
0.8338
0.7025
0.8241
0.0100
0.7124
0.8341
0.7041
0.8243
0.0100
0.7760
0.8573
0.7782
0.8529
0.0096
0.8144
0.8721
0.8170
0.8696
0.0029
0.8556
0.8656
0.8564
0.8621
0.7169
0.8558
0.8781
0.8562
0.8751
0.7157
0.8530
0.8674
0.8539
0.8625
0.2650
0.8530
0.8674
0.8539
0.8625
0.2650
0.8451
0.8666
0.8466
0.8614
0.0037
0.8001
0.8445
0.8000
0.8302
0.0084
0.7099
0.8425
0.7112
0.8278
0.0088
0.6965
0.7815
0.6949
0.7422
0.0089
0.3565
0.7129
0.3177
0.6242
0.0089
0.3250
0.7048
0.2857
0.6238
0.0089
0.0266
0.6457
0.0014
0.5417
0.0089
0.0018
0.6383
0.0028
0.5384
0.0089
0.0086
0.5105
0.0085
0.2792
0.0089
0.0086
0.5091
0.0085
0.2792
0.0089
0.0086
0.5091
0.0085
0.2792
0.0089
ChampionWayG
0.0100
0.2012
0.0100
0.1198
0.0100
0.0079
0.7790
0.0073
0.7689
0.0100
0.0045
0.7804
0.0041
0.7698
0.0100
0.5829
0.8148
0.5887
0.8048
0.0100
0.5897
0.8171
0.5947
0.8051
0.0100
0.7036
0.8338
0.7025
0.8241
0.0100
0.7124
0.8341
0.7041
0.8243
0.0100
0.7760
0.8573
0.7782
0.8529
0.0096
0.8144
0.8721
0.8170
0.8696
0.0029
0.8556
0.8656
0.8564
0.8621
0.7169
0.8558
0.8781
0.8562
0.8751
0.7157
0.8530
0.8674
0.8539
0.8625
0.2650
0.8530
0.8674
0.8539
0.8625
0.2650
0.8451
0.8666
0.8466
0.8614
0.0037
0.8001
0.8445
0.8000
0.8302
0.0084
0.7099
0.8425
0.7112
0.8278
0.0088
0.6965
0.7815
0.6949
0.7422
0.0089
0.3565
0.7129
0.3177
0.6242
0.0089
0.3250
0.7048
0.2857
0.6238
0.0089
0.0266
0.6457
0.0014
0.5417
0.0089
0.0018
0.6383
0.0028
0.5384
0.0089
0.0086
0.5105
0.0085
0.2792
0.0089
0.0086
0.5091
0.0085
0.2792
0.0089
0.0086
0.5091
0.0085
0.2792
0.0089
Greenland
0.0100
0.2012
0.0100
0.1198
0.0100
0.0079
0.7790
0.0073
0.7689
0.0100
0.0045
0.7804
0.0041
0.7698
0.0100
0.5829
0.8148
0.5887
0.8048
0.0100
0.5897
0.8171
0.5947
0.8051
0.0100
0.7036
0.8338
0.7025
0.8241
0.0100
0.7124
0.8341
0.7041
0.8243
0.0100
0.7760
0.8573
0.7782
0.8529
0.0096
0.8144
0.8721
0.8170
0.8696
0.0029
0.8556
0.8656
0.8564
0.8621
0.7169
0.8558
0.8781
0.8562
0.8751
0.7157
0.8530
0.8674
0.8539
0.8625
0.2650
0.8530
0.8674
0.8539
0.8625
0.2650
0.8451
0.8666
0.8466
0.8614
0.0037
0.8001
0.8445
0.8000
0.8302
0.0084
0.7099
0.8425
0.7112
0.8278
0.0088
0.6965
0.7815
0.6949
0.7422
0.0089
0.3565
0.7129
0.3177
0.6242
0.0089
0.3250
0.7048
0.2857
0.6238
0.0089
0.0266
0.6457
0.0014
0.5417
0.0089
0.0018
0.6383
0.0028
0.5384
0.0089
0.0086
0.5105
0.0085
0.2792
0.0089
0.0086
0.5091
0.0085
0.2792
0.0089
0.0086
0.5091
0.0085
0.2792
0.0089
MiddleTN
0.0100
0.2012
0.0100
0.1198
0.0100
0.0079
0.7790
0.0073
0.7689
0.0100
0.0045
0.7804
0.0041
0.7698
0.0100
0.5829
0.8148
0.5887
0.8048
0.0100
0.5897
0.8171
0.5947
0.8051
0.0100
0.7036
0.8338
0.7025
0.8241
0.0100
0.7124
0.8341
0.7041
0.8243
0.0100
0.7760
0.8573
0.7782
0.8529
0.0096
0.8144
0.8721
0.8170
0.8696
0.0029
0.8556
0.8656
0.8564
0.8621
0.7169
0.8558
0.8781
0.8562
0.8751
0.7157
0.8530
0.8674
0.8539
0.8625
0.2650
0.8530
0.8674
0.8539
0.8625
0.2650
0.8451
0.8666
0.8466
0.8614
0.0037
0.8001
0.8445
0.8000
0.8302
0.0084
0.7099
0.8425
0.7112
0.8278
0.0088
0.6965
0.7815
0.6949
0.7422
0.0089
0.3565
0.7129
0.3177
0.6242
0.0089
0.3250
0.7048
0.2857
0.6238
0.0089
0.0266
0.6457
0.0014
0.5417
0.0089
0.0018
0.6383
0.0028
0.5384
0.0089
0.0086
0.5105
0.0085
0.2792
0.0089
0.0086
0.5091
0.0085
0.2792
0.0089
0.0086
0.5091
0.0085
0.2792
0.0089
