Rose
0.0
0.1811
0.0
0.175
0.0
0.1022
0.3876
0.1077
0.3766
0.0
0.135
0.3892
0.1381
0.3775
0.0
0.245
0.4315
0.2481
0.4182
0.0
0.2483
0.4348
0.251
0.4185
0.0
0.3177
0.4595
0.3169
0.4447
0.0
0.3245
0.46
0.3181
0.4451
0.0
0.3838
0.5022
0.3859
0.4916
0.0136
0.4311
0.5404
0.4345
0.5334
0.1479
0.4985
0.5228
0.5001
0.5139
0.3276
0.499
0.5573
0.4998
0.5491
0.327
0.4925
0.5278
0.4945
0.515
0.1856
0.4925
0.5278
0.4945
0.515
0.1856
0.4783
0.5257
0.4808
0.5125
0.1421
0.4129
0.4769
0.4127
0.4541
0.093
0.3223
0.4736
0.323
0.4507
0.0757
0.3121
0.39
0.3107
0.3499
0.0695
0.1951
0.3258
0.1908
0.2673
0.067
0.1919
0.3196
0.1878
0.2671
0.067
0.1681
0.28
0.16
0.229
0.067
0.1626
0.2756
0.1491
0.2276
0.067
0.0854
0.2182
0.0889
0.188
0.067
0.0854
0.2179
0.0889
0.188
0.067
0.0854
0.2179
0.0889
0.188
0.067
FairView
0.1266
0.1935
0.1266
0.191
0.1293
0.1516
0.3265
0.1548
0.3188
0.1286
0.1696
0.3276
0.1714
0.3194
0.125
0.2267
0.357
0.229
0.3477
0.125
0.229
0.3593
0.231
0.3479
0.125
0.2776
0.3767
0.2771
0.3663
0.125
0.2824
0.3771
0.278
0.3665
0.125
0.3238
0.4065
0.3251
0.3991
0.1028
0.3569
0.4335
0.3592
0.4286
0.1762
0.4043
0.4212
0.4053
0.4149
0.2844
0.4049
0.4453
0.4053
0.4397
0.2841
0.4002
0.4245
0.4015
0.4156
0.1951
0.4002
0.4245
0.4015
0.4156
0.1951
0.3904
0.4232
0.3921
0.414
0.1733
0.3445
0.3888
0.3443
0.3729
0.1466
0.2807
0.3866
0.2812
0.3706
0.1371
0.2736
0.3279
0.2726
0.2999
0.1339
0.1994
0.2834
0.1974
0.2427
0.1325
0.1981
0.2791
0.1962
0.2426
0.1325
0.1878
0.2515
0.1832
0.2161
0.1325
0.1848
0.2485
0.1773
0.2151
0.1325
0.1426
0.2087
0.1444
0.1966
0.1325
0.1426
0.2086
0.1444
0.1966
0.1325
0.1426
0.2086
0.1444
0.1966
0.1325
Bell
0.7051
0.4876
0.7051
0.4975
0.7117
0.556
0.3346
0.5522
0.3402
0.7099
0.5305
0.3337
0.5285
0.3397
0.7014
0.4075
0.3111
0.4064
0.3178
0.7014
0.4059
0.3094
0.4048
0.3177
0.7014
0.3703
0.297
0.3707
0.3042
0.7014
0.3668
0.2968
0.3701
0.3041
0.7014
0.3357
0.2749
0.3338
0.28
0.6233
0.3115
0.256
0.3092
0.2595
0.519
0.2776
0.2648
0.2763
0.2693
0.3641
0.2781
0.2471
0.2771
0.2518
0.3651
0.2811
0.2621
0.2799
0.2689
0.4777
0.2811
0.2621
0.2799
0.2689
0.4777
0.2889
0.2635
0.2873
0.2704
0.5245
0.3222
0.2881
0.3221
0.3
0.5631
0.3674
0.29
0.3665
0.3019
0.5764
0.3728
0.3323
0.373
0.3532
0.5815
0.4641
0.3675
0.4699
0.3982
0.5835
0.4695
0.3708
0.4749
0.3983
0.5835
0.5053
0.3919
0.5108
0.4189
0.5835
0.5095
0.3942
0.5197
0.4195
0.5835
0.5692
0.4254
0.5665
0.4768
0.5835
0.5692
0.4259
0.5665
0.4768
0.5835
0.5692
0.4259
0.5665
0.4768
0.5835
IngramN
0.8442
0.6497
0.8441
0.6613
0.8482
0.7221
0.4474
0.7181
0.4556
0.8471
0.6957
0.4462
0.6935
0.4549
0.8418
0.5532
0.4138
0.5514
0.4236
0.8418
0.5508
0.4113
0.5492
0.4234
0.8418
0.4993
0.3933
0.4998
0.4039
0.8418
0.4942
0.3929
0.4989
0.4036
0.8418
0.4493
0.3612
0.4469
0.3688
0.792
0.4142
0.3335
0.411
0.3386
0.6841
0.3647
0.3464
0.363
0.3528
0.4907
0.365
0.3206
0.3638
0.3273
0.4918
0.3696
0.3426
0.3679
0.3523
0.6383
0.3696
0.3426
0.3679
0.3523
0.6383
0.3807
0.3444
0.3785
0.3544
0.6895
0.4291
0.3803
0.429
0.3974
0.7294
0.4952
0.3829
0.4941
0.4002
0.7432
0.503
0.4447
0.5035
0.4748
0.7484
0.6224
0.4948
0.6293
0.539
0.7505
0.6286
0.4996
0.6351
0.5391
0.7505
0.6695
0.5299
0.6753
0.5685
0.7505
0.6739
0.5332
0.6844
0.5695
0.7505
0.7357
0.5777
0.7329
0.6371
0.7505
0.7357
0.5783
0.7329
0.6371
0.7505
0.7357
0.5783
0.7329
0.6371
0.7505
IngramS
0.7948
0.7428
0.7947
0.7515
0.7942
0.7769
0.5901
0.7754
0.5963
0.7943
0.7666
0.5892
0.7658
0.5958
0.7952
0.6702
0.5646
0.6688
0.572
0.7952
0.6684
0.5627
0.6672
0.5718
0.7952
0.6294
0.5491
0.6298
0.5571
0.7952
0.6255
0.5488
0.6291
0.5569
0.7952
0.5915
0.5248
0.5896
0.5305
0.8039
0.565
0.5039
0.5625
0.5078
0.7616
0.5275
0.5136
0.5262
0.5185
0.6227
0.5279
0.494
0.5269
0.4993
0.6237
0.5313
0.5107
0.53
0.5181
0.7341
0.5313
0.5107
0.53
0.5181
0.7341
0.5398
0.5121
0.538
0.5197
0.764
0.5764
0.5392
0.5763
0.5522
0.7798
0.6263
0.5412
0.6254
0.5543
0.7852
0.6322
0.5879
0.6325
0.6108
0.7873
0.7224
0.626
0.7274
0.6595
0.7881
0.7271
0.6297
0.7318
0.6597
0.7881
0.7564
0.6526
0.7585
0.682
0.7881
0.7581
0.6551
0.7621
0.6827
0.7881
0.7823
0.6886
0.7812
0.7335
0.7881
0.7823
0.689
0.7812
0.7335
0.7881
0.7823
0.689
0.7812
0.7335
0.7881
ParkingServ
0.982
0.8541
0.982
0.8666
0.982
0.9197
0.6124
0.9161
0.6229
0.982
0.8968
0.6109
0.8949
0.622
0.982
0.7466
0.5702
0.7442
0.5827
0.982
0.7436
0.5671
0.7415
0.5824
0.982
0.6782
0.544
0.679
0.5576
0.982
0.6717
0.5435
0.6778
0.5574
0.982
0.6151
0.5034
0.6123
0.5131
0.9804
0.5705
0.4679
0.5667
0.4744
0.8875
0.5073
0.4843
0.5054
0.4926
0.6677
0.5073
0.4515
0.506
0.4599
0.6689
0.5134
0.4796
0.5114
0.4918
0.8418
0.5134
0.4796
0.5114
0.4918
0.8418
0.5273
0.4819
0.5246
0.4944
0.8916
0.5888
0.5277
0.5889
0.5492
0.9259
0.6733
0.531
0.6722
0.5527
0.9379
0.6831
0.6096
0.684
0.6476
0.9423
0.8244
0.6724
0.8323
0.728
0.9441
0.8312
0.6784
0.8385
0.7282
0.9441
0.8743
0.7164
0.8796
0.7651
0.9441
0.8781
0.7207
0.8873
0.7664
0.9441
0.9313
0.7768
0.929
0.8404
0.9441
0.9313
0.7774
0.929
0.8404
0.9441
0.9313
0.7774
0.929
0.8404
0.9441
MainSt
1.0
0.8679
1.0
0.8807
1.0
0.9357
0.6184
0.932
0.6292
1.0
0.912
0.6168
0.9099
0.6283
1.0
0.7575
0.5747
0.755
0.5877
1.0
0.7543
0.5715
0.7521
0.5874
1.0
0.6865
0.5476
0.6874
0.5618
1.0
0.6798
0.5471
0.6862
0.5614
1.0
0.6212
0.5055
0.6184
0.5156
0.9989
0.575
0.4686
0.5711
0.4754
0.9025
0.5094
0.4856
0.5074
0.4942
0.6758
0.5093
0.4516
0.5081
0.4603
0.6769
0.5157
0.4809
0.5136
0.4935
0.8554
0.5157
0.4809
0.5136
0.4935
0.8554
0.53
0.4832
0.5273
0.4961
0.9066
0.5938
0.5307
0.5939
0.553
0.9422
0.6815
0.5341
0.6804
0.5565
0.9547
0.6917
0.6157
0.6927
0.655
0.9592
0.8374
0.6806
0.8456
0.7381
0.961
0.8443
0.6868
0.852
0.7383
0.961
0.8885
0.7262
0.8941
0.7765
0.961
0.8925
0.7306
0.9021
0.7778
0.961
0.9477
0.7889
0.9453
0.8539
0.961
0.9477
0.7894
0.9453
0.8539
0.961
0.9477
0.7894
0.9453
0.8539
0.961
PublicSafety
0.9143
0.9886
0.9141
0.997
0.9075
1.0
0.8163
1.0
0.824
0.9094
1.0
0.8152
1.0
0.8234
0.9182
0.9147
0.7854
0.9129
0.7946
0.9182
0.9125
0.7831
0.9109
0.7944
0.9182
0.8646
0.7663
0.8652
0.7762
0.9182
0.8599
0.7659
0.8643
0.776
0.9182
0.8183
0.7366
0.8163
0.7437
1.0
0.7857
0.7106
0.783
0.7153
1.0
0.7395
0.7226
0.7381
0.7286
0.8569
0.7395
0.6983
0.7386
0.7047
0.8578
0.744
0.7191
0.7425
0.7281
0.9802
0.744
0.7191
0.7425
0.7281
0.9802
0.7541
0.7207
0.7522
0.73
1.0
0.7992
0.7542
0.7992
0.7701
1.0
0.861
0.7566
0.8602
0.7726
1.0
0.8682
0.8142
0.8689
0.8421
1.0
0.9687
0.8601
0.9739
0.901
1.0
0.9732
0.8645
0.9781
0.9011
1.0
1.0
0.8924
1.0
0.9282
1.0
1.0
0.8955
1.0
0.9291
1.0
1.0
0.9362
1.0
0.9794
1.0
1.0
0.9366
1.0
0.9794
1.0
1.0
0.9366
1.0
0.9794
1.0
CollegeHeights
0.9553
0.8937
0.9554
0.9048
0.9532
0.9411
0.6769
0.9386
0.6864
0.9538
0.9257
0.6755
0.9244
0.6856
0.9565
0.7979
0.639
0.7958
0.6504
0.9565
0.7952
0.6363
0.7933
0.6501
0.9565
0.7361
0.6153
0.737
0.6277
0.9565
0.7303
0.6149
0.7359
0.6275
0.9565
0.6794
0.5787
0.6771
0.5875
0.9823
0.6391
0.5464
0.6359
0.5523
0.9204
0.5819
0.5613
0.5802
0.5687
0.7271
0.5816
0.5316
0.5807
0.5392
0.7279
0.5872
0.5573
0.5855
0.5681
0.883
0.5872
0.5573
0.5855
0.5681
0.883
0.5996
0.5592
0.5973
0.5704
0.9224
0.6552
0.6008
0.6554
0.6201
0.9451
0.7319
0.6037
0.731
0.6231
0.9532
0.7407
0.6749
0.7417
0.709
0.956
0.8672
0.7312
0.8745
0.781
0.9572
0.8732
0.7365
0.8801
0.7812
0.9572
0.9106
0.7708
0.9145
0.8144
0.9572
0.9131
0.7746
0.9195
0.8155
0.9572
0.9486
0.8256
0.9472
0.8816
0.9572
0.9486
0.8261
0.9472
0.8816
0.9572
0.9486
0.8261
0.9472
0.8816
0.9572
SportsPlex
0.6332
1.0
0.6329
1.0
0.6187
0.92
1.0
0.9257
1.0
0.6227
0.9575
1.0
0.9606
1.0
0.6415
1.0
1.0
1.0
1.0
0.6415
1.0
1.0
1.0
1.0
0.6415
1.0
1.0
1.0
1.0
0.6415
1.0
1.0
1.0
1.0
0.6415
1.0
1.0
1.0
1.0
0.8212
1.0
1.0
1.0
1.0
0.9734
1.0
1.0
1.0
1.0
1.0
1.0
0.9994
1.0
1.0
1.0
1.0
1.0
1.0
1.0
1.0
1.0
1.0
1.0
1.0
1.0
1.0
1.0
1.0
1.0
0.9662
1.0
1.0
1.0
1.0
0.9097
1.0
1.0
1.0
1.0
0.8901
1.0
1.0
1.0
1.0
0.8828
1.0
1.0
1.0
1.0
0.8799
1.0
1.0
1.0
1.0
0.8799
0.9944
1.0
0.9857
1.0
0.8799
0.9881
1.0
0.973
1.0
0.8799
0.9009
1.0
0.9047
1.0
0.8799
0.9009
1.0
0.9047
1.0
0.8799
0.9009
1.0
0.9047
1.0
0.8799
CityView
0.565
0.9005
0.5648
0.9
0.5525
0.8233
0.9205
0.8288
0.9194
0.5559
0.8591
0.9207
0.8621
0.9195
0.5722
0.9061
0.9251
0.9064
0.9237
0.5722
0.9064
0.9254
0.9067
0.9238
0.5722
0.9134
0.9278
0.9134
0.9264
0.5722
0.9141
0.9279
0.9135
0.9264
0.5722
0.9202
0.9322
0.9205
0.9311
0.7291
0.9249
0.9359
0.9253
0.9352
0.8745
0.9317
0.9342
0.9319
0.9333
0.9146
0.9316
0.9372
0.9318
0.9368
0.9144
0.931
0.9348
0.9312
0.9334
0.901
0.931
0.9348
0.9312
0.9334
0.901
0.9295
0.9345
0.9298
0.9331
0.8674
0.9229
0.9297
0.9229
0.9273
0.8134
0.914
0.9293
0.9141
0.9269
0.7947
0.9129
0.921
0.9128
0.9168
0.7877
0.9015
0.9144
0.9013
0.9083
0.7849
0.9013
0.9137
0.9011
0.9083
0.7849
0.8943
0.9097
0.8862
0.9043
0.7849
0.8884
0.9092
0.874
0.9042
0.7849
0.805
0.9037
0.8087
0.901
0.7849
0.805
0.9037
0.8087
0.901
0.7849
0.805
0.9037
0.8087
0.901
0.7849
GreekRow
0.4667
0.7699
0.4665
0.7685
0.4565
0.6936
0.8215
0.6989
0.8187
0.4593
0.7284
0.8219
0.7313
0.8189
0.4725
0.7851
0.8329
0.7859
0.8295
0.4725
0.7859
0.8337
0.7867
0.8296
0.4725
0.8036
0.8399
0.8034
0.8362
0.4725
0.8054
0.8401
0.8038
0.8363
0.4725
0.8207
0.8508
0.8213
0.8481
0.6024
0.8326
0.8603
0.8336
0.8585
0.7436
0.8496
0.8559
0.8501
0.8536
0.8065
0.8495
0.8643
0.8499
0.8625
0.8061
0.8479
0.8574
0.8485
0.8539
0.7712
0.8479
0.8574
0.8485
0.8539
0.7712
0.8442
0.8568
0.8449
0.8532
0.7365
0.8276
0.8445
0.8276
0.8385
0.6839
0.8049
0.8437
0.8052
0.8376
0.6657
0.8022
0.8226
0.802
0.8121
0.6589
0.7729
0.8059
0.7721
0.7906
0.6562
0.7721
0.8042
0.7715
0.7905
0.6562
0.7625
0.794
0.7546
0.7806
0.6562
0.7567
0.7929
0.7428
0.7803
0.6562
0.6757
0.7788
0.6794
0.7713
0.6562
0.6757
0.7787
0.6794
0.7713
0.6562
0.6757
0.7787
0.6794
0.7713
0.6562
Rutherford
0.4069
0.8269
0.4067
0.8229
0.3932
0.7179
0.9263
0.7254
0.9215
0.3969
0.7663
0.927
0.7704
0.9219
0.4149
0.8641
0.9457
0.8653
0.9399
0.4149
0.8655
0.9472
0.8666
0.9401
0.4149
0.8958
0.9579
0.8954
0.9515
0.4149
0.8988
0.9581
0.8959
0.9516
0.4149
0.9248
0.9765
0.9259
0.972
0.5899
0.9454
0.993
0.947
0.99
0.7867
0.9747
0.9854
0.9754
0.9816
0.9004
0.9747
1.0
0.9752
0.9967
0.8999
0.972
0.9876
0.9728
0.982
0.8304
0.972
0.9876
0.9728
0.982
0.8304
0.9656
0.9867
0.9668
0.9808
0.7773
0.9371
0.9655
0.9371
0.9554
0.7045
0.8979
0.964
0.8983
0.9539
0.6791
0.8934
0.9277
0.8929
0.91
0.6697
0.8361
0.8992
0.8335
0.8734
0.666
0.834
0.8964
0.8315
0.8733
0.666
0.8141
0.8789
0.8028
0.8564
0.666
0.806
0.877
0.7864
0.8558
0.666
0.6931
0.8517
0.6982
0.8313
0.666
0.6931
0.8516
0.6982
0.8313
0.666
0.6931
0.8516
0.6982
0.8313
0.666
Softball
0.437
0.6921
0.4369
0.6911
0.4289
0.6255
0.7453
0.6301
0.7422
0.4312
0.656
0.7457
0.6586
0.7425
0.4416
0.7058
0.7576
0.7067
0.7539
0.4416
0.7067
0.7585
0.7075
0.754
0.4416
0.7258
0.7652
0.7257
0.7612
0.4416
0.7278
0.7654
0.726
0.7613
0.4416
0.7443
0.777
0.7451
0.7741
0.546
0.7573
0.7873
0.7584
0.7854
0.6696
0.7757
0.7826
0.7763
0.7801
0.729
0.7756
0.7917
0.776
0.7896
0.7285
0.7739
0.7841
0.7745
0.7804
0.6934
0.7739
0.7841
0.7745
0.7804
0.6934
0.7697
0.7835
0.7705
0.7796
0.6631
0.7518
0.7703
0.7518
0.7637
0.617
0.7272
0.7693
0.7276
0.7627
0.6011
0.7243
0.7465
0.7241
0.7351
0.5951
0.6943
0.7283
0.6939
0.7117
0.5927
0.6937
0.7265
0.6934
0.7116
0.5927
0.6858
0.7155
0.679
0.7009
0.5927
0.6808
0.7143
0.6685
0.7006
0.5927
0.6098
0.6992
0.6131
0.6932
0.5927
0.6098
0.6991
0.6131
0.6932
0.5927
0.6098
0.6991
0.6131
0.6932
0.5927
Ezell
0.7139
0.6754
0.7139
0.6828
0.7134
0.7001
0.5589
0.6986
0.5633
0.7136
0.6933
0.5582
0.6926
0.563
0.7139
0.6165
0.541
0.6155
0.5464
0.7139
0.6151
0.5397
0.6143
0.5463
0.7139
0.5869
0.5296
0.5875
0.5355
0.7139
0.5842
0.5294
0.587
0.5354
0.7139
0.5602
0.5121
0.5594
0.5163
0.7209
0.5408
0.4964
0.5395
0.4992
0.6924
0.5134
0.5036
0.5128
0.5071
0.5832
0.513
0.4894
0.5127
0.4929
0.5832
0.5156
0.5021
0.5149
0.5069
0.6695
0.5156
0.5021
0.5149
0.5069
0.6695
0.5212
0.5029
0.5203
0.5079
0.6922
0.5479
0.5231
0.5481
0.5319
0.7017
0.585
0.5244
0.5848
0.5333
0.7054
0.5891
0.5586
0.5898
0.5744
0.7064
0.6577
0.5849
0.6631
0.608
0.7069
0.6616
0.5874
0.6668
0.6081
0.7069
0.6858
0.6036
0.6881
0.6237
0.7069
0.6869
0.6055
0.69
0.6243
0.7069
0.7032
0.6313
0.7027
0.6672
0.7069
0.7032
0.6316
0.7027
0.6672
0.7069
0.7032
0.6316
0.7027
0.6672
0.7069
MtsuBlvdG
0.52
0.6435
0.5199
0.6457
0.5158
0.615
0.6367
0.6169
0.6363
0.5169
0.6298
0.6368
0.6309
0.6363
0.5222
0.6304
0.6388
0.6307
0.6382
0.5222
0.6305
0.639
0.6308
0.6382
0.5222
0.6335
0.6399
0.6336
0.6393
0.5222
0.6339
0.64
0.6337
0.6393
0.5222
0.6366
0.6417
0.6369
0.6412
0.5778
0.6386
0.6432
0.6388
0.6428
0.6373
0.6414
0.6425
0.6415
0.642
0.6344
0.6411
0.6437
0.6413
0.6435
0.6341
0.6408
0.643
0.641
0.6422
0.6422
0.6408
0.643
0.641
0.6422
0.6422
0.64
0.6428
0.6402
0.642
0.6335
0.6373
0.641
0.6374
0.6397
0.6108
0.6338
0.6409
0.634
0.6395
0.6031
0.6333
0.6375
0.6334
0.6353
0.6
0.6382
0.6344
0.64
0.6313
0.5989
0.6393
0.6341
0.6411
0.6313
0.5989
0.6438
0.6323
0.6408
0.6295
0.5989
0.6414
0.6322
0.6356
0.6295
0.5989
0.6072
0.6313
0.6088
0.6411
0.5989
0.6072
0.6313
0.6088
0.6411
0.5989
0.6072
0.6313
0.6088
0.6411
0.5989
Rec
0.6249
0.675
0.6249
0.6798
0.6222
0.6718
0.6119
0.6721
0.614
0.6229
0.6764
0.6116
0.6767
0.6138
0.6263
0.6388
0.6035
0.6384
0.6061
0.6263
0.6382
0.603
0.6379
0.606
0.6263
0.6249
0.5982
0.6253
0.601
0.6263
0.6237
0.5981
0.6251
0.6009
0.6263
0.6126
0.59
0.6123
0.5919
0.662
0.6034
0.5825
0.6028
0.5837
0.68
0.5905
0.5859
0.5902
0.5875
0.6234
0.5901
0.5791
0.5901
0.5808
0.6233
0.5913
0.5853
0.5911
0.5875
0.6715
0.5913
0.5853
0.5911
0.5875
0.6715
0.5939
0.5857
0.5935
0.5879
0.6778
0.6065
0.5953
0.6066
0.5993
0.6703
0.6241
0.5959
0.6241
0.5999
0.668
0.626
0.6121
0.6264
0.6193
0.6669
0.6635
0.6243
0.6672
0.6348
0.6665
0.666
0.6254
0.6695
0.6348
0.6665
0.6803
0.633
0.6798
0.6422
0.6665
0.6795
0.6339
0.678
0.6424
0.6665
0.6691
0.6469
0.6698
0.6697
0.6665
0.6691
0.6471
0.6698
0.6697
0.6665
0.6691
0.6471
0.6698
0.6697
0.6665
Abernathy
0.7991
0.7874
0.7991
0.7956
0.7968
0.8115
0.6429
0.8103
0.6489
0.7974
0.8054
0.642
0.8047
0.6484
0.8003
0.7196
0.619
0.7182
0.6262
0.8003
0.7178
0.6173
0.7167
0.6261
0.8003
0.6803
0.6039
0.6809
0.6118
0.8003
0.6767
0.6036
0.6803
0.6116
0.8003
0.6445
0.5807
0.6433
0.5862
0.8298
0.6189
0.56
0.617
0.5636
0.8044
0.5825
0.5694
0.5815
0.5742
0.675
0.5821
0.5506
0.5816
0.5553
0.6753
0.5856
0.5672
0.5847
0.5738
0.7803
0.5856
0.5672
0.5847
0.5738
0.7803
0.5933
0.5683
0.592
0.5752
0.8042
0.6287
0.5949
0.6289
0.6069
0.8129
0.6777
0.5968
0.6773
0.6089
0.8163
0.6832
0.6422
0.684
0.6634
0.8172
0.7678
0.6775
0.7736
0.7087
0.8177
0.7722
0.6808
0.7777
0.7088
0.8177
0.7988
0.7025
0.8008
0.7297
0.8177
0.7998
0.7049
0.8026
0.7304
0.8177
0.8143
0.7382
0.8138
0.7785
0.8177
0.8143
0.7385
0.8138
0.7785
0.8177
0.8143
0.7385
0.8138
0.7785
0.8177
MTSU
0.3111
0.6269
0.311
0.6231
0.3023
0.5365
0.7417
0.5426
0.7358
0.3047
0.5763
0.7426
0.5797
0.7363
0.3161
0.6648
0.7657
0.6664
0.7586
0.3161
0.6666
0.7675
0.668
0.7587
0.3161
0.7039
0.7807
0.7035
0.7728
0.3161
0.7077
0.781
0.7042
0.773
0.3161
0.7399
0.8037
0.7412
0.7981
0.4319
0.7653
0.824
0.7672
0.8202
0.5935
0.8013
0.8146
0.8023
0.8098
0.7098
0.8013
0.8329
0.8019
0.8286
0.7091
0.7979
0.8175
0.799
0.8104
0.6303
0.7979
0.8175
0.799
0.8104
0.6303
0.79
0.8163
0.7915
0.8089
0.5855
0.7549
0.7902
0.7548
0.7777
0.5255
0.7066
0.7884
0.7072
0.7758
0.5047
0.701
0.7436
0.7004
0.7217
0.4969
0.6354
0.7084
0.6331
0.6764
0.4938
0.6334
0.7049
0.6312
0.6762
0.4938
0.6155
0.6834
0.6063
0.6554
0.4938
0.6089
0.681
0.5928
0.6547
0.4938
0.5161
0.6505
0.5203
0.6309
0.4938
0.5161
0.6503
0.5203
0.6309
0.4938
0.5161
0.6503
0.5203
0.6309
0.4938
Highland
0.2754
0.7058
0.2752
0.6997
0.263
0.5852
0.8576
0.5937
0.8502
0.2664
0.6376
0.8587
0.6423
0.8509
0.2827
0.7615
0.8872
0.7636
0.8782
0.2827
0.7638
0.8894
0.7655
0.8784
0.2827
0.8106
0.9061
0.8099
0.8961
0.2827
0.8151
0.9064
0.8107
0.8963
0.2827
0.855
0.9349
0.8563
0.9278
0.4444
0.887
0.9608
0.8891
0.9561
0.6583
0.9324
0.9489
0.9334
0.9429
0.817
0.933
0.9718
0.9334
0.9667
0.8167
0.9286
0.9521
0.9298
0.9435
0.71
0.9286
0.9521
0.9298
0.9435
0.71
0.9191
0.9507
0.9207
0.9419
0.6491
0.875
0.9176
0.8747
0.9024
0.5707
0.8136
0.9154
0.814
0.9001
0.5431
0.8068
0.859
0.8057
0.832
0.5332
0.7199
0.8159
0.7153
0.7767
0.5291
0.7167
0.8117
0.7123
0.7765
0.5291
0.69
0.785
0.6772
0.7508
0.5291
0.6813
0.782
0.6597
0.7499
0.5291
0.5586
0.7422
0.5639
0.7126
0.5291
0.5586
0.742
0.5639
0.7126
0.5291
0.5586
0.742
0.5639
0.7126
0.5291
MEC
0.2505
0.6391
0.2503
0.6334
0.2399
0.527
0.7919
0.535
0.7843
0.2428
0.5756
0.793
0.5801
0.7849
0.2567
0.6933
0.8222
0.6955
0.8129
0.2567
0.6956
0.8244
0.6975
0.8131
0.2567
0.7436
0.8415
0.7429
0.8313
0.2567
0.7483
0.8419
0.7438
0.8315
0.2567
0.7892
0.871
0.7904
0.8637
0.3963
0.8219
0.8975
0.8241
0.8927
0.5948
0.8685
0.8854
0.8695
0.8792
0.7502
0.8691
0.9089
0.8695
0.9036
0.7499
0.8646
0.8887
0.8658
0.8799
0.6432
0.8646
0.8887
0.8658
0.8799
0.6432
0.8549
0.8873
0.8565
0.8782
0.5863
0.8096
0.8534
0.8093
0.8377
0.5136
0.7467
0.8511
0.7471
0.8354
0.488
0.7397
0.7933
0.7386
0.7656
0.4788
0.6525
0.7491
0.6482
0.7089
0.475
0.6495
0.7448
0.6453
0.7088
0.475
0.6244
0.7175
0.6124
0.6825
0.475
0.6162
0.7145
0.5962
0.6815
0.475
0.5023
0.6739
0.5073
0.6457
0.475
0.5023
0.6736
0.5073
0.6457
0.475
0.5023
0.6736
0.5073
0.6457
0.475
Jackson
0.22
0.6464
0.2198
0.6396
0.2084
0.5228
0.819
0.5315
0.8105
0.2116
0.5761
0.8202
0.5809
0.8112
0.2269
0.7091
0.8528
0.7115
0.8425
0.2269
0.7117
0.8553
0.7138
0.8427
0.2269
0.7652
0.8743
0.7644
0.8629
0.2269
0.7704
0.8747
0.7654
0.8632
0.2269
0.816
0.9072
0.8175
0.8991
0.3796
0.8525
0.9367
0.8549
0.9313
0.5972
0.9043
0.9232
0.9055
0.9163
0.7726
0.9049
0.9494
0.9054
0.9434
0.7722
0.8999
0.9268
0.9013
0.9171
0.6512
0.8999
0.9268
0.9013
0.9171
0.6512
0.8891
0.9253
0.8909
0.9151
0.5878
0.8386
0.8876
0.8384
0.8701
0.5081
0.7687
0.885
0.7691
0.8675
0.4801
0.7609
0.8206
0.7596
0.7898
0.47
0.6621
0.7713
0.6571
0.7264
0.4659
0.6586
0.7665
0.6537
0.7263
0.4659
0.6295
0.736
0.6164
0.6969
0.4659
0.6206
0.7326
0.5987
0.6958
0.4659
0.4957
0.6873
0.5012
0.654
0.4659
0.4957
0.687
0.5012
0.654
0.4659
0.4957
0.687
0.5012
0.654
0.4659
Livestock
0.1594
0.2039
0.1594
0.2022
0.1624
0.1694
0.3204
0.1715
0.3135
0.1616
0.1844
0.3214
0.1856
0.3141
0.1575
0.2306
0.3484
0.2324
0.34
0.1575
0.2326
0.3504
0.2343
0.3402
0.1575
0.2763
0.3659
0.2758
0.3567
0.1575
0.2806
0.3662
0.2765
0.3569
0.1575
0.3182
0.3928
0.3197
0.3862
0.1308
0.3479
0.4166
0.3502
0.4122
0.1915
0.3901
0.4056
0.3912
0.4
0.2829
0.3902
0.4273
0.3909
0.422
0.2823
0.3862
0.4089
0.3874
0.4006
0.2058
0.3862
0.4089
0.3874
0.4006
0.2058
0.377
0.4075
0.3787
0.399
0.1881
0.336
0.377
0.3359
0.3624
0.1653
0.2794
0.3748
0.2799
0.3602
0.1575
0.2729
0.3224
0.2721
0.2969
0.1544
0.2076
0.2814
0.2068
0.2441
0.1533
0.2067
0.2774
0.206
0.244
0.1533
0.199
0.2522
0.1957
0.2197
0.1533
0.1965
0.2495
0.1905
0.2189
0.1533
0.1617
0.2149
0.1633
0.2056
0.1533
0.1617
0.2148
0.1633
0.2056
0.1533
0.1617
0.2148
0.1633
0.2056
0.1533
Greenhouse
0.4214
0.3729
0.4215
0.3763
0.4247
0.3796
0.3682
0.3789
0.367
0.4238
0.3789
0.3684
0.3785
0.3671
0.4193
0.3532
0.373
0.3535
0.3716
0.4193
0.3535
0.3734
0.3538
0.3717
0.4193
0.3607
0.3759
0.3607
0.3743
0.4193
0.3615
0.3759
0.3608
0.3744
0.4193
0.368
0.3804
0.3684
0.3792
0.3845
0.3728
0.3841
0.3733
0.3833
0.3802
0.3798
0.3824
0.38
0.3814
0.3623
0.3795
0.3859
0.3798
0.3849
0.3619
0.3788
0.3832
0.3791
0.3815
0.3709
0.3788
0.3832
0.3791
0.3815
0.3709
0.3771
0.3829
0.3775
0.3812
0.3792
0.3704
0.3781
0.3704
0.3753
0.3798
0.3613
0.3777
0.3615
0.3749
0.3804
0.3601
0.3691
0.3601
0.3644
0.3802
0.3646
0.3619
0.3675
0.3551
0.3803
0.3664
0.3612
0.3692
0.3551
0.3803
0.3772
0.3569
0.378
0.3509
0.3803
0.3773
0.3565
0.378
0.3508
0.3803
0.3798
0.3529
0.3799
0.3689
0.3803
0.3798
0.353
0.3799
0.3689
0.3803
0.3798
0.353
0.3799
0.3689
0.3803
ChampionWayG
0.3761
0.0468
0.3761
0.054
0.3903
0.1193
0.0
0.1142
0.0
0.3864
0.0903
0.0
0.0874
0.0
0.3676
0.0
0.0
0.0
0.0
0.3676
0.0
0.0
0.0
0.0
0.3676
0.0
0.0
0.0
0.0
0.3676
0.0
0.0
0.0
0.0
0.3676
0.0
0.0
0.0
0.0
0.1991
0.0
0.0
0.0
0.0
0.0795
0.0
0.0
0.0
0.0
0.0
0.0
0.0
0.0
0.0
0.0
0.0
0.0
0.0
0.0
0.0416
0.0
0.0
0.0
0.0
0.0416
0.0
0.0
0.0
0.0
0.0843
0.0
0.0
0.0
0.0
0.1276
0.0
0.0
0.0
0.0
0.143
0.0
0.0
0.0
0.0
0.1484
0.0302
0.0
0.0354
0.0
0.1506
0.0339
0.0
0.0389
0.0
0.1506
0.0606
0.0
0.068
0.0
0.1506
0.0655
0.0
0.0776
0.0
0.1506
0.1342
0.0033
0.1312
0.0386
0.1506
0.1342
0.0036
0.1312
0.0386
0.1506
0.1342
0.0036
0.1312
0.0386
0.1506
Greenland
0.1093
0.0
0.1094
0.0
0.1187
0.0
0.1029
0.0
0.0961
0.1161
0.0
0.1038
0.0
0.0966
0.1038
0.015
0.1298
0.0169
0.1216
0.1038
0.017
0.1318
0.0187
0.1218
0.1038
0.0598
0.1471
0.0593
0.138
0.1038
0.064
0.1474
0.0601
0.1382
0.1038
0.1004
0.1734
0.1017
0.1669
0.0
0.1296
0.197
0.1317
0.1927
0.0
0.1712
0.1861
0.1722
0.1807
0.0658
0.1716
0.2074
0.1721
0.2024
0.0655
0.1675
0.1891
0.1687
0.1813
0.0
0.1675
0.1891
0.1687
0.1813
0.0
0.1588
0.1878
0.1604
0.1798
0.0
0.1185
0.1577
0.1184
0.1437
0.0
0.0625
0.1557
0.0631
0.1417
0.0
0.0563
0.1041
0.0555
0.0795
0.0
0.0
0.0647
0.0
0.0289
0.0
0.0
0.0608
0.0
0.0287
0.0
0.0
0.0365
0.0
0.0053
0.0
0.0
0.0338
0.0
0.0044
0.0
0.0
0.0
0.0
0.0
0.0
0.0
0.0
0.0
0.0
0.0
0.0
0.0
0.0
0.0
0.0
MiddleTN
0.0317
0.127
0.0317
0.1228
0.0345
0.0715
0.3032
0.0754
0.2934
0.0337
0.0946
0.3045
0.0968
0.2942
0.0301
0.1766
0.3421
0.1794
0.3302
0.0301
0.1795
0.3449
0.182
0.3305
0.0301
0.2411
0.3669
0.2404
0.3538
0.0301
0.2472
0.3674
0.2415
0.3541
0.0301
0.2997
0.4048
0.3016
0.3954
0.0089
0.3418
0.4387
0.3447
0.4325
0.1036
0.4016
0.4231
0.403
0.4152
0.2499
0.4021
0.4538
0.4028
0.4465
0.2494
0.3963
0.4275
0.398
0.4162
0.1302
0.3963
0.4275
0.398
0.4162
0.1302
0.3838
0.4257
0.386
0.414
0.0995
0.3257
0.3823
0.3255
0.3621
0.065
0.2451
0.3794
0.2458
0.3591
0.0528
0.2361
0.3052
0.2349
0.2696
0.0484
0.137
0.2483
0.1339
0.1965
0.0467
0.1348
0.2428
0.1318
0.1963
0.0467
0.118
0.2077
0.1122
0.1625
0.0467
0.1141
0.2038
0.1045
0.1613
0.0467
0.0597
0.1533
0.0621
0.132
0.0467
0.0597
0.1531
0.0621
0.132
0.0467
0.0597
0.1531
0.0621
0.132
0.0467
