Rose
0.0257
0.0023
0.0258
0.0000
0.0269
0.0000
0.4533
0.0000
0.4377
0.0266
0.0000
0.4555
0.0000
0.4391
0.0251
0.2000
0.5113
0.2062
0.4948
0.0251
0.2073
0.5153
0.2128
0.4952
0.0251
0.3444
0.5440
0.3430
0.5272
0.0251
0.3562
0.5446
0.3451
0.5276
0.0251
0.4486
0.5896
0.4522
0.5791
0.0069
0.5106
0.6241
0.5151
0.6188
0.0000
0.5855
0.6097
0.5873
0.6012
0.3626
0.5857
0.6367
0.5868
0.6305
0.3608
0.5792
0.6144
0.5813
0.6021
0.0054
0.5792
0.6144
0.5813
0.6021
0.0054
0.5639
0.6123
0.5668
0.5995
0.0000
0.4869
0.5631
0.4867
0.5377
0.0000
0.3530
0.5594
0.3548
0.5336
0.0000
0.3350
0.4574
0.3330
0.3982
0.0000
0.0104
0.3569
0.0082
0.2456
0.0000
0.0085
0.3460
0.0064
0.2451
0.0000
0.0000
0.2710
0.0000
0.1571
0.0000
0.0000
0.2621
0.0000
0.1538
0.0000
0.0000
0.1273
0.0000
0.0060
0.0000
0.0000
0.1260
0.0000
0.0060
0.0000
0.0000
0.1260
0.0000
0.0060
0.0000
FairView
0.0257
0.0023
0.0258
0.0000
0.0269
0.0000
0.4533
0.0000
0.4377
0.0266
0.0000
0.4555
0.0000
0.4391
0.0251
0.2000
0.5113
0.2062
0.4948
0.0251
0.2073
0.5153
0.2128
0.4952
0.0251
0.3444
0.5440
0.3430
0.5272
0.0251
0.3562
0.5446
0.3451
0.5276
0.0251
0.4486
0.5896
0.4522
0.5791
0.0069
0.5106
0.6241
0.5151
0.6188
0.0000
0.5855
0.6097
0.5873
0.6012
0.3626
0.5857
0.6367
0.5868
0.6305
0.3608
0.5792
0.6144
0.5813
0.6021
0.0054
0.5792
0.6144
0.5813
0.6021
0.0054
0.5639
0.6123
0.5668
0.5995
0.0000
0.4869
0.5631
0.4867
0.5377
0.0000
0.3530
0.5594
0.3548
0.5336
0.0000
0.3350
0.4574
0.3330
0.3982
0.0000
0.0104
0.3569
0.0082
0.2456
0.0000
0.0085
0.3460
0.0064
0.2451
0.0000
0.0000
0.2710
0.0000
0.1571
0.0000
0.0000
0.2621
0.0000
0.1538
0.0000
0.0000
0.1273
0.0000
0.0060
0.0000
0.0000
0.1260
0.0000
0.0060
0.0000
0.0000
0.1260
0.0000
0.0060
0.0000
Bell
0.0257
0.0023
0.0258
0.0000
0.0269
0.0000
0.4533
0.0000
0.4377
0.0266
0.0000
0.4555
0.0000
0.4391
0.0251
0.2000
0.5113
0.2062
0.4948
0.0251
0.2073
0.5153
0.2128
0.4952
0.0251
0.3444
0.5440
0.3430
0.5272
0.0251
0.3562
0.5446
0.3451
0.5276
0.0251
0.4486
0.5896
0.4522
0.5791
0.0069
0.5106
0.6241
0.5151
0.6188
0.0000
0.5855
0.6097
0.5873
0.6012
0.3626
0.5857
0.6367
0.5868
0.6305
0.3608
0.5792
0.6144
0.5813
0.6021
0.0054
0.5792
0.6144
0.5813
0.6021
0.0054
0.5639
0.6123
0.5668
0.5995
0.0000
0.4869
0.5631
0.4867
0.5377
0.0000
0.3530
0.5594
0.3548
0.5336
0.0000
0.3350
0.4574
0.3330
0.3982
0.0000
0.0104
0.3569
0.0082
0.2456
0.0000
0.0085
0.3460
0.0064
0.2451
0.0000
0.0000
0.2710
0.0000
0.1571
0.0000
0.0000
0.2621
0.0000
0.1538
0.0000
0.0000
0.1273
0.0000
0.0060
0.0000
0.0000
0.1260
0.0000
0.0060
0.0000
0.0000
0.1260
0.0000
0.0060
0.0000
IngramN
0.0257
0.0023
0.0258
0.0000
0.0269
0.0000
0.4533
0.0000
0.4377
0.0266
0.0000
0.4555
0.0000
0.4391
0.0251
0.2000
0.5113
0.2062
0.4948
0.0251
0.2073
0.5153
0.2128
0.4952
0.0251
0.3444
0.5440
0.3430
0.5272
0.0251
0.3562
0.5446
0.3451
0.5276
0.0251
0.4486
0.5896
0.4522
0.5791
0.0069
0.5106
0.6241
0.5151
0.6188
0.0000
0.5855
0.6097
0.5873
0.6012
0.3626
0.5857
0.6367
0.5868
0.6305
0.3608
0.5792
0.6144
0.5813
0.6021
0.0054
0.5792
0.6144
0.5813
0.6021
0.0054
0.5639
0.6123
0.5668
0.5995
0.0000
0.4869
0.5631
0.4867
0.5377
0.0000
0.3530
0.5594
0.3548
0.5336
0.0000
0.3350
0.4574
0.3330
0.3982
0.0000
0.0104
0.3569
0.0082
0.2456
0.0000
0.0085
0.3460
0.0064
0.2451
0.0000
0.0000
0.2710
0.0000
0.1571
0.0000
0.0000
0.2621
0.0000
0.1538
0.0000
0.0000
0.1273
0.0000
0.0060
0.0000
0.0000
0.1260
0.0000
0.0060
0.0000
0.0000
0.1260
0.0000
0.0060
0.0000
IngramS
0.0257
0.0023
0.0258
0.0000
0.0269
0.0000
0.4533
0.0000
0.4377
0.0266
0.0000
0.4555
0.0000
0.4391
0.0251
0.2000
0.5113
0.2062
0.4948
0.0251
0.2073
0.5153
0.2128
0.4952
0.0251
0.3444
0.5440
0.3430
0.5272
0.0251
0.3562
0.5446
0.3451
0.5276
0.0251
0.4486
0.5896
0.4522
0.5791
0.0069
0.5106
0.6241
0.5151
0.6188
0.0000
0.5855
0.6097
0.5873
0.6012
0.3626
0.5857
0.6367
0.5868
0.6305
0.3608
0.5792
0.6144
0.5813
0.6021
0.0054
0.5792
0.6144
0.5813
0.6021
0.0054
0.5639
0.6123
0.5668
0.5995
0.0000
0.4869
0.5631
0.4867
0.5377
0.0000
0.3530
0.5594
0.3548
0.5336
0.0000
0.3350
0.4574
0.3330
0.3982
0.0000
0.0104
0.3569
0.0082
0.2456
0.0000
0.0085
0.3460
0.0064
0.2451
0.0000
0.0000
0.2710
0.0000
0.1571
0.0000
0.0000
0.2621
0.0000
0.1538
0.0000
0.0000
0.1273
0.0000
0.0060
0.0000
0.0000
0.1260
0.0000
0.0060
0.0000
0.0000
0.1260
0.0000
0.0060
0.0000
ParkingServ
0.0257
0.0023
0.0258
0.0000
0.0269
0.0000
0.4533
0.0000
0.4377
0.0266
0.0000
0.4555
0.0000
0.4391
0.0251
0.2000
0.5113
0.2062
0.4948
0.0251
0.2073
0.5153
0.2128
0.4952
0.0251
0.3444
0.5440
0.3430
0.5272
0.0251
0.3562
0.5446
0.3451
0.5276
0.0251
0.4486
0.5896
0.4522
0.5791
0.0069
0.5106
0.6241
0.5151
0.6188
0.0000
0.5855
0.6097
0.5873
0.6012
0.3626
0.5857
0.6367
0.5868
0.6305
0.3608
0.5792
0.6144
0.5813
0.6021
0.0054
0.5792
0.6144
0.5813
0.6021
0.0054
0.5639
0.6123
0.5668
0.5995
0.0000
0.4869
0.5631
0.4867
0.5377
0.0000
0.3530
0.5594
0.3548
0.5336
0.0000
0.3350
0.4574
0.3330
0.3982
0.0000
0.0104
0.3569
0.0082
0.2456
0.0000
0.0085
0.3460
0.0064
0.2451
0.0000
0.0000
0.2710
0.0000
0.1571
0.0000
0.0000
0.2621
0.0000
0.1538
0.0000
0.0000
0.1273
0.0000
0.0060
0.0000
0.0000
0.1260
0.0000
0.0060
0.0000
0.0000
0.1260
0.0000
0.0060
0.0000
MainSt
0.0257
0.0023
0.0258
0.0000
0.0269
0.0000
0.4533
0.0000
0.4377
0.0266
0.0000
0.4555
0.0000
0.4391
0.0251
0.2000
0.5113
0.2062
0.4948
0.0251
0.2073
0.5153
0.2128
0.4952
0.0251
0.3444
0.5440
0.3430
0.5272
0.0251
0.3562
0.5446
0.3451
0.5276
0.0251
0.4486
0.5896
0.4522
0.5791
0.0069
0.5106
0.6241
0.5151
0.6188
0.0000
0.5855
0.6097
0.5873
0.6012
0.3626
0.5857
0.6367
0.5868
0.6305
0.3608
0.5792
0.6144
0.5813
0.6021
0.0054
0.5792
0.6144
0.5813
0.6021
0.0054
0.5639
0.6123
0.5668
0.5995
0.0000
0.4869
0.5631
0.4867
0.5377
0.0000
0.3530
0.5594
0.3548
0.5336
0.0000
0.3350
0.4574
0.3330
0.3982
0.0000
0.0104
0.3569
0.0082
0.2456
0.0000
0.0085
0.3460
0.0064
0.2451
0.0000
0.0000
0.2710
0.0000
0.1571
0.0000
0.0000
0.2621
0.0000
0.1538
0.0000
0.0000
0.1273
0.0000
0.0060
0.0000
0.0000
0.1260
0.0000
0.0060
0.0000
0.0000
0.1260
0.0000
0.0060
0.0000
PublicSafety
0.0257
0.0023
0.0258
0.0000
0.0269
0.0000
0.4533
0.0000
0.4377
0.0266
0.0000
0.4555
0.0000
0.4391
0.0251
0.2000
0.5113
0.2062
0.4948
0.0251
0.2073
0.5153
0.2128
0.4952
0.0251
0.3444
0.5440
0.3430
0.5272
0.0251
0.3562
0.5446
0.3451
0.5276
0.0251
0.4486
0.5896
0.4522
0.5791
0.0069
0.5106
0.6241
0.5151
0.6188
0.0000
0.5855
0.6097
0.5873
0.6012
0.3626
0.5857
0.6367
0.5868
0.6305
0.3608
0.5792
0.6144
0.5813
0.6021
0.0054
0.5792
0.6144
0.5813
0.6021
0.0054
0.5639
0.6123
0.5668
0.5995
0.0000
0.4869
0.5631
0.4867
0.5377
0.0000
0.3530
0.5594
0.3548
0.5336
0.0000
0.3350
0.4574
0.3330
0.3982
0.0000
0.0104
0.3569
0.0082
0.2456
0.0000
0.0085
0.3460
0.0064
0.2451
0.0000
0.0000
0.2710
0.0000
0.1571
0.0000
0.0000
0.2621
0.0000
0.1538
0.0000
0.0000
0.1273
0.0000
0.0060
0.0000
0.0000
0.1260
0.0000
0.0060
0.0000
0.0000
0.1260
0.0000
0.0060
0.0000
CollegeHeights
0.0257
0.0023
0.0258
0.0000
0.0269
0.0000
0.4533
0.0000
0.4377
0.0266
0.0000
0.4555
0.0000
0.4391
0.0251
0.2000
0.5113
0.2062
0.4948
0.0251
0.2073
0.5153
0.2128
0.4952
0.0251
0.3444
0.5440
0.3430
0.5272
0.0251
0.3562
0.5446
0.3451
0.5276
0.0251
0.4486
0.5896
0.4522
0.5791
0.0069
0.5106
0.6241
0.5151
0.6188
0.0000
0.5855
0.6097
0.5873
0.6012
0.3626
0.5857
0.6367
0.5868
0.6305
0.3608
0.5792
0.6144
0.5813
0.6021
0.0054
0.5792
0.6144
0.5813
0.6021
0.0054
0.5639
0.6123
0.5668
0.5995
0.0000
0.4869
0.5631
0.4867
0.5377
0.0000
0.3530
0.5594
0.3548
0.5336
0.0000
0.3350
0.4574
0.3330
0.3982
0.0000
0.0104
0.3569
0.0082
0.2456
0.0000
0.0085
0.3460
0.0064
0.2451
0.0000
0.0000
0.2710
0.0000
0.1571
0.0000
0.0000
0.2621
0.0000
0.1538
0.0000
0.0000
0.1273
0.0000
0.0060
0.0000
0.0000
0.1260
0.0000
0.0060
0.0000
0.0000
0.1260
0.0000
0.0060
0.0000
SportsPlex
0.0257
0.0023
0.0258
0.0000
0.0269
0.0000
0.4533
0.0000
0.4377
0.0266
0.0000
0.4555
0.0000
0.4391
0.0251
0.2000
0.5113
0.2062
0.4948
0.0251
0.2073
0.5153
0.2128
0.4952
0.0251
0.3444
0.5440
0.3430
0.5272
0.0251
0.3562
0.5446
0.3451
0.5276
0.0251
0.4486
0.5896
0.4522
0.5791
0.0069
0.5106
0.6241
0.5151
0.6188
0.0000
0.5855
0.6097
0.5873
0.6012
0.3626
0.5857
0.6367
0.5868
0.6305
0.3608
0.5792
0.6144
0.5813
0.6021
0.0054
0.5792
0.6144
0.5813
0.6021
0.0054
0.5639
0.6123
0.5668
0.5995
0.0000
0.4869
0.5631
0.4867
0.5377
0.0000
0.3530
0.5594
0.3548
0.5336
0.0000
0.3350
0.4574
0.3330
0.3982
0.0000
0.0104
0.3569
0.0082
0.2456
0.0000
0.0085
0.3460
0.0064
0.2451
0.0000
0.0000
0.2710
0.0000
0.1571
0.0000
0.0000
0.2621
0.0000
0.1538
0.0000
0.0000
0.1273
0.0000
0.0060
0.0000
0.0000
0.1260
0.0000
0.0060
0.0000
0.0000
0.1260
0.0000
0.0060
0.0000
CityView
0.0257
0.0023
0.0258
0.0000
0.0269
0.0000
0.4533
0.0000
0.4377
0.0266
0.0000
0.4555
0.0000
0.4391
0.0251
0.2000
0.5113
0.2062
0.4948
0.0251
0.2073
0.5153
0.2128
0.4952
0.0251
0.3444
0.5440
0.3430
0.5272
0.0251
0.3562
0.5446
0.3451
0.5276
0.0251
0.4486
0.5896
0.4522
0.5791
0.0069
0.5106
0.6241
0.5151
0.6188
0.0000
0.5855
0.6097
0.5873
0.6012
0.3626
0.5857
0.6367
0.5868
0.6305
0.3608
0.5792
0.6144
0.5813
0.6021
0.0054
0.5792
0.6144
0.5813
0.6021
0.0054
0.5639
0.6123
0.5668
0.5995
0.0000
0.4869
0.5631
0.4867
0.5377
0.0000
0.3530
0.5594
0.3548
0.5336
0.0000
0.3350
0.4574
0.3330
0.3982
0.0000
0.0104
0.3569
0.0082
0.2456
0.0000
0.0085
0.3460
0.0064
0.2451
0.0000
0.0000
0.2710
0.0000
0.1571
0.0000
0.0000
0.2621
0.0000
0.1538
0.0000
0.0000
0.1273
0.0000
0.0060
0.0000
0.0000
0.1260
0.0000
0.0060
0.0000
0.0000
0.1260
0.0000
0.0060
0.0000
GreekRow
0.0257
0.0023
0.0258
0.0000
0.0269
0.0000
0.4533
0.0000
0.4377
0.0266
0.0000
0.4555
0.0000
0.4391
0.0251
0.2000
0.5113
0.2062
0.4948
0.0251
0.2073
0.5153
0.2128
0.4952
0.0251
0.3444
0.5440
0.3430
0.5272
0.0251
0.3562
0.5446
0.3451
0.5276
0.0251
0.4486
0.5896
0.4522
0.5791
0.0069
0.5106
0.6241
0.5151
0.6188
0.0000
0.5855
0.6097
0.5873
0.6012
0.3626
0.5857
0.6367
0.5868
0.6305
0.3608
0.5792
0.6144
0.5813
0.6021
0.0054
0.5792
0.6144
0.5813
0.6021
0.0054
0.5639
0.6123
0.5668
0.5995
0.0000
0.4869
0.5631
0.4867
0.5377
0.0000
0.3530
0.5594
0.3548
0.5336
0.0000
0.3350
0.4574
0.3330
0.3982
0.0000
0.0104
0.3569
0.0082
0.2456
0.0000
0.0085
0.3460
0.0064
0.2451
0.0000
0.0000
0.2710
0.0000
0.1571
0.0000
0.0000
0.2621
0.0000
0.1538
0.0000
0.0000
0.1273
0.0000
0.0060
0.0000
0.0000
0.1260
0.0000
0.0060
0.0000
0.0000
0.1260
0.0000
0.0060
0.0000
Rutherford
0.0257
0.0023
0.0258
0.0000
0.0269
0.0000
0.4533
0.0000
0.4377
0.0266
0.0000
0.4555
0.0000
0.4391
0.0251
0.2000
0.5113
0.2062
0.4948
0.0251
0.2073
0.5153
0.2128
0.4952
0.0251
0.3444
0.5440
0.3430
0.5272
0.0251
0.3562
0.5446
0.3451
0.5276
0.0251
0.4486
0.5896
0.4522
0.5791
0.0069
0.5106
0.6241
0.5151
0.6188
0.0000
0.5855
0.6097
0.5873
0.6012
0.3626
0.5857
0.6367
0.5868
0.6305
0.3608
0.5792
0.6144
0.5813
0.6021
0.0054
0.5792
0.6144
0.5813
0.6021
0.0054
0.5639
0.6123
0.5668
0.5995
0.0000
0.4869
0.5631
0.4867
0.5377
0.0000
0.3530
0.5594
0.3548
0.5336
0.0000
0.3350
0.4574
0.3330
0.3982
0.0000
0.0104
0.3569
0.0082
0.2456
0.0000
0.0085
0.3460
0.0064
0.2451
0.0000
0.0000
0.2710
0.0000
0.1571
0.0000
0.0000
0.2621
0.0000
0.1538
0.0000
0.0000
0.1273
0.0000
0.0060
0.0000
0.0000
0.1260
0.0000
0.0060
0.0000
0.0000
0.1260
0.0000
0.0060
0.0000
Softball
0.0257
0.0023
0.0258
0.0000
0.0269
0.0000
0.4533
0.0000
0.4377
0.0266
0.0000
0.4555
0.0000
0.4391
0.0251
0.2000
0.5113
0.2062
0.4948
0.0251
0.2073
0.5153
0.2128
0.4952
0.0251
0.3444
0.5440
0.3430
0.5272
0.0251
0.3562
0.5446
0.3451
0.5276
0.0251
0.4486
0.5896
0.4522
0.5791
0.0069
0.5106
0.6241
0.5151
0.6188
0.0000
0.5855
0.6097
0.5873
0.6012
0.3626
0.5857
0.6367
0.5868
0.6305
0.3608
0.5792
0.6144
0.5813
0.6021
0.0054
0.5792
0.6144
0.5813
0.6021
0.0054
0.5639
0.6123
0.5668
0.5995
0.0000
0.4869
0.5631
0.4867
0.5377
0.0000
0.3530
0.5594
0.3548
0.5336
0.0000
0.3350
0.4574
0.3330
0.3982
0.0000
0.0104
0.3569
0.0082
0.2456
0.0000
0.0085
0.3460
0.0064
0.2451
0.0000
0.0000
0.2710
0.0000
0.1571
0.0000
0.0000
0.2621
0.0000
0.1538
0.0000
0.0000
0.1273
0.0000
0.0060
0.0000
0.0000
0.1260
0.0000
0.0060
0.0000
0.0000
0.1260
0.0000
0.0060
0.0000
Ezell
0.0257
0.0023
0.0258
0.0000
0.0269
0.0000
0.4533
0.0000
0.4377
0.0266
0.0000
0.4555
0.0000
0.4391
0.0251
0.2000
0.5113
0.2062
0.4948
0.0251
0.2073
0.5153
0.2128
0.4952
0.0251
0.3444
0.5440
0.3430
0.5272
0.0251
0.3562
0.5446
0.3451
0.5276
0.0251
0.4486
0.5896
0.4522
0.5791
0.0069
0.5106
0.6241
0.5151
0.6188
0.0000
0.5855
0.6097
0.5873
0.6012
0.3626
0.5857
0.6367
0.5868
0.6305
0.3608
0.5792
0.6144
0.5813
0.6021
0.0054
0.5792
0.6144
0.5813
0.6021
0.0054
0.5639
0.6123
0.5668
0.5995
0.0000
0.4869
0.5631
0.4867
0.5377
0.0000
0.3530
0.5594
0.3548
0.5336
0.0000
0.3350
0.4574
0.3330
0.3982
0.0000
0.0104
0.3569
0.0082
0.2456
0.0000
0.0085
0.3460
0.0064
0.2451
0.0000
0.0000
0.2710
0.0000
0.1571
0.0000
0.0000
0.2621
0.0000
0.1538
0.0000
0.0000
0.1273
0.0000
0.0060
0.0000
0.0000
0.1260
0.0000
0.0060
0.0000
0.0000
0.1260
0.0000
0.0060
0.0000
MtsuBlvdG
0.0257
0.0023
0.0258
0.0000
0.0269
0.0000
0.4533
0.0000
0.4377
0.0266
0.0000
0.4555
0.0000
0.4391
0.0251
0.2000
0.5113
0.2062
0.4948
0.0251
0.2073
0.5153
0.2128
0.4952
0.0251
0.3444
0.5440
0.3430
0.5272
0.0251
0.3562
0.5446
0.3451
0.5276
0.0251
0.4486
0.5896
0.4522
0.5791
0.0069
0.5106
0.6241
0.5151
0.6188
0.0000
0.5855
0.6097
0.5873
0.6012
0.3626
0.5857
0.6367
0.5868
0.6305
0.3608
0.5792
0.6144
0.5813
0.6021
0.0054
0.5792
0.6144
0.5813
0.6021
0.0054
0.5639
0.6123
0.5668
0.5995
0.0000
0.4869
0.5631
0.4867
0.5377
0.0000
0.3530
0.5594
0.3548
0.5336
0.0000
0.3350
0.4574
0.3330
0.3982
0.0000
0.0104
0.3569
0.0082
0.2456
0.0000
0.0085
0.3460
0.0064
0.2451
0.0000
0.0000
0.2710
0.0000
0.1571
0.0000
0.0000
0.2621
0.0000
0.1538
0.0000
0.0000
0.1273
0.0000
0.0060
0.0000
0.0000
0.1260
0.0000
0.0060
0.0000
0.0000
0.1260
0.0000
0.0060
0.0000
Rec
0.0257
0.0023
0.0258
0.0000
0.0269
0.0000
0.4533
0.0000
0.4377
0.0266
0.0000
0.4555
0.0000
0.4391
0.0251
0.2000
0.5113
0.2062
0.4948
0.0251
0.2073
0.5153
0.2128
0.4952
0.0251
0.3444
0.5440
0.3430
0.5272
0.0251
0.3562
0.5446
0.3451
0.5276
0.0251
0.4486
0.5896
0.4522
0.5791
0.0069
0.5106
0.6241
0.5151
0.6188
0.0000
0.5855
0.6097
0.5873
0.6012
0.3626
0.5857
0.6367
0.5868
0.6305
0.3608
0.5792
0.6144
0.5813
0.6021
0.0054
0.5792
0.6144
0.5813
0.6021
0.0054
0.5639
0.6123
0.5668
0.5995
0.0000
0.4869
0.5631
0.4867
0.5377
0.0000
0.3530
0.5594
0.3548
0.5336
0.0000
0.3350
0.4574
0.3330
0.3982
0.0000
0.0104
0.3569
0.0082
0.2456
0.0000
0.0085
0.3460
0.0064
0.2451
0.0000
0.0000
0.2710
0.0000
0.1571
0.0000
0.0000
0.2621
0.0000
0.1538
0.0000
0.0000
0.1273
0.0000
0.0060
0.0000
0.0000
0.1260
0.0000
0.0060
0.0000
0.0000
0.1260
0.0000
0.0060
0.0000
Abernathy
0.0257
0.0023
0.0258
0.0000
0.0269
0.0000
0.4533
0.0000
0.4377
0.0266
0.0000
0.4555
0.0000
0.4391
0.0251
0.2000
0.5113
0.2062
0.4948
0.0251
0.2073
0.5153
0.2128
0.4952
0.0251
0.3444
0.5440
0.3430
0.5272
0.0251
0.3562
0.5446
0.3451
0.5276
0.0251
0.4486
0.5896
0.4522
0.5791
0.0069
0.5106
0.6241
0.5151
0.6188
0.0000
0.5855
0.6097
0.5873
0.6012
0.3626
0.5857
0.6367
0.5868
0.6305
0.3608
0.5792
0.6144
0.5813
0.6021
0.0054
0.5792
0.6144
0.5813
0.6021
0.0054
0.5639
0.6123
0.5668
0.5995
0.0000
0.4869
0.5631
0.4867
0.5377
0.0000
0.3530
0.5594
0.3548
0.5336
0.0000
0.3350
0.4574
0.3330
0.3982
0.0000
0.0104
0.3569
0.0082
0.2456
0.0000
0.0085
0.3460
0.0064
0.2451
0.0000
0.0000
0.2710
0.0000
0.1571
0.0000
0.0000
0.2621
0.0000
0.1538
0.0000
0.0000
0.1273
0.0000
0.0060
0.0000
0.0000
0.1260
0.0000
0.0060
0.0000
0.0000
0.1260
0.0000
0.0060
0.0000
MTSU
0.0257
0.0023
0.0258
0.0000
0.0269
0.0000
0.4533
0.0000
0.4377
0.0266
0.0000
0.4555
0.0000
0.4391
0.0251
0.2000
0.5113
0.2062
0.4948
0.0251
0.2073
0.5153
0.2128
0.4952
0.0251
0.3444
0.5440
0.3430
0.5272
0.0251
0.3562
0.5446
0.3451
0.5276
0.0251
0.4486
0.5896
0.4522
0.5791
0.0069
0.5106
0.6241
0.5151
0.6188
0.0000
0.5855
0.6097
0.5873
0.6012
0.3626
0.5857
0.6367
0.5868
0.6305
0.3608
0.5792
0.6144
0.5813
0.6021
0.0054
0.5792
0.6144
0.5813
0.6021
0.0054
0.5639
0.6123
0.5668
0.5995
0.0000
0.4869
0.5631
0.4867
0.5377
0.0000
0.3530
0.5594
0.3548
0.5336
0.0000
0.3350
0.4574
0.3330
0.3982
0.0000
0.0104
0.3569
0.0082
0.2456
0.0000
0.0085
0.3460
0.0064
0.2451
0.0000
0.0000
0.2710
0.0000
0.1571
0.0000
0.0000
0.2621
0.0000
0.1538
0.0000
0.0000
0.1273
0.0000
0.0060
0.0000
0.0000
0.1260
0.0000
0.0060
0.0000
0.0000
0.1260
0.0000
0.0060
0.0000
Highland
0.0257
0.0023
0.0258
0.0000
0.0269
0.0000
0.4533
0.0000
0.4377
0.0266
0.0000
0.4555
0.0000
0.4391
0.0251
0.2000
0.5113
0.2062
0.4948
0.0251
0.2073
0.5153
0.2128
0.4952
0.0251
0.3444
0.5440
0.3430
0.5272
0.0251
0.3562
0.5446
0.3451
0.5276
0.0251
0.4486
0.5896
0.4522
0.5791
0.0069
0.5106
0.6241
0.5151
0.6188
0.0000
0.5855
0.6097
0.5873
0.6012
0.3626
0.5857
0.6367
0.5868
0.6305
0.3608
0.5792
0.6144
0.5813
0.6021
0.0054
0.5792
0.6144
0.5813
0.6021
0.0054
0.5639
0.6123
0.5668
0.5995
0.0000
0.4869
0.5631
0.4867
0.5377
0.0000
0.3530
0.5594
0.3548
0.5336
0.0000
0.3350
0.4574
0.3330
0.3982
0.0000
0.0104
0.3569
0.0082
0.2456
0.0000
0.0085
0.3460
0.0064
0.2451
0.0000
0.0000
0.2710
0.0000
0.1571
0.0000
0.0000
0.2621
0.0000
0.1538
0.0000
0.0000
0.1273
0.0000
0.0060
0.0000
0.0000
0.1260
0.0000
0.0060
0.0000
0.0000
0.1260
0.0000
0.0060
0.0000
MEC
0.0257
0.0023
0.0258
0.0000
0.0269
0.0000
0.4533
0.0000
0.4377
0.0266
0.0000
0.4555
0.0000
0.4391
0.0251
0.2000
0.5113
0.2062
0.4948
0.0251
0.2073
0.5153
0.2128
0.4952
0.0251
0.3444
0.5440
0.3430
0.5272
0.0251
0.3562
0.5446
0.3451
0.5276
0.0251
0.4486
0.5896
0.4522
0.5791
0.0069
0.5106
0.6241
0.5151
0.6188
0.0000
0.5855
0.6097
0.5873
0.6012
0.3626
0.5857
0.6367
0.5868
0.6305
0.3608
0.5792
0.6144
0.5813
0.6021
0.0054
0.5792
0.6144
0.5813
0.6021
0.0054
0.5639
0.6123
0.5668
0.5995
0.0000
0.4869
0.5631
0.4867
0.5377
0.0000
0.3530
0.5594
0.3548
0.5336
0.0000
0.3350
0.4574
0.3330
0.3982
0.0000
0.0104
0.3569
0.0082
0.2456
0.0000
0.0085
0.3460
0.0064
0.2451
0.0000
0.0000
0.2710
0.0000
0.1571
0.0000
0.0000
0.2621
0.0000
0.1538
0.0000
0.0000
0.1273
0.0000
0.0060
0.0000
0.0000
0.1260
0.0000
0.0060
0.0000
0.0000
0.1260
0.0000
0.0060
0.0000
Jackson
0.0257
0.0023
0.0258
0.0000
0.0269
0.0000
0.4533
0.0000
0.4377
0.0266
0.0000
0.4555
0.0000
0.4391
0.0251
0.2000
0.5113
0.2062
0.4948
0.0251
0.2073
0.5153
0.2128
0.4952
0.0251
0.3444
0.5440
0.3430
0.5272
0.0251
0.3562
0.5446
0.3451
0.5276
0.0251
0.4486
0.5896
0.4522
0.5791
0.0069
0.5106
0.6241
0.5151
0.6188
0.0000
0.5855
0.6097
0.5873
0.6012
0.3626
0.5857
0.6367
0.5868
0.6305
0.3608
0.5792
0.6144
0.5813
0.6021
0.0054
0.5792
0.6144
0.5813
0.6021
0.0054
0.5639
0.6123
0.5668
0.5995
0.0000
0.4869
0.5631
0.4867
0.5377
0.0000
0.3530
0.5594
0.3548
0.5336
0.0000
0.3350
0.4574
0.3330
0.3982
0.0000
0.0104
0.3569
0.0082
0.2456
0.0000
0.0085
0.3460
0.0064
0.2451
0.0000
0.0000
0.2710
0.0000
0.1571
0.0000
0.0000
0.2621
0.0000
0.1538
0.0000
0.0000
0.1273
0.0000
0.0060
0.0000
0.0000
0.1260
0.0000
0.0060
0.0000
0.0000
0.1260
0.0000
0.0060
0.0000
Livestock
0.0257
0.0023
0.0258
0.0000
0.0269
0.0000
0.4533
0.0000
0.4377
0.0266
0.0000
0.4555
0.0000
0.4391
0.0251
0.2000
0.5113
0.2062
0.4948
0.0251
0.2073
0.5153
0.2128
0.4952
0.0251
0.3444
0.5440
0.3430
0.5272
0.0251
0.3562
0.5446
0.3451
0.5276
0.0251
0.4486
0.5896
0.4522
0.5791
0.0069
0.5106
0.6241
0.5151
0.6188
0.0000
0.5855
0.6097
0.5873
0.6012
0.3626
0.5857
0.6367
0.5868
0.6305
0.3608
0.5792
0.6144
0.5813
0.6021
0.0054
0.5792
0.6144
0.5813
0.6021
0.0054
0.5639
0.6123
0.5668
0.5995
0.0000
0.4869
0.5631
0.4867
0.5377
0.0000
0.3530
0.5594
0.3548
0.5336
0.0000
0.3350
0.4574
0.3330
0.3982
0.0000
0.0104
0.3569
0.0082
0.2456
0.0000
0.0085
0.3460
0.0064
0.2451
0.0000
0.0000
0.2710
0.0000
0.1571
0.0000
0.0000
0.2621
0.0000
0.1538
0.0000
0.0000
0.1273
0.0000
0.0060
0.0000
0.0000
0.1260
0.0000
0.0060
0.0000
0.0000
0.1260
0.0000
0.0060
0.0000
Greenhouse
0.0257
0.0023
0.0258
0.0000
0.0269
0.0000
0.4533
0.0000
0.4377
0.0266
0.0000
0.4555
0.0000
0.4391
0.0251
0.2000
0.5113
0.2062
0.4948
0.0251
0.2073
0.5153
0.2128
0.4952
0.0251
0.3444
0.5440
0.3430
0.5272
0.0251
0.3562
0.5446
0.3451
0.5276
0.0251
0.4486
0.5896
0.4522
0.5791
0.0069
0.5106
0.6241
0.5151
0.6188
0.0000
0.5855
0.6097
0.5873
0.6012
0.3626
0.5857
0.6367
0.5868
0.6305
0.3608
0.5792
0.6144
0.5813
0.6021
0.0054
0.5792
0.6144
0.5813
0.6021
0.0054
0.5639
0.6123
0.5668
0.5995
0.0000
0.4869
0.5631
0.4867
0.5377
0.0000
0.3530
0.5594
0.3548
0.5336
0.0000
0.3350
0.4574
0.3330
0.3982
0.0000
0.0104
0.3569
0.0082
0.2456
0.0000
0.0085
0.3460
0.0064
0.2451
0.0000
0.0000
0.2710
0.0000
0.1571
0.0000
0.0000
0.2621
0.0000
0.1538
0.0000
0.0000
0.1273
0.0000
0.0060
0.0000
0.0000
0.1260
0.0000
0.0060
0.0000
0.0000
0.1260
0.0000
0.0060
0.0000
ChampionWayG
0.0257
0.0023
0.0258
0.0000
0.0269
0.0000
0.4533
0.0000
0.4377
0.0266
0.0000
0.4555
0.0000
0.4391
0.0251
0.2000
0.5113
0.2062
0.4948
0.0251
0.2073
0.5153
0.2128
0.4952
0.0251
0.3444
0.5440
0.3430
0.5272
0.0251
0.3562
0.5446
0.3451
0.5276
0.0251
0.4486
0.5896
0.4522
0.5791
0.0069
0.5106
0.6241
0.5151
0.6188
0.0000
0.5855
0.6097
0.5873
0.6012
0.3626
0.5857
0.6367
0.5868
0.6305
0.3608
0.5792
0.6144
0.5813
0.6021
0.0054
0.5792
0.6144
0.5813
0.6021
0.0054
0.5639
0.6123
0.5668
0.5995
0.0000
0.4869
0.5631
0.4867
0.5377
0.0000
0.3530
0.5594
0.3548
0.5336
0.0000
0.3350
0.4574
0.3330
0.3982
0.0000
0.0104
0.3569
0.0082
0.2456
0.0000
0.0085
0.3460
0.0064
0.2451
0.0000
0.0000
0.2710
0.0000
0.1571
0.0000
0.0000
0.2621
0.0000
0.1538
0.0000
0.0000
0.1273
0.0000
0.0060
0.0000
0.0000
0.1260
0.0000
0.0060
0.0000
0.0000
0.1260
0.0000
0.0060
0.0000
Greenland
0.0257
0.0023
0.0258
0.0000
0.0269
0.0000
0.4533
0.0000
0.4377
0.0266
0.0000
0.4555
0.0000
0.4391
0.0251
0.2000
0.5113
0.2062
0.4948
0.0251
0.2073
0.5153
0.2128
0.4952
0.0251
0.3444
0.5440
0.3430
0.5272
0.0251
0.3562
0.5446
0.3451
0.5276
0.0251
0.4486
0.5896
0.4522
0.5791
0.0069
0.5106
0.6241
0.5151
0.6188
0.0000
0.5855
0.6097
0.5873
0.6012
0.3626
0.5857
0.6367
0.5868
0.6305
0.3608
0.5792
0.6144
0.5813
0.6021
0.0054
0.5792
0.6144
0.5813
0.6021
0.0054
0.5639
0.6123
0.5668
0.5995
0.0000
0.4869
0.5631
0.4867
0.5377
0.0000
0.3530
0.5594
0.3548
0.5336
0.0000
0.3350
0.4574
0.3330
0.3982
0.0000
0.0104
0.3569
0.0082
0.2456
0.0000
0.0085
0.3460
0.0064
0.2451
0.0000
0.0000
0.2710
0.0000
0.1571
0.0000
0.0000
0.2621
0.0000
0.1538
0.0000
0.0000
0.1273
0.0000
0.0060
0.0000
0.0000
0.1260
0.0000
0.0060
0.0000
0.0000
0.1260
0.0000
0.0060
0.0000
MiddleTN
0.0257
0.0023
0.0258
0.0000
0.0269
0.0000
0.4533
0.0000
0.4377
0.0266
0.0000
0.4555
0.0000
0.4391
0.0251
0.2000
0.5113
0.2062
0.4948
0.0251
0.2073
0.5153
0.2128
0.4952
0.0251
0.3444
0.5440
0.3430
0.5272
0.0251
0.3562
0.5446
0.3451
0.5276
0.0251
0.4486
0.5896
0.4522
0.5791
0.0069
0.5106
0.6241
0.5151
0.6188
0.0000
0.5855
0.6097
0.5873
0.6012
0.3626
0.5857
0.6367
0.5868
0.6305
0.3608
0.5792
0.6144
0.5813
0.6021
0.0054
0.5792
0.6144
0.5813
0.6021
0.0054
0.5639
0.6123
0.5668
0.5995
0.0000
0.4869
0.5631
0.4867
0.5377
0.0000
0.3530
0.5594
0.3548
0.5336
0.0000
0.3350
0.4574
0.3330
0.3982
0.0000
0.0104
0.3569
0.0082
0.2456
0.0000
0.0085
0.3460
0.0064
0.2451
0.0000
0.0000
0.2710
0.0000
0.1571
0.0000
0.0000
0.2621
0.0000
0.1538
0.0000
0.0000
0.1273
0.0000
0.0060
0.0000
0.0000
0.1260
0.0000
0.0060
0.0000
0.0000
0.1260
0.0000
0.0060
0.0000
