Rose
0.0
0.1324
0.0
0.1267
0.0
0.0647
0.2454
0.0694
0.2397
0.0
0.0926
0.2462
0.0953
0.2402
0.0
0.1768
0.2685
0.1782
0.2614
0.0
0.1783
0.2703
0.1795
0.2616
0.0
0.2105
0.2839
0.2101
0.2757
0.0
0.2139
0.2842
0.2107
0.2759
0.0
0.2434
0.3506
0.2445
0.3343
0.0056
0.2683
0.4073
0.2701
0.3973
0.1035
0.3442
0.3817
0.347
0.3684
0.2154
0.3444
0.4318
0.3462
0.4196
0.215
0.3345
0.3891
0.3377
0.3698
0.1363
0.3345
0.3891
0.3377
0.3698
0.1363
0.3111
0.3858
0.3155
0.3658
0.0986
0.2586
0.3101
0.2584
0.2809
0.0567
0.2128
0.3045
0.2131
0.279
0.0418
0.2079
0.2468
0.2072
0.2263
0.0364
0.1444
0.2147
0.1407
0.1869
0.0342
0.1417
0.2116
0.1381
0.1868
0.0342
0.1206
0.1929
0.1137
0.1697
0.0342
0.116
0.1909
0.1046
0.1691
0.0342
0.0502
0.1641
0.0532
0.1384
0.0342
0.0502
0.1639
0.0532
0.1384
0.0342
0.0502
0.1639
0.0532
0.1384
0.0342
FairView
0.1494
0.1182
0.1494
0.1169
0.1543
0.0989
0.1359
0.1005
0.135
0.1529
0.1071
0.136
0.1081
0.1351
0.1466
0.1251
0.1393
0.1255
0.1381
0.1466
0.1254
0.1396
0.1257
0.1382
0.1466
0.1305
0.1418
0.1305
0.1404
0.1466
0.131
0.1419
0.1306
0.1404
0.1466
0.1355
0.198
0.1355
0.1841
0.0923
0.1395
0.2466
0.1396
0.238
0.1097
0.1927
0.2247
0.1952
0.2133
0.131
0.1929
0.2675
0.1945
0.2572
0.1312
0.1843
0.231
0.1871
0.2145
0.1185
0.1843
0.231
0.1871
0.2145
0.1185
0.1643
0.2282
0.1681
0.2111
0.1086
0.1383
0.1633
0.1383
0.1414
0.0965
0.1307
0.1585
0.1307
0.1412
0.0921
0.13
0.1359
0.1298
0.1327
0.0906
0.1203
0.1314
0.1194
0.1272
0.09
0.1199
0.131
0.119
0.1271
0.09
0.1155
0.1283
0.1133
0.1247
0.09
0.1142
0.128
0.1107
0.1246
0.09
0.0947
0.1233
0.0956
0.1196
0.09
0.0947
0.1233
0.0956
0.1196
0.09
0.0947
0.1233
0.0956
0.1196
0.09
Bell
0.8641
0.436
0.8641
0.4491
0.8771
0.5553
0.114
0.548
0.13
0.8735
0.5075
0.1117
0.5035
0.1287
0.8566
0.3083
0.047
0.3049
0.0672
0.8566
0.3042
0.042
0.3011
0.0667
0.8566
0.2127
0.0039
0.2138
0.0265
0.8566
0.2034
0.0031
0.2121
0.026
0.8566
0.1185
0.0
0.1145
0.0
0.6913
0.0479
0.0
0.042
0.0
0.4869
0.0
0.0
0.0
0.0
0.1977
0.0
0.0
0.0
0.0
0.1995
0.0
0.0
0.0
0.0
0.4222
0.0
0.0
0.0
0.0
0.4222
0.0
0.0
0.0
0.0
0.4964
0.0772
0.0
0.0773
0.0126
0.5687
0.2057
0.0
0.2041
0.0183
0.5942
0.2198
0.1094
0.2211
0.1674
0.6038
0.402
0.2034
0.4107
0.2822
0.6076
0.4097
0.2121
0.418
0.2825
0.6076
0.4605
0.2662
0.4711
0.3323
0.6076
0.4683
0.272
0.4873
0.3339
0.6076
0.5802
0.3464
0.5752
0.4203
0.6076
0.5802
0.3471
0.5752
0.4203
0.6076
0.5802
0.3471
0.5752
0.4203
0.6076
IngramN
0.9657
0.6428
0.9657
0.6553
0.9735
0.7432
0.3213
0.7371
0.3374
0.9713
0.7035
0.319
0.7002
0.336
0.9612
0.5152
0.2546
0.5118
0.2747
0.9612
0.5111
0.2496
0.508
0.2743
0.9612
0.4198
0.2115
0.4209
0.2341
0.9612
0.4105
0.2107
0.4192
0.2336
0.9612
0.3258
0.195
0.3218
0.1981
0.8541
0.2554
0.1841
0.2494
0.186
0.6866
0.1961
0.189
0.1955
0.1915
0.4048
0.196
0.1794
0.1956
0.1817
0.4065
0.198
0.1876
0.1974
0.1913
0.6289
0.198
0.1876
0.1974
0.1913
0.6289
0.2025
0.1882
0.2016
0.1921
0.6943
0.2845
0.2029
0.2845
0.2202
0.7543
0.4128
0.2039
0.4112
0.2258
0.7755
0.4269
0.3169
0.4282
0.3747
0.7834
0.6087
0.4106
0.6175
0.4892
0.7865
0.6164
0.4193
0.6247
0.4895
0.7865
0.6645
0.4732
0.6734
0.5391
0.7865
0.671
0.479
0.6868
0.5407
0.7865
0.7638
0.5534
0.7597
0.627
0.7865
0.7638
0.5541
0.7597
0.627
0.7865
0.7638
0.5541
0.7597
0.627
0.7865
IngramS
0.895
0.7457
0.895
0.7545
0.8967
0.8005
0.4984
0.7974
0.5107
0.8962
0.7798
0.4966
0.7781
0.5097
0.8941
0.6475
0.447
0.6449
0.4625
0.8941
0.6444
0.4431
0.642
0.4621
0.8941
0.5742
0.4139
0.575
0.4312
0.8941
0.567
0.4133
0.5737
0.4309
0.8941
0.5018
0.3999
0.4986
0.4026
0.8593
0.4477
0.3905
0.443
0.3922
0.7706
0.401
0.3948
0.4004
0.397
0.5625
0.401
0.3864
0.4006
0.3885
0.5639
0.4027
0.3935
0.4021
0.3968
0.7348
0.4027
0.3935
0.4021
0.3968
0.7348
0.4067
0.3941
0.4059
0.3975
0.7749
0.4702
0.4067
0.4702
0.4206
0.8063
0.5688
0.4077
0.5675
0.4249
0.8173
0.5796
0.4948
0.5806
0.5394
0.8215
0.7195
0.5671
0.7262
0.6276
0.8232
0.7255
0.5738
0.7318
0.6278
0.8232
0.7594
0.6153
0.7639
0.6661
0.8232
0.7628
0.6197
0.771
0.6673
0.8232
0.8113
0.6768
0.8091
0.7336
0.8232
0.8113
0.6773
0.8091
0.7336
0.8232
0.8113
0.6773
0.8091
0.7336
0.8232
ParkingServ
1.0
0.8665
1.0
0.8762
1.0
0.9238
0.5918
0.9204
0.6056
1.0
0.9021
0.5898
0.9003
0.6044
1.0
0.7573
0.535
0.7544
0.5523
1.0
0.7538
0.5308
0.7512
0.5519
1.0
0.6758
0.4982
0.6768
0.5176
1.0
0.6679
0.4975
0.6754
0.5172
1.0
0.5957
0.4735
0.5923
0.4788
0.9831
0.5355
0.455
0.5304
0.4583
0.8933
0.4752
0.4633
0.4742
0.4676
0.6632
0.4749
0.4471
0.4744
0.4509
0.6644
0.4785
0.461
0.4774
0.4672
0.8544
0.4785
0.461
0.4774
0.4672
0.8544
0.486
0.4621
0.4846
0.4685
0.8971
0.5601
0.4869
0.5602
0.5056
0.9297
0.6699
0.4887
0.6686
0.5103
0.9413
0.682
0.5884
0.6832
0.6376
0.9455
0.8371
0.6682
0.8449
0.7351
0.9473
0.8438
0.6756
0.8511
0.7354
0.9473
0.8809
0.7215
0.8858
0.7777
0.9473
0.8844
0.7265
0.8931
0.7791
0.9473
0.9349
0.7903
0.9327
0.8529
0.9473
0.9349
0.7909
0.9327
0.8529
0.9473
0.9349
0.7909
0.9327
0.8529
0.9473
MainSt
0.9901
0.88
0.9901
0.8892
0.9893
0.9311
0.6156
0.9281
0.6288
0.9895
0.9119
0.6137
0.9103
0.6277
0.9906
0.7748
0.561
0.772
0.5776
0.9906
0.7714
0.5569
0.769
0.5772
0.9906
0.6964
0.5255
0.6973
0.5442
0.9906
0.6887
0.5248
0.696
0.5438
0.9906
0.6192
0.5012
0.616
0.5065
0.9835
0.5613
0.4828
0.5565
0.4861
0.9044
0.5027
0.491
0.5018
0.4953
0.6843
0.5024
0.475
0.5019
0.4788
0.6855
0.5059
0.4889
0.5049
0.495
0.8683
0.5059
0.4889
0.5049
0.495
0.8683
0.5133
0.4899
0.512
0.4962
0.9075
0.5849
0.5144
0.5851
0.5326
0.9363
0.6908
0.5162
0.6895
0.5371
0.9465
0.7024
0.6125
0.7036
0.6598
0.9502
0.8516
0.6892
0.8592
0.7535
0.9517
0.8581
0.6963
0.8652
0.7538
0.9517
0.8932
0.7405
0.8977
0.7944
0.9517
0.8964
0.7453
0.904
0.7958
0.9517
0.9408
0.8068
0.9389
0.8669
0.9517
0.9408
0.8073
0.9389
0.8669
0.9517
0.9408
0.8073
0.9389
0.8669
0.9517
PublicSafety
0.9285
0.9945
0.9284
1.0
0.9213
1.0
0.8022
1.0
0.8118
0.9233
1.0
0.8008
1.0
0.811
0.9327
0.9181
0.7623
0.916
0.7744
0.9327
0.9156
0.7594
0.9138
0.7742
0.9327
0.8611
0.7366
0.8617
0.7502
0.9327
0.8555
0.7361
0.8607
0.7499
0.9327
0.8049
0.7139
0.8025
0.719
1.0
0.7628
0.6963
0.7592
0.6995
1.0
0.7158
0.7043
0.7148
0.7084
0.8521
0.7157
0.6888
0.7151
0.6926
0.8531
0.7189
0.702
0.7179
0.708
0.986
0.7189
0.702
0.7179
0.708
0.986
0.7262
0.703
0.7248
0.7093
1.0
0.7801
0.7265
0.7802
0.7418
1.0
0.8569
0.7283
0.856
0.7451
1.0
0.8654
0.7996
0.8662
0.8342
1.0
0.974
0.8556
0.9794
0.9026
1.0
0.9787
0.8608
0.9838
0.9028
1.0
1.0
0.8929
1.0
0.9324
1.0
1.0
0.8964
1.0
0.9334
1.0
1.0
0.941
1.0
0.985
1.0
1.0
0.9414
1.0
0.985
1.0
1.0
0.9414
1.0
0.985
1.0
CollegeHeights
0.907
0.9034
0.907
0.9099
0.9028
0.9239
0.697
0.9228
0.7074
0.904
0.9173
0.6955
0.9168
0.7065
0.9094
0.8212
0.6545
0.8191
0.6675
0.9094
0.8185
0.6513
0.8167
0.6672
0.9094
0.76
0.6268
0.7608
0.6414
0.9094
0.754
0.6262
0.7597
0.6411
0.9094
0.6999
0.6079
0.6975
0.612
0.9432
0.6546
0.5937
0.6509
0.5962
0.9154
0.6089
0.6
0.6083
0.6033
0.7507
0.6085
0.5877
0.6082
0.5905
0.7515
0.6113
0.5985
0.6106
0.6031
0.8943
0.6113
0.5985
0.6106
0.6031
0.8943
0.617
0.5992
0.616
0.604
0.9159
0.6728
0.6183
0.673
0.6323
0.9256
0.7557
0.6197
0.7548
0.6359
0.9292
0.7647
0.6949
0.7657
0.7317
0.9303
0.8811
0.7547
0.8872
0.8046
0.9308
0.8862
0.7602
0.892
0.8048
0.9308
0.911
0.7945
0.9127
0.8365
0.9308
0.9121
0.7983
0.9148
0.8376
0.9308
0.9271
0.8466
0.9265
0.8932
0.9308
0.9271
0.847
0.9265
0.8932
0.9308
0.9271
0.847
0.9265
0.8932
0.9308
SportsPlex
0.6166
1.0
0.6164
0.9968
0.6001
0.9107
1.0
0.9167
1.0
0.6046
0.9498
1.0
0.9531
1.0
0.6262
1.0
1.0
1.0
1.0
0.6262
1.0
1.0
1.0
1.0
0.6262
1.0
1.0
1.0
1.0
0.6262
1.0
1.0
1.0
1.0
0.6262
1.0
1.0
1.0
1.0
0.8083
1.0
1.0
1.0
1.0
0.9662
1.0
1.0
1.0
1.0
1.0
1.0
1.0
1.0
1.0
1.0
1.0
1.0
1.0
1.0
1.0
1.0
1.0
1.0
1.0
1.0
1.0
1.0
1.0
1.0
0.9588
1.0
1.0
1.0
1.0
0.8998
1.0
1.0
1.0
1.0
0.879
1.0
1.0
1.0
1.0
0.8713
1.0
1.0
1.0
1.0
0.8682
1.0
1.0
1.0
1.0
0.8682
0.9879
1.0
0.979
1.0
0.8682
0.9815
1.0
0.9659
1.0
0.8682
0.8905
1.0
0.8946
1.0
0.8682
0.8905
1.0
0.8946
1.0
0.8682
0.8905
1.0
0.8946
1.0
0.8682
CityView
0.5461
0.9097
0.5459
0.906
0.5311
0.8206
0.9255
0.8266
0.9247
0.5352
0.8594
0.9256
0.8627
0.9247
0.5548
0.9159
0.9288
0.9161
0.9278
0.5548
0.9161
0.9291
0.9163
0.9278
0.5548
0.9205
0.9309
0.9205
0.9298
0.5548
0.921
0.9309
0.9206
0.9298
0.5548
0.9252
0.9383
0.9254
0.9365
0.7211
0.9287
0.9445
0.929
0.9434
0.8758
0.9375
0.9417
0.9378
0.9402
0.9214
0.9374
0.9472
0.9376
0.9458
0.9212
0.9363
0.9426
0.9367
0.9404
0.9104
0.9363
0.9426
0.9367
0.9404
0.9104
0.9337
0.9422
0.9342
0.9399
0.8683
0.9271
0.9339
0.9271
0.9305
0.8098
0.9209
0.9333
0.921
0.9302
0.7892
0.9202
0.9259
0.9201
0.9229
0.7815
0.9113
0.9212
0.9109
0.9172
0.7784
0.9109
0.9207
0.9105
0.9172
0.7784
0.8972
0.9181
0.8884
0.9147
0.7784
0.8908
0.9178
0.8754
0.9146
0.7784
0.8006
0.9143
0.8046
0.9104
0.7784
0.8006
0.9142
0.8046
0.9104
0.7784
0.8006
0.9142
0.8046
0.9104
0.7784
GreekRow
0.4494
0.7932
0.4493
0.7889
0.4362
0.7028
0.8329
0.7088
0.8309
0.4398
0.7419
0.8332
0.7452
0.8311
0.4571
0.8089
0.8412
0.8093
0.8387
0.4571
0.8093
0.8419
0.8098
0.8388
0.4571
0.8206
0.8465
0.8205
0.8437
0.4571
0.8218
0.8466
0.8207
0.8438
0.4571
0.8323
0.8639
0.8328
0.8597
0.6049
0.841
0.8784
0.8417
0.8758
0.7585
0.862
0.8718
0.8628
0.8684
0.8226
0.8619
0.8848
0.8624
0.8815
0.8223
0.8593
0.8739
0.8602
0.8688
0.7949
0.8593
0.8739
0.8602
0.8688
0.7949
0.8531
0.873
0.8543
0.8677
0.7508
0.8372
0.8536
0.8371
0.8454
0.6919
0.8215
0.8521
0.8217
0.8447
0.6712
0.8197
0.8338
0.8196
0.8264
0.6634
0.7973
0.8221
0.7962
0.8121
0.6603
0.7963
0.821
0.7953
0.8121
0.6603
0.7798
0.8143
0.771
0.8059
0.6603
0.7735
0.8136
0.7579
0.8057
0.6603
0.6826
0.8047
0.6867
0.7952
0.6603
0.6826
0.8046
0.6867
0.7952
0.6603
0.6826
0.8046
0.6867
0.7952
0.6603
Rutherford
0.3997
0.8431
0.3995
0.8365
0.3831
0.7259
0.9279
0.7337
0.9236
0.3877
0.7761
0.9285
0.7803
0.924
0.4093
0.8765
0.9455
0.8775
0.9401
0.4093
0.8776
0.9468
0.8785
0.9402
0.4093
0.9017
0.9568
0.9014
0.9508
0.4093
0.9042
0.9571
0.9019
0.9509
0.4093
0.9266
0.9766
0.9275
0.9719
0.5974
0.9452
0.9928
0.9466
0.9899
0.797
0.9747
0.9855
0.9755
0.9817
0.9056
0.9747
0.9999
0.9752
0.9963
0.9052
0.9719
0.9877
0.9728
0.9821
0.8464
0.9719
0.9877
0.9728
0.9821
0.8464
0.9651
0.9867
0.9664
0.9809
0.7874
0.9375
0.965
0.9374
0.9545
0.712
0.9036
0.9634
0.9039
0.9531
0.6853
0.8998
0.9291
0.8994
0.9137
0.6754
0.852
0.9046
0.8495
0.8837
0.6714
0.8499
0.9022
0.8476
0.8836
0.6714
0.8251
0.8881
0.8135
0.8706
0.6714
0.8168
0.8866
0.7968
0.8701
0.6714
0.7
0.8668
0.7053
0.8473
0.6714
0.7
0.8667
0.7053
0.8473
0.6714
0.7
0.8667
0.7053
0.8473
0.6714
Softball
0.4187
0.7253
0.4186
0.7212
0.4072
0.6417
0.7632
0.6472
0.7613
0.4104
0.6778
0.7635
0.6808
0.7615
0.4253
0.7402
0.7712
0.7406
0.7689
0.4253
0.7407
0.7719
0.7411
0.7689
0.4253
0.7514
0.7763
0.7513
0.7736
0.4253
0.7526
0.7764
0.7515
0.7736
0.4253
0.7627
0.7976
0.7632
0.7924
0.5532
0.7709
0.8155
0.7717
0.8123
0.6934
0.7953
0.8074
0.7963
0.8031
0.7534
0.795
0.8234
0.7958
0.8194
0.753
0.7919
0.81
0.793
0.8036
0.727
0.7919
0.81
0.793
0.8036
0.727
0.7842
0.8088
0.7857
0.8022
0.6861
0.7672
0.7849
0.7672
0.7752
0.6317
0.7523
0.783
0.7526
0.7745
0.6126
0.7506
0.7642
0.7505
0.757
0.6053
0.729
0.753
0.7281
0.7432
0.6025
0.7281
0.7519
0.7273
0.7432
0.6025
0.7128
0.7455
0.7047
0.7373
0.6025
0.7069
0.7448
0.6926
0.7371
0.6025
0.6231
0.7363
0.6269
0.7271
0.6025
0.6231
0.7362
0.6269
0.7271
0.6025
0.6231
0.7362
0.6269
0.7271
0.6025
Ezell
0.6506
0.7185
0.6506
0.721
0.6461
0.706
0.6135
0.7068
0.6188
0.6473
0.7129
0.6128
0.7134
0.6183
0.6531
0.6768
0.5921
0.6757
0.5987
0.6531
0.6754
0.5906
0.6745
0.5986
0.6531
0.6455
0.5778
0.646
0.5854
0.6531
0.6425
0.5776
0.6455
0.5852
0.6531
0.6152
0.5825
0.6143
0.5811
0.6954
0.592
0.5872
0.5903
0.5862
0.7171
0.5812
0.5849
0.5817
0.5837
0.6414
0.5806
0.5895
0.5812
0.5881
0.6414
0.5799
0.5861
0.5804
0.5839
0.7147
0.5799
0.5861
0.5804
0.5839
0.7147
0.5774
0.5856
0.578
0.5834
0.7147
0.6005
0.5793
0.6008
0.5807
0.7039
0.6435
0.5787
0.6432
0.5824
0.7004
0.6479
0.6132
0.6486
0.6314
0.6989
0.7069
0.643
0.7104
0.6678
0.6983
0.7094
0.6457
0.7128
0.6679
0.6983
0.7189
0.6631
0.7179
0.6838
0.6983
0.7178
0.665
0.7154
0.6844
0.6983
0.7022
0.6902
0.7031
0.7132
0.6983
0.7022
0.6904
0.7031
0.7132
0.6983
0.7022
0.6904
0.7031
0.7132
0.6983
MtsuBlvdG
0.4871
0.6867
0.487
0.6852
0.4791
0.6329
0.6716
0.6363
0.6724
0.4813
0.6567
0.6715
0.6586
0.6723
0.4916
0.6807
0.6687
0.6806
0.6697
0.4916
0.6805
0.6686
0.6804
0.6697
0.4916
0.6761
0.6666
0.6762
0.6677
0.4916
0.6757
0.6666
0.6762
0.6677
0.4916
0.672
0.684
0.672
0.6796
0.5777
0.6685
0.6988
0.6684
0.6961
0.6676
0.6818
0.692
0.6827
0.6885
0.6759
0.6814
0.7055
0.6822
0.702
0.6757
0.6788
0.6943
0.6798
0.6889
0.6865
0.6788
0.6943
0.6798
0.6889
0.6865
0.6722
0.6933
0.6736
0.6877
0.6623
0.6693
0.6734
0.6694
0.667
0.6261
0.676
0.6718
0.676
0.6672
0.6136
0.6765
0.6722
0.6767
0.6744
0.6087
0.6848
0.6761
0.6856
0.6791
0.6068
0.6851
0.6764
0.6859
0.6791
0.6068
0.6795
0.6788
0.6743
0.6813
0.6068
0.6756
0.6791
0.6663
0.6814
0.6068
0.6204
0.6832
0.623
0.6859
0.6068
0.6204
0.6832
0.623
0.6859
0.6068
0.6204
0.6832
0.623
0.6859
0.6068
Rec
0.5773
0.716
0.5772
0.7165
0.5707
0.6822
0.6549
0.6844
0.658
0.5725
0.6978
0.6545
0.6991
0.6577
0.5809
0.6918
0.6426
0.6912
0.6464
0.5809
0.6909
0.6417
0.6905
0.6463
0.5809
0.6735
0.6342
0.6738
0.6386
0.5809
0.6718
0.6341
0.6735
0.6385
0.5809
0.656
0.6443
0.6555
0.6416
0.6483
0.6424
0.6532
0.6415
0.6515
0.7055
0.6427
0.6491
0.6434
0.6469
0.6713
0.6422
0.6574
0.6428
0.6551
0.6712
0.6407
0.6507
0.6414
0.6472
0.714
0.6407
0.6507
0.6414
0.6472
0.714
0.6364
0.65
0.6374
0.6464
0.7016
0.6472
0.638
0.6473
0.6359
0.6777
0.6724
0.637
0.6723
0.6368
0.6695
0.675
0.655
0.6754
0.6655
0.6662
0.7091
0.6722
0.7114
0.6864
0.665
0.7106
0.6737
0.7128
0.6864
0.665
0.7126
0.6838
0.7094
0.6957
0.665
0.71
0.6849
0.704
0.696
0.665
0.6739
0.6998
0.6757
0.7129
0.665
0.6739
0.6999
0.6757
0.7129
0.665
0.6739
0.6999
0.6757
0.7129
0.665
Abernathy
0.7356
0.8121
0.7356
0.8154
0.7299
0.8029
0.6833
0.8036
0.6897
0.7315
0.8085
0.6823
0.8089
0.6892
0.7388
0.7608
0.6569
0.7595
0.665
0.7388
0.7591
0.6549
0.758
0.6648
0.7388
0.7225
0.6395
0.723
0.6486
0.7388
0.7188
0.6391
0.7224
0.6485
0.7388
0.6852
0.6355
0.6838
0.6361
0.793
0.6568
0.6331
0.6546
0.6334
0.812
0.6351
0.6341
0.6351
0.6345
0.7171
0.6345
0.6324
0.6348
0.6325
0.7174
0.6351
0.6342
0.6352
0.6346
0.8069
0.6351
0.6342
0.6352
0.6346
0.8069
0.6357
0.6342
0.6357
0.6346
0.8099
0.6677
0.6374
0.6679
0.6429
0.8011
0.7199
0.6375
0.7195
0.6451
0.7982
0.7254
0.6825
0.7262
0.7051
0.7969
0.798
0.7194
0.8021
0.7502
0.7965
0.8011
0.7228
0.8051
0.7503
0.7965
0.8136
0.7441
0.8127
0.77
0.7965
0.8127
0.7465
0.8107
0.7706
0.7965
0.7997
0.7771
0.8004
0.8057
0.7965
0.7997
0.7773
0.8004
0.8057
0.7965
0.7997
0.7773
0.8004
0.8057
0.7965
MTSU
0.3039
0.6647
0.3038
0.6585
0.2915
0.5611
0.7541
0.568
0.7497
0.295
0.6052
0.7548
0.609
0.75
0.311
0.7
0.7728
0.701
0.7672
0.311
0.7011
0.7742
0.702
0.7673
0.311
0.7265
0.7848
0.7262
0.7784
0.311
0.7292
0.785
0.7267
0.7786
0.311
0.7528
0.816
0.7538
0.8085
0.4522
0.7724
0.842
0.774
0.8373
0.6239
0.8128
0.8302
0.8141
0.8241
0.7308
0.8126
0.8534
0.8136
0.8476
0.7302
0.8081
0.8338
0.8096
0.8247
0.6683
0.8081
0.8338
0.8096
0.8247
0.6683
0.7971
0.8322
0.7992
0.8228
0.6152
0.7641
0.7975
0.764
0.7823
0.5488
0.7285
0.7949
0.7289
0.7808
0.5254
0.7245
0.7558
0.7241
0.7393
0.5166
0.6739
0.7297
0.6714
0.7074
0.5132
0.6718
0.7272
0.6694
0.7073
0.5132
0.6482
0.7122
0.6382
0.6935
0.5132
0.641
0.7106
0.6234
0.693
0.5132
0.5383
0.69
0.543
0.6691
0.5132
0.5383
0.6899
0.543
0.6691
0.5132
0.5383
0.6899
0.543
0.6691
0.5132
Highland
0.3103
0.7068
0.31
0.7001
0.2966
0.5955
0.804
0.6033
0.7991
0.3003
0.6429
0.8047
0.6471
0.7995
0.3183
0.745
0.8238
0.7462
0.8176
0.3183
0.7463
0.8253
0.7473
0.8178
0.3183
0.7741
0.8371
0.7737
0.83
0.3183
0.7769
0.8373
0.7741
0.8301
0.3183
0.8022
0.8667
0.8029
0.8595
0.475
0.8237
0.8917
0.8251
0.8873
0.6613
0.8642
0.8805
0.8653
0.8746
0.7779
0.8647
0.9023
0.8652
0.8972
0.7778
0.8602
0.8835
0.8615
0.8753
0.7099
0.8602
0.8835
0.8615
0.8753
0.7099
0.8503
0.8822
0.852
0.8736
0.6532
0.8157
0.8489
0.8155
0.8345
0.5823
0.7759
0.8465
0.7761
0.8329
0.5571
0.7717
0.8047
0.771
0.7874
0.548
0.7173
0.7774
0.7138
0.7539
0.5442
0.715
0.7748
0.7116
0.7538
0.5442
0.6897
0.7588
0.6783
0.7392
0.5442
0.6819
0.7571
0.6627
0.7387
0.5442
0.5712
0.7336
0.5761
0.712
0.5442
0.5712
0.7335
0.5761
0.712
0.5442
0.5712
0.7335
0.5761
0.712
0.5442
MEC
0.2849
0.6335
0.2847
0.6273
0.2734
0.532
0.724
0.5392
0.7195
0.2766
0.5752
0.7246
0.5791
0.7198
0.2917
0.669
0.7424
0.6702
0.7367
0.2917
0.6703
0.7438
0.6712
0.7368
0.2917
0.6961
0.7548
0.6957
0.7482
0.2917
0.6988
0.755
0.6962
0.7483
0.2917
0.7223
0.7881
0.723
0.78
0.424
0.7423
0.8163
0.7436
0.8114
0.5919
0.7852
0.8036
0.7864
0.797
0.6997
0.7856
0.8284
0.7863
0.8225
0.6996
0.7806
0.8072
0.7821
0.7978
0.6363
0.7806
0.8072
0.7821
0.7978
0.6363
0.7693
0.8056
0.7713
0.7959
0.5845
0.7349
0.768
0.7347
0.7523
0.52
0.6978
0.7653
0.6979
0.7509
0.497
0.6939
0.7247
0.6932
0.7085
0.4887
0.6433
0.6993
0.64
0.6774
0.4854
0.6412
0.6969
0.638
0.6773
0.4854
0.6179
0.682
0.6074
0.6637
0.4854
0.6108
0.6804
0.5933
0.6632
0.4854
0.5099
0.6586
0.5144
0.6384
0.4854
0.5099
0.6584
0.5144
0.6384
0.4854
0.5099
0.6584
0.5144
0.6384
0.4854
Jackson
0.249
0.6429
0.2488
0.6355
0.2361
0.5284
0.758
0.5364
0.7523
0.2396
0.5768
0.7589
0.5812
0.7528
0.2566
0.6881
0.7816
0.6896
0.7743
0.2566
0.6897
0.7834
0.6909
0.7745
0.2566
0.7226
0.7973
0.7221
0.7889
0.2566
0.7259
0.7976
0.7227
0.7891
0.2566
0.756
0.8329
0.7569
0.8243
0.406
0.7814
0.863
0.7831
0.8577
0.5958
0.8299
0.8495
0.8312
0.8425
0.7272
0.8303
0.8758
0.831
0.8696
0.727
0.825
0.8533
0.8266
0.8432
0.6466
0.825
0.8533
0.8266
0.8432
0.6466
0.8129
0.8516
0.8151
0.8412
0.5874
0.7718
0.8116
0.7715
0.7942
0.5149
0.7248
0.8087
0.725
0.7923
0.489
0.7198
0.7591
0.719
0.7384
0.4797
0.6553
0.7266
0.6512
0.6986
0.4759
0.6525
0.7235
0.6486
0.6985
0.4759
0.6248
0.7045
0.6131
0.6811
0.4759
0.6169
0.7024
0.5972
0.6805
0.4759
0.5035
0.6748
0.5086
0.649
0.4759
0.5035
0.6746
0.5086
0.649
0.4759
0.5035
0.6746
0.5086
0.649
0.4759
Livestock
0.1608
0.2808
0.1608
0.2772
0.1594
0.2257
0.3417
0.2292
0.3386
0.1598
0.249
0.3421
0.2509
0.3389
0.1615
0.3049
0.3545
0.3055
0.3507
0.1615
0.3056
0.3555
0.3062
0.3508
0.1615
0.3229
0.3626
0.3226
0.3583
0.1615
0.3247
0.3627
0.323
0.3584
0.1615
0.3409
0.4139
0.3416
0.4014
0.1786
0.3541
0.4575
0.3552
0.4497
0.2593
0.4085
0.4377
0.4108
0.4275
0.3259
0.4082
0.4764
0.4098
0.4668
0.3254
0.4007
0.4437
0.4033
0.4285
0.2835
0.4007
0.4437
0.4033
0.4285
0.2835
0.3823
0.441
0.3858
0.4253
0.2544
0.3483
0.3826
0.3482
0.3609
0.2193
0.3243
0.3782
0.3246
0.3598
0.2069
0.3216
0.343
0.3213
0.3317
0.2022
0.2871
0.325
0.2855
0.3097
0.2004
0.2856
0.3233
0.2841
0.3096
0.2004
0.2716
0.313
0.2664
0.3001
0.2004
0.2678
0.3119
0.2585
0.2998
0.2004
0.2137
0.2982
0.2162
0.2837
0.2004
0.2137
0.2981
0.2162
0.2837
0.2004
0.2137
0.2981
0.2162
0.2837
0.2004
Greenhouse
0.3921
0.4583
0.392
0.4581
0.3902
0.4303
0.4324
0.4319
0.4337
0.3907
0.4431
0.4322
0.4439
0.4336
0.3929
0.4482
0.4273
0.4478
0.429
0.3929
0.4478
0.427
0.4476
0.4289
0.3929
0.4403
0.4237
0.4404
0.4256
0.3929
0.4396
0.4236
0.4403
0.4255
0.3929
0.4331
0.4537
0.433
0.4463
0.409
0.4272
0.4796
0.4269
0.4749
0.4496
0.4502
0.4678
0.4518
0.4617
0.4397
0.4497
0.491
0.4509
0.4851
0.4394
0.4452
0.4716
0.4469
0.4623
0.458
0.4452
0.4716
0.4469
0.4623
0.458
0.434
0.4699
0.4362
0.4602
0.4463
0.4288
0.4352
0.4288
0.4243
0.4268
0.44
0.4324
0.44
0.4246
0.4202
0.441
0.4329
0.4412
0.437
0.4175
0.4553
0.4397
0.4565
0.4453
0.4164
0.4559
0.4403
0.4571
0.4453
0.4164
0.4548
0.4444
0.4523
0.4491
0.4164
0.4527
0.4449
0.4479
0.4493
0.4164
0.4237
0.4518
0.4251
0.4568
0.4164
0.4237
0.4518
0.4251
0.4568
0.4164
0.4237
0.4518
0.4251
0.4568
0.4164
ChampionWayG
0.3567
0.1664
0.3568
0.1701
0.3654
0.1974
0.0735
0.195
0.0782
0.3631
0.1852
0.0728
0.1838
0.0778
0.3515
0.1299
0.0546
0.1287
0.0605
0.3515
0.1287
0.0532
0.1276
0.0604
0.3515
0.1021
0.0419
0.1024
0.0487
0.3515
0.0994
0.0417
0.1019
0.0485
0.3515
0.0752
0.082
0.0743
0.072
0.2465
0.0547
0.1171
0.0532
0.1109
0.1812
0.0773
0.1011
0.0794
0.0929
0.0983
0.0768
0.1323
0.0783
0.1246
0.0984
0.0709
0.1059
0.073
0.0936
0.1633
0.0709
0.1059
0.073
0.0936
0.1633
0.0558
0.1036
0.0587
0.0909
0.1829
0.0625
0.0563
0.0626
0.0444
0.201
0.1004
0.0527
0.1001
0.0459
0.2076
0.1044
0.0727
0.1049
0.0893
0.2098
0.1564
0.0989
0.1595
0.1213
0.2108
0.1586
0.1014
0.1616
0.1214
0.2108
0.1726
0.1166
0.1758
0.1354
0.2108
0.1746
0.1183
0.1797
0.1359
0.2108
0.2038
0.1406
0.2025
0.1613
0.2108
0.2038
0.1408
0.2025
0.1613
0.2108
0.2038
0.1408
0.2025
0.1613
0.2108
Greenland
0.1207
0.0
0.1208
0.0
0.1293
0.0
0.0
0.0
0.0
0.1269
0.0
0.0
0.0
0.0
0.1156
0.0
0.0
0.0
0.0
0.1156
0.0
0.0
0.0
0.0
0.1156
0.0
0.0
0.0
0.0
0.1156
0.0
0.0
0.0
0.0
0.1156
0.0
0.0613
0.0
0.0463
0.0182
0.0
0.1143
0.0
0.1049
0.0
0.055
0.0903
0.0579
0.0779
0.0
0.0549
0.1371
0.0569
0.1257
0.0
0.0457
0.0972
0.0489
0.0792
0.0
0.0457
0.0972
0.0489
0.0792
0.0
0.0236
0.094
0.0279
0.0753
0.0
0.0
0.0232
0.0
0.0
0.0
0.0
0.0178
0.0
0.0
0.0
0.0
0.0
0.0
0.0
0.0
0.0
0.0
0.0
0.0
0.0
0.0
0.0
0.0
0.0
0.0
0.0
0.0
0.0
0.0
0.0
0.0
0.0
0.0
0.0
0.0
0.0
0.0
0.0
0.0
0.0
0.0
0.0
0.0
0.0
0.0
0.0
0.0
0.0
0.0
0.0
MiddleTN
0.0365
0.0728
0.0365
0.0692
0.0399
0.0303
0.1456
0.0333
0.142
0.039
0.0478
0.1461
0.0496
0.1423
0.0346
0.1014
0.1605
0.1024
0.1559
0.0346
0.1024
0.1616
0.1032
0.156
0.0346
0.1232
0.1704
0.123
0.1651
0.0346
0.1253
0.1706
0.1233
0.1652
0.0346
0.1444
0.236
0.145
0.2199
0.0
0.1604
0.2921
0.1616
0.2821
0.0544
0.2297
0.2667
0.2325
0.2536
0.1262
0.2298
0.3163
0.2317
0.3042
0.1261
0.2199
0.2741
0.2232
0.255
0.0752
0.2199
0.2741
0.2232
0.255
0.0752
0.1968
0.2708
0.2012
0.251
0.0515
0.1542
0.1959
0.1541
0.1685
0.0253
0.1246
0.1903
0.1248
0.1673
0.0159
0.1214
0.1465
0.121
0.1333
0.0126
0.0806
0.1259
0.0781
0.108
0.0112
0.0789
0.1239
0.0765
0.108
0.0112
0.0654
0.1119
0.0611
0.097
0.0112
0.0625
0.1106
0.0553
0.0966
0.0112
0.0212
0.0932
0.0231
0.0768
0.0112
0.0212
0.0931
0.0231
0.0768
0.0112
0.0212
0.0931
0.0231
0.0768
0.0112
