Rose
0.0
0.213
0.0
0.1994
0.0
0.0935
0.4841
0.0989
0.4715
0.0
0.1263
0.4858
0.1295
0.4726
0.0
0.3248
0.5347
0.3282
0.5193
0.0
0.3284
0.5385
0.3313
0.5197
0.0
0.405
0.5673
0.4041
0.5501
0.0
0.4127
0.5679
0.4055
0.5504
0.0
0.4797
0.6176
0.4822
0.6051
0.0106
0.5342
0.6427
0.5381
0.6385
0.1425
0.613
0.6322
0.6149
0.6267
0.4162
0.6136
0.6529
0.6146
0.6479
0.4154
0.606
0.6352
0.6083
0.6274
0.2231
0.606
0.6352
0.6083
0.6274
0.2231
0.5892
0.634
0.5921
0.6258
0.1336
0.513
0.5876
0.5127
0.5608
0.0845
0.4102
0.5837
0.4111
0.5569
0.0679
0.3988
0.4869
0.3972
0.4412
0.0621
0.2439
0.414
0.2345
0.3491
0.0597
0.237
0.407
0.2279
0.3489
0.0597
0.1856
0.3629
0.1685
0.3071
0.0597
0.1742
0.3581
0.1455
0.3057
0.0597
0.0772
0.2928
0.0805
0.2283
0.0597
0.0772
0.2923
0.0805
0.2283
0.0597
0.0772
0.2923
0.0805
0.2283
0.0597
FairView
0.1002
0.2381
0.1002
0.2277
0.1015
0.1494
0.4452
0.153
0.4356
0.1011
0.1709
0.4466
0.173
0.4364
0.0994
0.3235
0.4838
0.3262
0.472
0.0994
0.3263
0.4866
0.3286
0.4722
0.0994
0.3849
0.5087
0.3842
0.4955
0.0994
0.3907
0.5092
0.3852
0.4958
0.0994
0.4419
0.5471
0.4436
0.5376
0.0916
0.4835
0.5642
0.4864
0.5614
0.182
0.5439
0.5572
0.5453
0.5536
0.3933
0.5446
0.5709
0.5452
0.5676
0.3928
0.5387
0.5592
0.5404
0.5541
0.2457
0.5387
0.5592
0.5404
0.5541
0.2457
0.5259
0.5584
0.5281
0.5531
0.1756
0.4676
0.5242
0.4674
0.5038
0.1436
0.3888
0.5213
0.3894
0.5008
0.1327
0.3801
0.4471
0.3788
0.4124
0.1289
0.262
0.3918
0.2545
0.3424
0.1273
0.2567
0.3865
0.2495
0.3422
0.1273
0.2174
0.353
0.2035
0.3105
0.1273
0.2081
0.3493
0.1849
0.3093
0.1273
0.1388
0.299
0.141
0.25
0.1273
0.1388
0.2986
0.141
0.25
0.1273
0.1388
0.2986
0.141
0.25
0.1273
Bell
0.5658
0.4976
0.5657
0.5006
0.5687
0.5165
0.4358
0.5146
0.4386
0.5678
0.5026
0.4353
0.5016
0.4384
0.5641
0.4713
0.4236
0.4709
0.427
0.5641
0.4706
0.4227
0.4702
0.4269
0.5641
0.4534
0.4166
0.4536
0.4201
0.5641
0.4517
0.4164
0.4532
0.42
0.5641
0.436
0.4051
0.4348
0.4076
0.5297
0.4239
0.3832
0.4225
0.3873
0.4974
0.4067
0.3938
0.4058
0.3992
0.4499
0.4072
0.373
0.4064
0.3782
0.4507
0.4087
0.3906
0.4079
0.3987
0.4933
0.4087
0.3906
0.4079
0.3987
0.4933
0.4129
0.3921
0.4119
0.4005
0.4991
0.4297
0.4119
0.4296
0.4181
0.5203
0.4517
0.4129
0.4511
0.4191
0.5273
0.4545
0.4343
0.4544
0.4448
0.53
0.4907
0.4524
0.4916
0.4676
0.531
0.4923
0.4541
0.493
0.4677
0.531
0.5035
0.4646
0.5011
0.4778
0.531
0.5024
0.4657
0.4992
0.4781
0.531
0.5236
0.4792
0.5222
0.4949
0.531
0.5236
0.4794
0.5222
0.4949
0.531
0.5236
0.4794
0.5222
0.4949
0.531
IngramN
0.7176
0.6345
0.7175
0.6413
0.7194
0.6758
0.4955
0.6731
0.5019
0.7189
0.6567
0.4946
0.6552
0.5014
0.7166
0.5761
0.469
0.5749
0.4767
0.7166
0.5744
0.4671
0.5732
0.4766
0.7166
0.5355
0.4527
0.5359
0.4611
0.7166
0.5316
0.4524
0.5352
0.4609
0.7166
0.4969
0.4269
0.4948
0.433
0.6955
0.4693
0.3919
0.4667
0.3984
0.649
0.4297
0.4084
0.4283
0.4169
0.5287
0.4301
0.376
0.429
0.384
0.5297
0.4338
0.4036
0.4324
0.4161
0.6268
0.4338
0.4036
0.4324
0.4161
0.6268
0.4429
0.4059
0.441
0.4188
0.652
0.4813
0.4423
0.4812
0.456
0.681
0.5323
0.4444
0.5314
0.4582
0.6906
0.5383
0.4933
0.5386
0.5167
0.6942
0.6187
0.5323
0.622
0.5659
0.6956
0.6223
0.536
0.6254
0.566
0.6956
0.6478
0.5591
0.6483
0.5881
0.6956
0.6486
0.5615
0.6502
0.5888
0.6956
0.6854
0.5935
0.6835
0.6275
0.6956
0.6854
0.5938
0.6835
0.6275
0.6956
0.6854
0.5938
0.6835
0.6275
0.6956
IngramS
0.6868
0.7239
0.6867
0.7288
0.685
0.7324
0.6244
0.732
0.629
0.6855
0.7287
0.6237
0.7285
0.6286
0.6879
0.682
0.6053
0.6812
0.6108
0.6879
0.6808
0.6039
0.68
0.6107
0.6879
0.653
0.5937
0.6533
0.5996
0.6879
0.6502
0.5934
0.6527
0.5995
0.6879
0.6252
0.5752
0.6237
0.5795
0.7131
0.6056
0.5419
0.6036
0.5482
0.7273
0.5773
0.5578
0.5762
0.566
0.648
0.5777
0.5266
0.5768
0.5343
0.6488
0.5803
0.5532
0.5793
0.5652
0.7181
0.5803
0.5532
0.5793
0.5652
0.7181
0.5869
0.5554
0.5855
0.5678
0.7276
0.6143
0.5862
0.6142
0.596
0.7335
0.6506
0.5877
0.6499
0.5977
0.7353
0.655
0.6226
0.6551
0.6394
0.7361
0.7126
0.6508
0.7149
0.6749
0.7364
0.7152
0.6535
0.7173
0.675
0.7364
0.7331
0.67
0.7308
0.6909
0.7364
0.7319
0.6718
0.7285
0.6914
0.7364
0.7344
0.6944
0.734
0.719
0.7364
0.7344
0.6947
0.734
0.719
0.7364
0.7344
0.6947
0.734
0.719
0.7364
ParkingServ
0.9419
0.8323
0.9418
0.8449
0.9421
0.9078
0.5789
0.9036
0.5907
0.942
0.8804
0.5772
0.878
0.5897
0.9418
0.7265
0.5311
0.7239
0.5454
0.9418
0.7232
0.5276
0.7209
0.5451
0.9418
0.6521
0.5011
0.653
0.5168
0.9418
0.645
0.5005
0.6517
0.5164
0.9418
0.5819
0.454
0.5789
0.4653
0.9388
0.5315
0.3995
0.5272
0.4095
0.8693
0.4585
0.4249
0.4563
0.4379
0.6406
0.4586
0.3752
0.4571
0.3873
0.6418
0.4656
0.4177
0.4633
0.4367
0.8199
0.4656
0.4177
0.4633
0.4367
0.8199
0.4817
0.421
0.4787
0.4407
0.874
0.5523
0.4822
0.5524
0.5071
0.9151
0.6467
0.486
0.6455
0.511
0.929
0.6575
0.5758
0.6585
0.6183
0.9339
0.8032
0.6457
0.8107
0.7064
0.9359
0.8098
0.6523
0.8168
0.7066
0.9359
0.8565
0.6939
0.8617
0.7463
0.9359
0.8603
0.6985
0.8693
0.7476
0.9359
0.9213
0.758
0.9187
0.819
0.9359
0.9213
0.7585
0.9187
0.819
0.9359
0.9213
0.7585
0.9187
0.819
0.9359
MainSt
0.9926
0.8472
0.9926
0.8614
0.9935
0.9376
0.5619
0.9325
0.5752
0.9932
0.9046
0.56
0.9018
0.5741
0.9921
0.7281
0.5082
0.7251
0.5243
0.9921
0.7244
0.5042
0.7218
0.5239
0.9921
0.6443
0.4744
0.6453
0.4921
0.9921
0.6363
0.4737
0.6439
0.4917
0.9921
0.5654
0.4214
0.5621
0.4341
0.9809
0.5085
0.3626
0.5038
0.3733
0.8915
0.4263
0.3898
0.4239
0.4038
0.6315
0.4262
0.3366
0.4246
0.3496
0.6328
0.4342
0.3822
0.4316
0.4025
0.8334
0.4342
0.3822
0.4316
0.4025
0.8334
0.4523
0.3858
0.4489
0.4068
0.897
0.5318
0.4532
0.5319
0.4812
0.9463
0.6383
0.4575
0.637
0.4856
0.963
0.6505
0.5587
0.6517
0.6064
0.9689
0.8144
0.6371
0.823
0.7053
0.9713
0.8218
0.6445
0.8299
0.7055
0.9713
0.8745
0.6913
0.8813
0.7501
0.9713
0.8793
0.6964
0.8911
0.7516
0.9713
0.9538
0.7637
0.9506
0.8321
0.9713
0.9538
0.7642
0.9506
0.8321
0.9713
0.9538
0.7642
0.9506
0.8321
0.9713
PublicSafety
0.8808
0.9832
0.8806
0.9921
0.8749
1.0
0.8025
1.0
0.8109
0.8765
1.0
0.8013
1.0
0.8102
0.8843
0.9078
0.7684
0.9059
0.7786
0.8843
0.9055
0.7659
0.9038
0.7784
0.8843
0.8548
0.7471
0.8554
0.7582
0.8843
0.8497
0.7466
0.8545
0.758
0.8843
0.8047
0.7135
0.8025
0.7216
0.9622
0.7688
0.6627
0.7657
0.6721
1.0
0.7168
0.6867
0.7152
0.6991
0.8465
0.7169
0.6396
0.7158
0.6511
0.8475
0.7219
0.6799
0.7202
0.6978
0.9743
0.7219
0.6799
0.7202
0.6978
0.9743
0.7334
0.683
0.7312
0.7016
1.0
0.7837
0.7335
0.7837
0.7513
1.0
0.8509
0.7362
0.85
0.7542
1.0
0.8587
0.8002
0.8594
0.8306
1.0
0.9625
0.85
0.9678
0.8934
1.0
0.9672
0.8547
0.9722
0.8936
1.0
1.0
0.8844
1.0
0.9219
1.0
1.0
0.8876
1.0
0.9228
1.0
1.0
0.93
1.0
0.9736
1.0
1.0
0.9303
1.0
0.9736
1.0
1.0
0.9303
1.0
0.9736
1.0
CollegeHeights
1.0
0.8779
1.0
0.892
1.0
0.9635
0.5942
0.9587
0.6074
1.0
0.9332
0.5923
0.9305
0.6063
1.0
0.7594
0.5409
0.7565
0.557
1.0
0.7557
0.537
0.7532
0.5566
1.0
0.676
0.5072
0.6771
0.5249
1.0
0.6681
0.5065
0.6757
0.5245
1.0
0.5977
0.4544
0.5946
0.4671
1.0
0.5411
0.3947
0.5366
0.4055
0.9219
0.4591
0.4223
0.4568
0.4365
0.6637
0.4587
0.3683
0.4574
0.3814
0.6648
0.4668
0.4148
0.4643
0.4353
0.8646
0.4668
0.4148
0.4643
0.4353
0.8646
0.4846
0.4183
0.4814
0.4396
0.9264
0.5638
0.4862
0.5641
0.5139
0.9714
0.6702
0.4905
0.6691
0.5183
0.9868
0.6823
0.5914
0.6837
0.6387
0.9921
0.8451
0.669
0.854
0.7366
0.9943
0.8524
0.6763
0.861
0.7368
0.9943
0.9048
0.7227
0.9116
0.781
0.9943
0.9094
0.7279
0.9208
0.7825
0.9943
0.9782
0.7952
0.9754
0.8628
0.9943
0.9782
0.7957
0.9754
0.8628
0.9943
0.9782
0.7957
0.9754
0.8628
0.9943
SportsPlex
0.6251
1.0
0.6248
1.0
0.613
0.9191
1.0
0.925
1.0
0.6163
0.9584
1.0
0.9618
1.0
0.6321
1.0
1.0
1.0
1.0
0.6321
1.0
1.0
1.0
1.0
0.6321
1.0
1.0
1.0
1.0
0.6321
1.0
1.0
1.0
1.0
0.6321
1.0
1.0
1.0
1.0
0.7919
1.0
0.9691
1.0
0.9751
0.9757
1.0
0.9844
1.0
0.9923
1.0
1.0
0.9546
1.0
0.9617
1.0
1.0
0.9803
1.0
0.9915
1.0
1.0
0.9803
1.0
0.9915
1.0
1.0
0.9821
1.0
0.9937
0.9678
1.0
1.0
1.0
1.0
0.9086
1.0
1.0
1.0
1.0
0.8889
1.0
1.0
1.0
1.0
0.8816
1.0
1.0
1.0
1.0
0.8788
1.0
1.0
1.0
1.0
0.8788
0.9987
1.0
0.9893
1.0
0.8788
0.9919
1.0
0.9753
1.0
0.8788
0.8997
1.0
0.9036
1.0
0.8788
0.8997
1.0
0.9036
1.0
0.8788
0.8997
1.0
0.9036
1.0
0.8788
CityView
0.5594
0.8851
0.5592
0.884
0.5496
0.8079
0.9073
0.813
0.9062
0.5523
0.8426
0.9074
0.8455
0.9063
0.5651
0.8942
0.9115
0.8945
0.9102
0.5651
0.8945
0.9118
0.8948
0.9103
0.5651
0.9007
0.9141
0.9007
0.9127
0.5651
0.9014
0.9142
0.9008
0.9128
0.5651
0.907
0.9182
0.9072
0.9172
0.696
0.9114
0.8934
0.9117
0.8983
0.8586
0.9177
0.9058
0.9179
0.9122
0.9018
0.9177
0.8817
0.9178
0.8873
0.9017
0.9171
0.9026
0.9173
0.9116
0.886
0.9171
0.9026
0.9173
0.9116
0.886
0.9156
0.904
0.9159
0.9134
0.8509
0.9094
0.9159
0.9095
0.9136
0.7985
0.9012
0.9156
0.9013
0.9133
0.7811
0.9003
0.9077
0.9002
0.9039
0.7747
0.8875
0.9016
0.8868
0.8961
0.7721
0.8869
0.901
0.8863
0.8961
0.7721
0.8816
0.8974
0.8722
0.8926
0.7721
0.8747
0.897
0.8581
0.8925
0.7721
0.7906
0.8919
0.7941
0.8863
0.7721
0.7906
0.8918
0.7941
0.8863
0.7721
0.7906
0.8918
0.7941
0.8863
0.7721
GreekRow
0.4595
0.7336
0.4594
0.7306
0.4525
0.6564
0.7942
0.6608
0.7914
0.4544
0.6869
0.7946
0.6895
0.7917
0.4636
0.7586
0.8057
0.7594
0.8023
0.4636
0.7594
0.8066
0.7601
0.8024
0.4636
0.7765
0.8129
0.7763
0.8091
0.4636
0.7782
0.8131
0.7767
0.8092
0.4636
0.7934
0.8241
0.7941
0.8214
0.5603
0.8054
0.8084
0.8064
0.8115
0.702
0.8229
0.8166
0.8234
0.8207
0.7793
0.8228
0.8008
0.8232
0.8044
0.7789
0.8211
0.8146
0.8217
0.8204
0.7362
0.8211
0.8146
0.8217
0.8204
0.7362
0.8172
0.8155
0.818
0.8215
0.6943
0.8003
0.8177
0.8003
0.8115
0.6481
0.7778
0.8168
0.7781
0.8106
0.6328
0.7752
0.7954
0.7749
0.7849
0.627
0.7403
0.7787
0.7385
0.7638
0.6248
0.7388
0.7771
0.737
0.7638
0.6248
0.7263
0.7672
0.7164
0.7543
0.6248
0.7192
0.7661
0.7015
0.754
0.6248
0.6411
0.752
0.6442
0.737
0.6248
0.6411
0.7518
0.6442
0.737
0.6248
0.6411
0.7518
0.6442
0.737
0.6248
Rutherford
0.392
0.8011
0.3918
0.7951
0.3813
0.6828
0.9216
0.6901
0.9161
0.3842
0.7314
0.9224
0.7356
0.9165
0.3981
0.8509
0.9443
0.8523
0.9375
0.3981
0.8525
0.946
0.8538
0.9377
0.3981
0.8865
0.9587
0.8861
0.9512
0.3981
0.8899
0.959
0.8867
0.9513
0.3981
0.9199
0.9811
0.9211
0.9756
0.5422
0.944
0.9703
0.9458
0.9727
0.7534
0.9788
0.9764
0.9798
0.9796
0.8918
0.9789
0.9645
0.9795
0.9672
0.8912
0.9756
0.975
0.9766
0.9793
0.806
0.9756
0.975
0.9766
0.9793
0.806
0.968
0.9756
0.9693
0.9801
0.7428
0.9342
0.9678
0.9341
0.9558
0.6697
0.8889
0.966
0.8894
0.954
0.6453
0.8838
0.9232
0.8832
0.9028
0.6364
0.8147
0.8904
0.8108
0.8613
0.6328
0.8116
0.8872
0.8079
0.8612
0.6328
0.7877
0.8675
0.7738
0.8424
0.6328
0.7779
0.8653
0.7535
0.8418
0.6328
0.6587
0.8367
0.6636
0.8076
0.6328
0.6587
0.8365
0.6636
0.8076
0.6328
0.6587
0.8365
0.6636
0.8076
0.6328
Softball
0.4305
0.6432
0.4304
0.6401
0.4256
0.5771
0.7057
0.5804
0.7028
0.427
0.6008
0.7061
0.6028
0.703
0.4332
0.6689
0.7175
0.6698
0.714
0.4332
0.6697
0.7185
0.6705
0.7141
0.4332
0.6873
0.7249
0.6872
0.721
0.4332
0.6892
0.7251
0.6876
0.7211
0.4332
0.7048
0.7365
0.7056
0.7337
0.5007
0.7172
0.7237
0.7183
0.7263
0.6134
0.7352
0.7305
0.7358
0.7338
0.6903
0.7351
0.7175
0.7355
0.7204
0.6899
0.7333
0.7289
0.734
0.7336
0.6459
0.7333
0.7289
0.734
0.7336
0.6459
0.7292
0.7297
0.7301
0.7345
0.6066
0.7119
0.7299
0.7119
0.7235
0.5706
0.6887
0.729
0.689
0.7225
0.5588
0.686
0.7069
0.6857
0.696
0.5543
0.65
0.6898
0.6482
0.6743
0.5525
0.6484
0.6881
0.6467
0.6742
0.5525
0.6358
0.6778
0.6266
0.6645
0.5525
0.6291
0.6767
0.6128
0.6641
0.5525
0.5652
0.6622
0.5676
0.6466
0.5525
0.5652
0.6621
0.5676
0.6466
0.5525
0.5652
0.6621
0.5676
0.6466
0.5525
Ezell
0.7627
0.6046
0.7628
0.6132
0.7661
0.6693
0.4308
0.6643
0.4388
0.7652
0.6403
0.4296
0.6375
0.4381
0.7606
0.5322
0.3983
0.5305
0.4082
0.7606
0.5299
0.396
0.5284
0.4079
0.7606
0.4808
0.3775
0.4818
0.3884
0.7606
0.4761
0.3771
0.4809
0.3881
0.7606
0.4333
0.3451
0.4318
0.3529
0.7167
0.3983
0.306
0.3958
0.313
0.6317
0.3478
0.3241
0.3466
0.3333
0.4741
0.3471
0.289
0.3466
0.2972
0.4743
0.3519
0.3196
0.3507
0.3325
0.5976
0.3519
0.3196
0.3507
0.3325
0.5976
0.3625
0.3218
0.3608
0.3352
0.6341
0.4114
0.3651
0.4117
0.3817
0.6768
0.4775
0.3677
0.4771
0.3843
0.6916
0.4847
0.4299
0.4859
0.4584
0.6965
0.5841
0.4768
0.5902
0.5175
0.6986
0.5886
0.4812
0.5945
0.5176
0.6986
0.6207
0.5096
0.6247
0.5445
0.6986
0.623
0.5127
0.6292
0.5455
0.6986
0.6832
0.5548
0.6806
0.5953
0.6986
0.6832
0.5551
0.6806
0.5953
0.6986
0.6832
0.5551
0.6806
0.5953
0.6986
MtsuBlvdG
0.5262
0.5797
0.5262
0.5804
0.5253
0.5639
0.5637
0.5638
0.5644
0.5256
0.5661
0.5636
0.5661
0.5644
0.5265
0.5729
0.5608
0.5729
0.5618
0.5265
0.5727
0.5607
0.5727
0.5617
0.5265
0.5681
0.5589
0.5684
0.5599
0.5265
0.5678
0.5588
0.5683
0.5598
0.5265
0.564
0.5558
0.564
0.5565
0.5402
0.5607
0.5358
0.5606
0.5395
0.5702
0.5559
0.5456
0.5559
0.5505
0.5679
0.5555
0.5268
0.5557
0.531
0.5677
0.5559
0.5433
0.556
0.5501
0.5793
0.5559
0.5433
0.556
0.5501
0.5793
0.5567
0.5444
0.5567
0.5515
0.567
0.5614
0.5581
0.5615
0.5593
0.5632
0.5679
0.5583
0.568
0.5595
0.5623
0.5685
0.5643
0.5688
0.5665
0.5616
0.5774
0.5683
0.5783
0.5714
0.5614
0.5778
0.5686
0.5787
0.5714
0.5614
0.5801
0.5712
0.5759
0.5739
0.5614
0.5768
0.5715
0.5688
0.574
0.5614
0.5626
0.5759
0.5629
0.5789
0.5614
0.5626
0.5759
0.5629
0.5789
0.5614
0.5626
0.5759
0.5629
0.5789
0.5614
Rec
0.6501
0.6107
0.6501
0.6154
0.6509
0.6327
0.5157
0.6304
0.5201
0.6507
0.6208
0.5151
0.6196
0.5197
0.6494
0.5711
0.498
0.5702
0.5034
0.6494
0.5698
0.4968
0.5691
0.5033
0.6494
0.543
0.4866
0.5436
0.4926
0.6494
0.5404
0.4864
0.5431
0.4924
0.6494
0.5171
0.4689
0.5164
0.4731
0.6405
0.4979
0.4387
0.4967
0.4442
0.6191
0.4703
0.453
0.4697
0.4602
0.5395
0.4698
0.4255
0.4696
0.4318
0.5395
0.4723
0.4495
0.4717
0.4596
0.6071
0.4723
0.4495
0.4717
0.4596
0.6071
0.4781
0.4512
0.4772
0.4616
0.6186
0.5048
0.48
0.5051
0.4889
0.6358
0.5413
0.4814
0.5411
0.4903
0.642
0.5451
0.5155
0.5458
0.5309
0.6438
0.5994
0.541
0.6029
0.563
0.6447
0.6018
0.5434
0.6052
0.563
0.6447
0.619
0.5589
0.6187
0.5777
0.6447
0.6184
0.5606
0.6172
0.5782
0.6447
0.6383
0.5839
0.6373
0.6056
0.6447
0.6383
0.584
0.6373
0.6056
0.6447
0.6383
0.584
0.6373
0.6056
0.6447
Abernathy
0.8561
0.7449
0.8561
0.7554
0.8571
0.8099
0.5345
0.8056
0.5443
0.8568
0.7844
0.5331
0.782
0.5435
0.8554
0.6572
0.4951
0.655
0.5071
0.8554
0.6543
0.4923
0.6525
0.5068
0.8554
0.5951
0.47
0.5961
0.4832
0.8554
0.5893
0.4696
0.5951
0.4829
0.8554
0.5373
0.4309
0.5353
0.4403
0.8425
0.4952
0.3834
0.492
0.3919
0.7764
0.4342
0.4054
0.4326
0.4167
0.5865
0.4336
0.3626
0.4328
0.3727
0.5871
0.4395
0.3997
0.4379
0.4157
0.7357
0.4395
0.3997
0.4379
0.4157
0.7357
0.4525
0.4025
0.4503
0.419
0.7789
0.5115
0.4548
0.5118
0.4751
0.8164
0.591
0.458
0.5903
0.4783
0.8295
0.5998
0.5331
0.601
0.5678
0.8338
0.7203
0.5902
0.7274
0.6398
0.8356
0.7257
0.5955
0.7326
0.64
0.8356
0.7645
0.6299
0.769
0.6726
0.8356
0.7672
0.6337
0.7743
0.6737
0.8356
0.8221
0.6842
0.8198
0.7337
0.8356
0.8221
0.6846
0.8198
0.7337
0.8356
0.8221
0.6846
0.8198
0.7337
0.8356
MTSU
0.2977
0.5744
0.2976
0.5674
0.2923
0.4763
0.7143
0.4813
0.7079
0.2938
0.5107
0.7153
0.5136
0.7084
0.3008
0.6322
0.7408
0.6339
0.7328
0.3008
0.634
0.7427
0.6355
0.733
0.3008
0.6734
0.7574
0.673
0.7486
0.3008
0.6775
0.7577
0.6737
0.7488
0.3008
0.7123
0.7834
0.7138
0.777
0.3777
0.7403
0.7817
0.7424
0.7823
0.5278
0.7807
0.7835
0.7818
0.7843
0.6797
0.7807
0.7803
0.7814
0.7808
0.679
0.7768
0.7833
0.7781
0.7843
0.5802
0.7768
0.7833
0.7781
0.7843
0.5802
0.7679
0.7834
0.7695
0.7844
0.5188
0.7288
0.7682
0.7287
0.7541
0.4669
0.6763
0.7661
0.6769
0.7519
0.4497
0.6704
0.7164
0.6697
0.6925
0.4432
0.59
0.6783
0.5856
0.6442
0.4407
0.5865
0.6745
0.5822
0.6441
0.4407
0.5593
0.6516
0.5465
0.6223
0.4407
0.5502
0.6492
0.5279
0.6216
0.4407
0.4591
0.6161
0.4626
0.582
0.4407
0.4591
0.6158
0.4626
0.582
0.4407
0.4591
0.6158
0.4626
0.582
0.4407
Highland
0.2334
0.6892
0.2332
0.6789
0.2231
0.5401
0.8954
0.5493
0.8859
0.2259
0.5977
0.8968
0.603
0.8867
0.2395
0.7743
0.9339
0.7768
0.9222
0.2395
0.7771
0.9368
0.7792
0.9225
0.2395
0.8354
0.9587
0.8345
0.9456
0.2395
0.8412
0.9592
0.8356
0.9459
0.2395
0.8921
0.997
0.8938
0.9876
0.3814
0.9336
1.0
0.9364
1.0
0.6224
0.9936
1.0
0.995
1.0
0.8437
0.9942
1.0
0.9948
1.0
0.8432
0.9885
1.0
0.9901
1.0
0.6967
0.9885
1.0
0.9901
1.0
0.6967
0.9757
1.0
0.9779
1.0
0.6107
0.9177
0.974
0.9174
0.9538
0.5247
0.8392
0.971
0.8398
0.9508
0.4956
0.8306
0.8973
0.8293
0.8627
0.4853
0.7129
0.842
0.7055
0.7928
0.4811
0.7076
0.8367
0.7005
0.7927
0.4811
0.6678
0.8032
0.6497
0.7609
0.4811
0.6555
0.7995
0.6248
0.7598
0.4811
0.5118
0.7496
0.5174
0.7008
0.4811
0.5118
0.7492
0.5174
0.7008
0.4811
0.5118
0.7492
0.5174
0.7008
0.4811
MEC
0.2101
0.626
0.21
0.6155
0.2014
0.4837
0.8355
0.4922
0.8258
0.2038
0.5368
0.8368
0.5417
0.8266
0.2153
0.7123
0.8746
0.7149
0.8626
0.2153
0.7152
0.8774
0.7174
0.8629
0.2153
0.7744
0.8997
0.7736
0.8864
0.2153
0.7803
0.9002
0.7746
0.8867
0.2153
0.832
0.9386
0.8337
0.929
0.3375
0.8742
0.9439
0.8771
0.9435
0.5598
0.9352
0.9428
0.9365
0.9422
0.7828
0.9358
0.945
0.9364
0.9445
0.7823
0.9299
0.9431
0.9316
0.9423
0.6336
0.9299
0.9431
0.9316
0.9423
0.6336
0.917
0.943
0.9192
0.9421
0.5487
0.8581
0.9153
0.8577
0.8947
0.4694
0.7783
0.9123
0.7789
0.8916
0.4425
0.7696
0.8373
0.7682
0.8022
0.433
0.65
0.7812
0.6425
0.7313
0.4291
0.6447
0.7759
0.6374
0.7311
0.4291
0.6043
0.7418
0.5866
0.6989
0.4291
0.5923
0.7381
0.5624
0.6977
0.4291
0.4575
0.6874
0.4627
0.6378
0.4291
0.4575
0.687
0.4627
0.6378
0.4291
0.4575
0.687
0.4627
0.6378
0.4291
Jackson
0.185
0.632
0.1849
0.6206
0.1756
0.479
0.86
0.4882
0.8494
0.1782
0.5365
0.8615
0.5418
0.8503
0.1906
0.726
0.9026
0.7288
0.8896
0.1906
0.7291
0.9057
0.7315
0.8899
0.1906
0.7935
0.93
0.7926
0.9155
0.1906
0.8
0.9305
0.7938
0.9158
0.1906
0.8563
0.9723
0.8582
0.9619
0.3226
0.9021
0.9796
0.9053
0.9788
0.5614
0.9685
0.9776
0.97
0.9766
0.8028
0.9691
0.9815
0.9698
0.9805
0.8022
0.9628
0.9782
0.9645
0.9767
0.6403
0.9628
0.9782
0.9645
0.9767
0.6403
0.9487
0.9779
0.951
0.9764
0.5495
0.8845
0.9469
0.8842
0.9245
0.4635
0.7979
0.9436
0.7985
0.9212
0.4345
0.7883
0.8621
0.7869
0.8238
0.4242
0.6581
0.801
0.65
0.7465
0.42
0.6523
0.7951
0.6445
0.7463
0.42
0.6084
0.758
0.5897
0.7112
0.42
0.5957
0.7539
0.564
0.71
0.42
0.4506
0.6989
0.4563
0.6448
0.42
0.4506
0.6984
0.4563
0.6448
0.42
0.4506
0.6984
0.4563
0.6448
0.42
Livestock
0.1407
0.1493
0.1408
0.1412
0.1456
0.0965
0.3116
0.097
0.3041
0.1442
0.1015
0.3126
0.1017
0.3047
0.1378
0.2163
0.3421
0.2183
0.3329
0.1378
0.2185
0.3444
0.2202
0.3331
0.1378
0.2642
0.3615
0.2637
0.3513
0.1378
0.2689
0.3619
0.2645
0.3515
0.1378
0.3092
0.3916
0.3108
0.3842
0.0825
0.3416
0.4057
0.3441
0.4033
0.1076
0.3886
0.3998
0.3898
0.3967
0.2713
0.3887
0.4115
0.3894
0.4085
0.2706
0.3842
0.4017
0.3856
0.3971
0.1559
0.3842
0.4017
0.3856
0.3971
0.1559
0.3739
0.4009
0.3758
0.3961
0.1029
0.3285
0.3738
0.3284
0.3576
0.0952
0.2675
0.3714
0.2681
0.3552
0.0928
0.2606
0.3138
0.2598
0.2862
0.0917
0.1676
0.2697
0.1623
0.2305
0.0913
0.1635
0.2654
0.1584
0.2303
0.0913
0.1326
0.2389
0.1225
0.2051
0.0913
0.1256
0.236
0.1083
0.2043
0.0913
0.094
0.1975
0.0945
0.1583
0.0913
0.094
0.1972
0.0945
0.1583
0.0913
0.094
0.1972
0.0945
0.1583
0.0913
Greenhouse
0.413
0.2755
0.413
0.2754
0.4194
0.2918
0.2762
0.2882
0.2762
0.4177
0.2732
0.2762
0.2711
0.2762
0.409
0.2758
0.2765
0.2759
0.2765
0.409
0.2758
0.2766
0.2759
0.2765
0.409
0.2759
0.2765
0.276
0.2765
0.409
0.276
0.2765
0.276
0.2765
0.409
0.2764
0.2766
0.2766
0.2765
0.3286
0.2764
0.2679
0.2765
0.2695
0.2697
0.2764
0.2722
0.2765
0.2743
0.2765
0.2761
0.2641
0.2763
0.2658
0.2762
0.276
0.2714
0.2762
0.2741
0.276
0.276
0.2714
0.2762
0.2741
0.276
0.2758
0.2718
0.2759
0.2747
0.2694
0.2758
0.277
0.2759
0.2765
0.2968
0.2761
0.277
0.2762
0.2765
0.3065
0.2759
0.277
0.276
0.2763
0.3095
0.2752
0.2764
0.2756
0.2755
0.3109
0.2752
0.2763
0.2756
0.2755
0.3109
0.2747
0.2761
0.2724
0.2753
0.3109
0.2728
0.2761
0.2683
0.2753
0.3109
0.3009
0.2766
0.2992
0.2755
0.3109
0.3009
0.2765
0.2992
0.2755
0.3109
0.3009
0.2765
0.2992
0.2755
0.3109
ChampionWayG
0.3326
0.0
0.3326
0.0
0.3462
0.0536
0.0
0.0467
0.0
0.3425
0.0128
0.0
0.0087
0.0
0.3244
0.0
0.0
0.0
0.0
0.3244
0.0
0.0
0.0
0.0
0.3244
0.0
0.0
0.0
0.0
0.3244
0.0
0.0
0.0
0.0
0.3244
0.0
0.0
0.0
0.0
0.1515
0.0
0.0
0.0
0.0
0.0
0.0
0.0
0.0
0.0
0.0
0.0
0.0
0.0
0.0
0.0
0.0
0.0
0.0
0.0
0.0
0.0
0.0
0.0
0.0
0.0
0.0
0.0
0.0
0.0
0.0039
0.0
0.0
0.0
0.0
0.0649
0.0
0.0
0.0
0.0
0.0857
0.0
0.0
0.0
0.0
0.0929
0.0
0.0
0.0
0.0
0.0959
0.0
0.0
0.0
0.0
0.0959
0.0
0.0
0.0
0.0
0.0959
0.0
0.0
0.0
0.0
0.0959
0.074
0.0
0.0699
0.0
0.0959
0.074
0.0
0.0699
0.0
0.0959
0.074
0.0
0.0699
0.0
0.0959
Greenland
0.0876
0.0474
0.0877
0.0384
0.0947
0.0
0.225
0.0
0.2167
0.0928
0.0
0.2261
0.0
0.2174
0.0834
0.1206
0.2581
0.1228
0.248
0.0834
0.123
0.2605
0.1249
0.2482
0.0834
0.1732
0.2794
0.1726
0.2682
0.0834
0.1782
0.2798
0.1735
0.2684
0.0834
0.2221
0.3124
0.2237
0.3042
0.0
0.2578
0.3318
0.2603
0.3285
0.0033
0.3095
0.3234
0.3107
0.3191
0.1805
0.3099
0.3397
0.3106
0.3358
0.18
0.3049
0.3257
0.3064
0.3196
0.0539
0.3049
0.3257
0.3064
0.3196
0.0539
0.2939
0.3247
0.2959
0.3184
0.0
0.244
0.2927
0.2438
0.2752
0.0
0.1765
0.2901
0.1771
0.2726
0.0
0.1691
0.2266
0.1681
0.1968
0.0
0.0676
0.1789
0.0614
0.1366
0.0
0.0631
0.1744
0.0572
0.1365
0.0
0.0296
0.1455
0.0193
0.1091
0.0
0.0227
0.1424
0.0055
0.1082
0.0
0.0
0.0995
0.0
0.0574
0.0
0.0
0.0991
0.0
0.0574
0.0
0.0
0.0991
0.0
0.0574
0.0
MiddleTN
0.0256
0.1705
0.0256
0.1582
0.0274
0.0707
0.4155
0.0747
0.4041
0.0269
0.0947
0.4171
0.097
0.4051
0.0244
0.2715
0.4612
0.2746
0.4472
0.0244
0.2748
0.4646
0.2775
0.4476
0.0244
0.3441
0.4906
0.3433
0.4751
0.0244
0.351
0.4911
0.3445
0.4754
0.0244
0.4115
0.5361
0.4137
0.5248
0.01
0.4607
0.5595
0.4643
0.5556
0.1072
0.5321
0.5496
0.5338
0.5445
0.3541
0.5326
0.569
0.5335
0.5643
0.3535
0.5257
0.5525
0.5278
0.5451
0.1796
0.5257
0.5525
0.5278
0.5451
0.1796
0.5106
0.5513
0.5132
0.5437
0.0999
0.4417
0.509
0.4415
0.4848
0.0642
0.3487
0.5054
0.3495
0.4812
0.052
0.3384
0.4179
0.337
0.3767
0.0478
0.1985
0.3522
0.1899
0.2936
0.046
0.1923
0.3458
0.184
0.2934
0.046
0.1459
0.3061
0.1306
0.2557
0.046
0.1357
0.3017
0.1101
0.2544
0.046
0.0588
0.2426
0.0612
0.1844
0.046
0.0588
0.2421
0.0612
0.1844
0.046
0.0588
0.2421
0.0612
0.1844
0.046
