Rose
0.0144
0.1803
0.0144
0.1671
0.0151
0.0496
0.6580
0.0536
0.6348
0.0149
0.0946
0.6600
0.1003
0.6368
0.0141
0.3004
0.7073
0.3043
0.6936
0.0141
0.3046
0.7104
0.3080
0.6940
0.0141
0.4893
0.7329
0.4865
0.7199
0.0141
0.5076
0.7333
0.4898
0.7202
0.0141
0.6510
0.7661
0.6557
0.7586
0.0035
0.7068
0.7908
0.7102
0.7866
0.1174
0.7633
0.7799
0.7645
0.7742
0.5160
0.7637
0.8007
0.7643
0.7959
0.5141
0.7591
0.7830
0.7605
0.7747
0.1904
0.7591
0.7830
0.7605
0.7747
0.1904
0.7482
0.7816
0.7502
0.7730
0.1072
0.6879
0.7469
0.6875
0.7280
0.0434
0.5020
0.7443
0.5040
0.7250
0.0327
0.4742
0.6608
0.4701
0.5721
0.0292
0.2116
0.5088
0.2019
0.3362
0.0278
0.2045
0.4920
0.1953
0.3355
0.0278
0.1541
0.3751
0.1396
0.2799
0.0278
0.1444
0.3611
0.1202
0.2782
0.0278
0.0386
0.2638
0.0407
0.1955
0.0278
0.0386
0.2632
0.0407
0.1955
0.0278
0.0386
0.2632
0.0407
0.1955
0.0278
FairView
0.0144
0.1803
0.0144
0.1671
0.0151
0.0496
0.6580
0.0536
0.6348
0.0149
0.0946
0.6600
0.1003
0.6368
0.0141
0.3004
0.7073
0.3043
0.6936
0.0141
0.3046
0.7104
0.3080
0.6940
0.0141
0.4893
0.7329
0.4865
0.7199
0.0141
0.5076
0.7333
0.4898
0.7202
0.0141
0.6510
0.7661
0.6557
0.7586
0.0035
0.7068
0.7908
0.7102
0.7866
0.1174
0.7633
0.7799
0.7645
0.7742
0.5160
0.7637
0.8007
0.7643
0.7959
0.5141
0.7591
0.7830
0.7605
0.7747
0.1904
0.7591
0.7830
0.7605
0.7747
0.1904
0.7482
0.7816
0.7502
0.7730
0.1072
0.6879
0.7469
0.6875
0.7280
0.0434
0.5020
0.7443
0.5040
0.7250
0.0327
0.4742
0.6608
0.4701
0.5721
0.0292
0.2116
0.5088
0.2019
0.3362
0.0278
0.2045
0.4920
0.1953
0.3355
0.0278
0.1541
0.3751
0.1396
0.2799
0.0278
0.1444
0.3611
0.1202
0.2782
0.0278
0.0386
0.2638
0.0407
0.1955
0.0278
0.0386
0.2632
0.0407
0.1955
0.0278
0.0386
0.2632
0.0407
0.1955
0.0278
Bell
0.0144
0.1803
0.0144
0.1671
0.0151
0.0496
0.6580
0.0536
0.6348
0.0149
0.0946
0.6600
0.1003
0.6368
0.0141
0.3004
0.7073
0.3043
0.6936
0.0141
0.3046
0.7104
0.3080
0.6940
0.0141
0.4893
0.7329
0.4865
0.7199
0.0141
0.5076
0.7333
0.4898
0.7202
0.0141
0.6510
0.7661
0.6557
0.7586
0.0035
0.7068
0.7908
0.7102
0.7866
0.1174
0.7633
0.7799
0.7645
0.7742
0.5160
0.7637
0.8007
0.7643
0.7959
0.5141
0.7591
0.7830
0.7605
0.7747
0.1904
0.7591
0.7830
0.7605
0.7747
0.1904
0.7482
0.7816
0.7502
0.7730
0.1072
0.6879
0.7469
0.6875
0.7280
0.0434
0.5020
0.7443
0.5040
0.7250
0.0327
0.4742
0.6608
0.4701
0.5721
0.0292
0.2116
0.5088
0.2019
0.3362
0.0278
0.2045
0.4920
0.1953
0.3355
0.0278
0.1541
0.3751
0.1396
0.2799
0.0278
0.1444
0.3611
0.1202
0.2782
0.0278
0.0386
0.2638
0.0407
0.1955
0.0278
0.0386
0.2632
0.0407
0.1955
0.0278
0.0386
0.2632
0.0407
0.1955
0.0278
IngramN
0.0144
0.1803
0.0144
0.1671
0.0151
0.0496
0.6580
0.0536
0.6348
0.0149
0.0946
0.6600
0.1003
0.6368
0.0141
0.3004
0.7073
0.3043
0.6936
0.0141
0.3046
0.7104
0.3080
0.6940
0.0141
0.4893
0.7329
0.4865
0.7199
0.0141
0.5076
0.7333
0.4898
0.7202
0.0141
0.6510
0.7661
0.6557
0.7586
0.0035
0.7068
0.7908
0.7102
0.7866
0.1174
0.7633
0.7799
0.7645
0.7742
0.5160
0.7637
0.8007
0.7643
0.7959
0.5141
0.7591
0.7830
0.7605
0.7747
0.1904
0.7591
0.7830
0.7605
0.7747
0.1904
0.7482
0.7816
0.7502
0.7730
0.1072
0.6879
0.7469
0.6875
0.7280
0.0434
0.5020
0.7443
0.5040
0.7250
0.0327
0.4742
0.6608
0.4701
0.5721
0.0292
0.2116
0.5088
0.2019
0.3362
0.0278
0.2045
0.4920
0.1953
0.3355
0.0278
0.1541
0.3751
0.1396
0.2799
0.0278
0.1444
0.3611
0.1202
0.2782
0.0278
0.0386
0.2638
0.0407
0.1955
0.0278
0.0386
0.2632
0.0407
0.1955
0.0278
0.0386
0.2632
0.0407
0.1955
0.0278
IngramS
0.0144
0.1803
0.0144
0.1671
0.0151
0.0496
0.6580
0.0536
0.6348
0.0149
0.0946
0.6600
0.1003
0.6368
0.0141
0.3004
0.7073
0.3043
0.6936
0.0141
0.3046
0.7104
0.3080
0.6940
0.0141
0.4893
0.7329
0.4865
0.7199
0.0141
0.5076
0.7333
0.4898
0.7202
0.0141
0.6510
0.7661
0.6557
0.7586
0.0035
0.7068
0.7908
0.7102
0.7866
0.1174
0.7633
0.7799
0.7645
0.7742
0.5160
0.7637
0.8007
0.7643
0.7959
0.5141
0.7591
0.7830
0.7605
0.7747
0.1904
0.7591
0.7830
0.7605
0.7747
0.1904
0.7482
0.7816
0.7502
0.7730
0.1072
0.6879
0.7469
0.6875
0.7280
0.0434
0.5020
0.7443
0.5040
0.7250
0.0327
0.4742
0.6608
0.4701
0.5721
0.0292
0.2116
0.5088
0.2019
0.3362
0.0278
0.2045
0.4920
0.1953
0.3355
0.0278
0.1541
0.3751
0.1396
0.2799
0.0278
0.1444
0.3611
0.1202
0.2782
0.0278
0.0386
0.2638
0.0407
0.1955
0.0278
0.0386
0.2632
0.0407
0.1955
0.0278
0.0386
0.2632
0.0407
0.1955
0.0278
ParkingServ
0.0144
0.1803
0.0144
0.1671
0.0151
0.0496
0.6580
0.0536
0.6348
0.0149
0.0946
0.6600
0.1003
0.6368
0.0141
0.3004
0.7073
0.3043
0.6936
0.0141
0.3046
0.7104
0.3080
0.6940
0.0141
0.4893
0.7329
0.4865
0.7199
0.0141
0.5076
0.7333
0.4898
0.7202
0.0141
0.6510
0.7661
0.6557
0.7586
0.0035
0.7068
0.7908
0.7102
0.7866
0.1174
0.7633
0.7799
0.7645
0.7742
0.5160
0.7637
0.8007
0.7643
0.7959
0.5141
0.7591
0.7830
0.7605
0.7747
0.1904
0.7591
0.7830
0.7605
0.7747
0.1904
0.7482
0.7816
0.7502
0.7730
0.1072
0.6879
0.7469
0.6875
0.7280
0.0434
0.5020
0.7443
0.5040
0.7250
0.0327
0.4742
0.6608
0.4701
0.5721
0.0292
0.2116
0.5088
0.2019
0.3362
0.0278
0.2045
0.4920
0.1953
0.3355
0.0278
0.1541
0.3751
0.1396
0.2799
0.0278
0.1444
0.3611
0.1202
0.2782
0.0278
0.0386
0.2638
0.0407
0.1955
0.0278
0.0386
0.2632
0.0407
0.1955
0.0278
0.0386
0.2632
0.0407
0.1955
0.0278
MainSt
0.0144
0.1803
0.0144
0.1671
0.0151
0.0496
0.6580
0.0536
0.6348
0.0149
0.0946
0.6600
0.1003
0.6368
0.0141
0.3004
0.7073
0.3043
0.6936
0.0141
0.3046
0.7104
0.3080
0.6940
0.0141
0.4893
0.7329
0.4865
0.7199
0.0141
0.5076
0.7333
0.4898
0.7202
0.0141
0.6510
0.7661
0.6557
0.7586
0.0035
0.7068
0.7908
0.7102
0.7866
0.1174
0.7633
0.7799
0.7645
0.7742
0.5160
0.7637
0.8007
0.7643
0.7959
0.5141
0.7591
0.7830
0.7605
0.7747
0.1904
0.7591
0.7830
0.7605
0.7747
0.1904
0.7482
0.7816
0.7502
0.7730
0.1072
0.6879
0.7469
0.6875
0.7280
0.0434
0.5020
0.7443
0.5040
0.7250
0.0327
0.4742
0.6608
0.4701
0.5721
0.0292
0.2116
0.5088
0.2019
0.3362
0.0278
0.2045
0.4920
0.1953
0.3355
0.0278
0.1541
0.3751
0.1396
0.2799
0.0278
0.1444
0.3611
0.1202
0.2782
0.0278
0.0386
0.2638
0.0407
0.1955
0.0278
0.0386
0.2632
0.0407
0.1955
0.0278
0.0386
0.2632
0.0407
0.1955
0.0278
PublicSafety
0.0144
0.1803
0.0144
0.1671
0.0151
0.0496
0.6580
0.0536
0.6348
0.0149
0.0946
0.6600
0.1003
0.6368
0.0141
0.3004
0.7073
0.3043
0.6936
0.0141
0.3046
0.7104
0.3080
0.6940
0.0141
0.4893
0.7329
0.4865
0.7199
0.0141
0.5076
0.7333
0.4898
0.7202
0.0141
0.6510
0.7661
0.6557
0.7586
0.0035
0.7068
0.7908
0.7102
0.7866
0.1174
0.7633
0.7799
0.7645
0.7742
0.5160
0.7637
0.8007
0.7643
0.7959
0.5141
0.7591
0.7830
0.7605
0.7747
0.1904
0.7591
0.7830
0.7605
0.7747
0.1904
0.7482
0.7816
0.7502
0.7730
0.1072
0.6879
0.7469
0.6875
0.7280
0.0434
0.5020
0.7443
0.5040
0.7250
0.0327
0.4742
0.6608
0.4701
0.5721
0.0292
0.2116
0.5088
0.2019
0.3362
0.0278
0.2045
0.4920
0.1953
0.3355
0.0278
0.1541
0.3751
0.1396
0.2799
0.0278
0.1444
0.3611
0.1202
0.2782
0.0278
0.0386
0.2638
0.0407
0.1955
0.0278
0.0386
0.2632
0.0407
0.1955
0.0278
0.0386
0.2632
0.0407
0.1955
0.0278
CollegeHeights
0.0144
0.1803
0.0144
0.1671
0.0151
0.0496
0.6580
0.0536
0.6348
0.0149
0.0946
0.6600
0.1003
0.6368
0.0141
0.3004
0.7073
0.3043
0.6936
0.0141
0.3046
0.7104
0.3080
0.6940
0.0141
0.4893
0.7329
0.4865
0.7199
0.0141
0.5076
0.7333
0.4898
0.7202
0.0141
0.6510
0.7661
0.6557
0.7586
0.0035
0.7068
0.7908
0.7102
0.7866
0.1174
0.7633
0.7799
0.7645
0.7742
0.5160
0.7637
0.8007
0.7643
0.7959
0.5141
0.7591
0.7830
0.7605
0.7747
0.1904
0.7591
0.7830
0.7605
0.7747
0.1904
0.7482
0.7816
0.7502
0.7730
0.1072
0.6879
0.7469
0.6875
0.7280
0.0434
0.5020
0.7443
0.5040
0.7250
0.0327
0.4742
0.6608
0.4701
0.5721
0.0292
0.2116
0.5088
0.2019
0.3362
0.0278
0.2045
0.4920
0.1953
0.3355
0.0278
0.1541
0.3751
0.1396
0.2799
0.0278
0.1444
0.3611
0.1202
0.2782
0.0278
0.0386
0.2638
0.0407
0.1955
0.0278
0.0386
0.2632
0.0407
0.1955
0.0278
0.0386
0.2632
0.0407
0.1955
0.0278
SportsPlex
0.0144
0.1803
0.0144
0.1671
0.0151
0.0496
0.6580
0.0536
0.6348
0.0149
0.0946
0.6600
0.1003
0.6368
0.0141
0.3004
0.7073
0.3043
0.6936
0.0141
0.3046
0.7104
0.3080
0.6940
0.0141
0.4893
0.7329
0.4865
0.7199
0.0141
0.5076
0.7333
0.4898
0.7202
0.0141
0.6510
0.7661
0.6557
0.7586
0.0035
0.7068
0.7908
0.7102
0.7866
0.1174
0.7633
0.7799
0.7645
0.7742
0.5160
0.7637
0.8007
0.7643
0.7959
0.5141
0.7591
0.7830
0.7605
0.7747
0.1904
0.7591
0.7830
0.7605
0.7747
0.1904
0.7482
0.7816
0.7502
0.7730
0.1072
0.6879
0.7469
0.6875
0.7280
0.0434
0.5020
0.7443
0.5040
0.7250
0.0327
0.4742
0.6608
0.4701
0.5721
0.0292
0.2116
0.5088
0.2019
0.3362
0.0278
0.2045
0.4920
0.1953
0.3355
0.0278
0.1541
0.3751
0.1396
0.2799
0.0278
0.1444
0.3611
0.1202
0.2782
0.0278
0.0386
0.2638
0.0407
0.1955
0.0278
0.0386
0.2632
0.0407
0.1955
0.0278
0.0386
0.2632
0.0407
0.1955
0.0278
CityView
0.0144
0.1803
0.0144
0.1671
0.0151
0.0496
0.6580
0.0536
0.6348
0.0149
0.0946
0.6600
0.1003
0.6368
0.0141
0.3004
0.7073
0.3043
0.6936
0.0141
0.3046
0.7104
0.3080
0.6940
0.0141
0.4893
0.7329
0.4865
0.7199
0.0141
0.5076
0.7333
0.4898
0.7202
0.0141
0.6510
0.7661
0.6557
0.7586
0.0035
0.7068
0.7908
0.7102
0.7866
0.1174
0.7633
0.7799
0.7645
0.7742
0.5160
0.7637
0.8007
0.7643
0.7959
0.5141
0.7591
0.7830
0.7605
0.7747
0.1904
0.7591
0.7830
0.7605
0.7747
0.1904
0.7482
0.7816
0.7502
0.7730
0.1072
0.6879
0.7469
0.6875
0.7280
0.0434
0.5020
0.7443
0.5040
0.7250
0.0327
0.4742
0.6608
0.4701
0.5721
0.0292
0.2116
0.5088
0.2019
0.3362
0.0278
0.2045
0.4920
0.1953
0.3355
0.0278
0.1541
0.3751
0.1396
0.2799
0.0278
0.1444
0.3611
0.1202
0.2782
0.0278
0.0386
0.2638
0.0407
0.1955
0.0278
0.0386
0.2632
0.0407
0.1955
0.0278
0.0386
0.2632
0.0407
0.1955
0.0278
GreekRow
0.0144
0.1803
0.0144
0.1671
0.0151
0.0496
0.6580
0.0536
0.6348
0.0149
0.0946
0.6600
0.1003
0.6368
0.0141
0.3004
0.7073
0.3043
0.6936
0.0141
0.3046
0.7104
0.3080
0.6940
0.0141
0.4893
0.7329
0.4865
0.7199
0.0141
0.5076
0.7333
0.4898
0.7202
0.0141
0.6510
0.7661
0.6557
0.7586
0.0035
0.7068
0.7908
0.7102
0.7866
0.1174
0.7633
0.7799
0.7645
0.7742
0.5160
0.7637
0.8007
0.7643
0.7959
0.5141
0.7591
0.7830
0.7605
0.7747
0.1904
0.7591
0.7830
0.7605
0.7747
0.1904
0.7482
0.7816
0.7502
0.7730
0.1072
0.6879
0.7469
0.6875
0.7280
0.0434
0.5020
0.7443
0.5040
0.7250
0.0327
0.4742
0.6608
0.4701
0.5721
0.0292
0.2116
0.5088
0.2019
0.3362
0.0278
0.2045
0.4920
0.1953
0.3355
0.0278
0.1541
0.3751
0.1396
0.2799
0.0278
0.1444
0.3611
0.1202
0.2782
0.0278
0.0386
0.2638
0.0407
0.1955
0.0278
0.0386
0.2632
0.0407
0.1955
0.0278
0.0386
0.2632
0.0407
0.1955
0.0278
Rutherford
0.0144
0.1803
0.0144
0.1671
0.0151
0.0496
0.6580
0.0536
0.6348
0.0149
0.0946
0.6600
0.1003
0.6368
0.0141
0.3004
0.7073
0.3043
0.6936
0.0141
0.3046
0.7104
0.3080
0.6940
0.0141
0.4893
0.7329
0.4865
0.7199
0.0141
0.5076
0.7333
0.4898
0.7202
0.0141
0.6510
0.7661
0.6557
0.7586
0.0035
0.7068
0.7908
0.7102
0.7866
0.1174
0.7633
0.7799
0.7645
0.7742
0.5160
0.7637
0.8007
0.7643
0.7959
0.5141
0.7591
0.7830
0.7605
0.7747
0.1904
0.7591
0.7830
0.7605
0.7747
0.1904
0.7482
0.7816
0.7502
0.7730
0.1072
0.6879
0.7469
0.6875
0.7280
0.0434
0.5020
0.7443
0.5040
0.7250
0.0327
0.4742
0.6608
0.4701
0.5721
0.0292
0.2116
0.5088
0.2019
0.3362
0.0278
0.2045
0.4920
0.1953
0.3355
0.0278
0.1541
0.3751
0.1396
0.2799
0.0278
0.1444
0.3611
0.1202
0.2782
0.0278
0.0386
0.2638
0.0407
0.1955
0.0278
0.0386
0.2632
0.0407
0.1955
0.0278
0.0386
0.2632
0.0407
0.1955
0.0278
Softball
0.0144
0.1803
0.0144
0.1671
0.0151
0.0496
0.6580
0.0536
0.6348
0.0149
0.0946
0.6600
0.1003
0.6368
0.0141
0.3004
0.7073
0.3043
0.6936
0.0141
0.3046
0.7104
0.3080
0.6940
0.0141
0.4893
0.7329
0.4865
0.7199
0.0141
0.5076
0.7333
0.4898
0.7202
0.0141
0.6510
0.7661
0.6557
0.7586
0.0035
0.7068
0.7908
0.7102
0.7866
0.1174
0.7633
0.7799
0.7645
0.7742
0.5160
0.7637
0.8007
0.7643
0.7959
0.5141
0.7591
0.7830
0.7605
0.7747
0.1904
0.7591
0.7830
0.7605
0.7747
0.1904
0.7482
0.7816
0.7502
0.7730
0.1072
0.6879
0.7469
0.6875
0.7280
0.0434
0.5020
0.7443
0.5040
0.7250
0.0327
0.4742
0.6608
0.4701
0.5721
0.0292
0.2116
0.5088
0.2019
0.3362
0.0278
0.2045
0.4920
0.1953
0.3355
0.0278
0.1541
0.3751
0.1396
0.2799
0.0278
0.1444
0.3611
0.1202
0.2782
0.0278
0.0386
0.2638
0.0407
0.1955
0.0278
0.0386
0.2632
0.0407
0.1955
0.0278
0.0386
0.2632
0.0407
0.1955
0.0278
Ezell
0.0144
0.1803
0.0144
0.1671
0.0151
0.0496
0.6580
0.0536
0.6348
0.0149
0.0946
0.6600
0.1003
0.6368
0.0141
0.3004
0.7073
0.3043
0.6936
0.0141
0.3046
0.7104
0.3080
0.6940
0.0141
0.4893
0.7329
0.4865
0.7199
0.0141
0.5076
0.7333
0.4898
0.7202
0.0141
0.6510
0.7661
0.6557
0.7586
0.0035
0.7068
0.7908
0.7102
0.7866
0.1174
0.7633
0.7799
0.7645
0.7742
0.5160
0.7637
0.8007
0.7643
0.7959
0.5141
0.7591
0.7830
0.7605
0.7747
0.1904
0.7591
0.7830
0.7605
0.7747
0.1904
0.7482
0.7816
0.7502
0.7730
0.1072
0.6879
0.7469
0.6875
0.7280
0.0434
0.5020
0.7443
0.5040
0.7250
0.0327
0.4742
0.6608
0.4701
0.5721
0.0292
0.2116
0.5088
0.2019
0.3362
0.0278
0.2045
0.4920
0.1953
0.3355
0.0278
0.1541
0.3751
0.1396
0.2799
0.0278
0.1444
0.3611
0.1202
0.2782
0.0278
0.0386
0.2638
0.0407
0.1955
0.0278
0.0386
0.2632
0.0407
0.1955
0.0278
0.0386
0.2632
0.0407
0.1955
0.0278
MtsuBlvdG
0.0144
0.1803
0.0144
0.1671
0.0151
0.0496
0.6580
0.0536
0.6348
0.0149
0.0946
0.6600
0.1003
0.6368
0.0141
0.3004
0.7073
0.3043
0.6936
0.0141
0.3046
0.7104
0.3080
0.6940
0.0141
0.4893
0.7329
0.4865
0.7199
0.0141
0.5076
0.7333
0.4898
0.7202
0.0141
0.6510
0.7661
0.6557
0.7586
0.0035
0.7068
0.7908
0.7102
0.7866
0.1174
0.7633
0.7799
0.7645
0.7742
0.5160
0.7637
0.8007
0.7643
0.7959
0.5141
0.7591
0.7830
0.7605
0.7747
0.1904
0.7591
0.7830
0.7605
0.7747
0.1904
0.7482
0.7816
0.7502
0.7730
0.1072
0.6879
0.7469
0.6875
0.7280
0.0434
0.5020
0.7443
0.5040
0.7250
0.0327
0.4742
0.6608
0.4701
0.5721
0.0292
0.2116
0.5088
0.2019
0.3362
0.0278
0.2045
0.4920
0.1953
0.3355
0.0278
0.1541
0.3751
0.1396
0.2799
0.0278
0.1444
0.3611
0.1202
0.2782
0.0278
0.0386
0.2638
0.0407
0.1955
0.0278
0.0386
0.2632
0.0407
0.1955
0.0278
0.0386
0.2632
0.0407
0.1955
0.0278
Rec
0.0144
0.1803
0.0144
0.1671
0.0151
0.0496
0.6580
0.0536
0.6348
0.0149
0.0946
0.6600
0.1003
0.6368
0.0141
0.3004
0.7073
0.3043
0.6936
0.0141
0.3046
0.7104
0.3080
0.6940
0.0141
0.4893
0.7329
0.4865
0.7199
0.0141
0.5076
0.7333
0.4898
0.7202
0.0141
0.6510
0.7661
0.6557
0.7586
0.0035
0.7068
0.7908
0.7102
0.7866
0.1174
0.7633
0.7799
0.7645
0.7742
0.5160
0.7637
0.8007
0.7643
0.7959
0.5141
0.7591
0.7830
0.7605
0.7747
0.1904
0.7591
0.7830
0.7605
0.7747
0.1904
0.7482
0.7816
0.7502
0.7730
0.1072
0.6879
0.7469
0.6875
0.7280
0.0434
0.5020
0.7443
0.5040
0.7250
0.0327
0.4742
0.6608
0.4701
0.5721
0.0292
0.2116
0.5088
0.2019
0.3362
0.0278
0.2045
0.4920
0.1953
0.3355
0.0278
0.1541
0.3751
0.1396
0.2799
0.0278
0.1444
0.3611
0.1202
0.2782
0.0278
0.0386
0.2638
0.0407
0.1955
0.0278
0.0386
0.2632
0.0407
0.1955
0.0278
0.0386
0.2632
0.0407
0.1955
0.0278
Abernathy
0.0144
0.1803
0.0144
0.1671
0.0151
0.0496
0.6580
0.0536
0.6348
0.0149
0.0946
0.6600
0.1003
0.6368
0.0141
0.3004
0.7073
0.3043
0.6936
0.0141
0.3046
0.7104
0.3080
0.6940
0.0141
0.4893
0.7329
0.4865
0.7199
0.0141
0.5076
0.7333
0.4898
0.7202
0.0141
0.6510
0.7661
0.6557
0.7586
0.0035
0.7068
0.7908
0.7102
0.7866
0.1174
0.7633
0.7799
0.7645
0.7742
0.5160
0.7637
0.8007
0.7643
0.7959
0.5141
0.7591
0.7830
0.7605
0.7747
0.1904
0.7591
0.7830
0.7605
0.7747
0.1904
0.7482
0.7816
0.7502
0.7730
0.1072
0.6879
0.7469
0.6875
0.7280
0.0434
0.5020
0.7443
0.5040
0.7250
0.0327
0.4742
0.6608
0.4701
0.5721
0.0292
0.2116
0.5088
0.2019
0.3362
0.0278
0.2045
0.4920
0.1953
0.3355
0.0278
0.1541
0.3751
0.1396
0.2799
0.0278
0.1444
0.3611
0.1202
0.2782
0.0278
0.0386
0.2638
0.0407
0.1955
0.0278
0.0386
0.2632
0.0407
0.1955
0.0278
0.0386
0.2632
0.0407
0.1955
0.0278
MTSU
0.0144
0.1803
0.0144
0.1671
0.0151
0.0496
0.6580
0.0536
0.6348
0.0149
0.0946
0.6600
0.1003
0.6368
0.0141
0.3004
0.7073
0.3043
0.6936
0.0141
0.3046
0.7104
0.3080
0.6940
0.0141
0.4893
0.7329
0.4865
0.7199
0.0141
0.5076
0.7333
0.4898
0.7202
0.0141
0.6510
0.7661
0.6557
0.7586
0.0035
0.7068
0.7908
0.7102
0.7866
0.1174
0.7633
0.7799
0.7645
0.7742
0.5160
0.7637
0.8007
0.7643
0.7959
0.5141
0.7591
0.7830
0.7605
0.7747
0.1904
0.7591
0.7830
0.7605
0.7747
0.1904
0.7482
0.7816
0.7502
0.7730
0.1072
0.6879
0.7469
0.6875
0.7280
0.0434
0.5020
0.7443
0.5040
0.7250
0.0327
0.4742
0.6608
0.4701
0.5721
0.0292
0.2116
0.5088
0.2019
0.3362
0.0278
0.2045
0.4920
0.1953
0.3355
0.0278
0.1541
0.3751
0.1396
0.2799
0.0278
0.1444
0.3611
0.1202
0.2782
0.0278
0.0386
0.2638
0.0407
0.1955
0.0278
0.0386
0.2632
0.0407
0.1955
0.0278
0.0386
0.2632
0.0407
0.1955
0.0278
Highland
0.0144
0.1803
0.0144
0.1671
0.0151
0.0496
0.6580
0.0536
0.6348
0.0149
0.0946
0.6600
0.1003
0.6368
0.0141
0.3004
0.7073
0.3043
0.6936
0.0141
0.3046
0.7104
0.3080
0.6940
0.0141
0.4893
0.7329
0.4865
0.7199
0.0141
0.5076
0.7333
0.4898
0.7202
0.0141
0.6510
0.7661
0.6557
0.7586
0.0035
0.7068
0.7908
0.7102
0.7866
0.1174
0.7633
0.7799
0.7645
0.7742
0.5160
0.7637
0.8007
0.7643
0.7959
0.5141
0.7591
0.7830
0.7605
0.7747
0.1904
0.7591
0.7830
0.7605
0.7747
0.1904
0.7482
0.7816
0.7502
0.7730
0.1072
0.6879
0.7469
0.6875
0.7280
0.0434
0.5020
0.7443
0.5040
0.7250
0.0327
0.4742
0.6608
0.4701
0.5721
0.0292
0.2116
0.5088
0.2019
0.3362
0.0278
0.2045
0.4920
0.1953
0.3355
0.0278
0.1541
0.3751
0.1396
0.2799
0.0278
0.1444
0.3611
0.1202
0.2782
0.0278
0.0386
0.2638
0.0407
0.1955
0.0278
0.0386
0.2632
0.0407
0.1955
0.0278
0.0386
0.2632
0.0407
0.1955
0.0278
MEC
0.0144
0.1803
0.0144
0.1671
0.0151
0.0496
0.6580
0.0536
0.6348
0.0149
0.0946
0.6600
0.1003
0.6368
0.0141
0.3004
0.7073
0.3043
0.6936
0.0141
0.3046
0.7104
0.3080
0.6940
0.0141
0.4893
0.7329
0.4865
0.7199
0.0141
0.5076
0.7333
0.4898
0.7202
0.0141
0.6510
0.7661
0.6557
0.7586
0.0035
0.7068
0.7908
0.7102
0.7866
0.1174
0.7633
0.7799
0.7645
0.7742
0.5160
0.7637
0.8007
0.7643
0.7959
0.5141
0.7591
0.7830
0.7605
0.7747
0.1904
0.7591
0.7830
0.7605
0.7747
0.1904
0.7482
0.7816
0.7502
0.7730
0.1072
0.6879
0.7469
0.6875
0.7280
0.0434
0.5020
0.7443
0.5040
0.7250
0.0327
0.4742
0.6608
0.4701
0.5721
0.0292
0.2116
0.5088
0.2019
0.3362
0.0278
0.2045
0.4920
0.1953
0.3355
0.0278
0.1541
0.3751
0.1396
0.2799
0.0278
0.1444
0.3611
0.1202
0.2782
0.0278
0.0386
0.2638
0.0407
0.1955
0.0278
0.0386
0.2632
0.0407
0.1955
0.0278
0.0386
0.2632
0.0407
0.1955
0.0278
Jackson
0.0144
0.1803
0.0144
0.1671
0.0151
0.0496
0.6580
0.0536
0.6348
0.0149
0.0946
0.6600
0.1003
0.6368
0.0141
0.3004
0.7073
0.3043
0.6936
0.0141
0.3046
0.7104
0.3080
0.6940
0.0141
0.4893
0.7329
0.4865
0.7199
0.0141
0.5076
0.7333
0.4898
0.7202
0.0141
0.6510
0.7661
0.6557
0.7586
0.0035
0.7068
0.7908
0.7102
0.7866
0.1174
0.7633
0.7799
0.7645
0.7742
0.5160
0.7637
0.8007
0.7643
0.7959
0.5141
0.7591
0.7830
0.7605
0.7747
0.1904
0.7591
0.7830
0.7605
0.7747
0.1904
0.7482
0.7816
0.7502
0.7730
0.1072
0.6879
0.7469
0.6875
0.7280
0.0434
0.5020
0.7443
0.5040
0.7250
0.0327
0.4742
0.6608
0.4701
0.5721
0.0292
0.2116
0.5088
0.2019
0.3362
0.0278
0.2045
0.4920
0.1953
0.3355
0.0278
0.1541
0.3751
0.1396
0.2799
0.0278
0.1444
0.3611
0.1202
0.2782
0.0278
0.0386
0.2638
0.0407
0.1955
0.0278
0.0386
0.2632
0.0407
0.1955
0.0278
0.0386
0.2632
0.0407
0.1955
0.0278
Livestock
0.0144
0.1803
0.0144
0.1671
0.0151
0.0496
0.6580
0.0536
0.6348
0.0149
0.0946
0.6600
0.1003
0.6368
0.0141
0.3004
0.7073
0.3043
0.6936
0.0141
0.3046
0.7104
0.3080
0.6940
0.0141
0.4893
0.7329
0.4865
0.7199
0.0141
0.5076
0.7333
0.4898
0.7202
0.0141
0.6510
0.7661
0.6557
0.7586
0.0035
0.7068
0.7908
0.7102
0.7866
0.1174
0.7633
0.7799
0.7645
0.7742
0.5160
0.7637
0.8007
0.7643
0.7959
0.5141
0.7591
0.7830
0.7605
0.7747
0.1904
0.7591
0.7830
0.7605
0.7747
0.1904
0.7482
0.7816
0.7502
0.7730
0.1072
0.6879
0.7469
0.6875
0.7280
0.0434
0.5020
0.7443
0.5040
0.7250
0.0327
0.4742
0.6608
0.4701
0.5721
0.0292
0.2116
0.5088
0.2019
0.3362
0.0278
0.2045
0.4920
0.1953
0.3355
0.0278
0.1541
0.3751
0.1396
0.2799
0.0278
0.1444
0.3611
0.1202
0.2782
0.0278
0.0386
0.2638
0.0407
0.1955
0.0278
0.0386
0.2632
0.0407
0.1955
0.0278
0.0386
0.2632
0.0407
0.1955
0.0278
Greenhouse
0.0144
0.1803
0.0144
0.1671
0.0151
0.0496
0.6580
0.0536
0.6348
0.0149
0.0946
0.6600
0.1003
0.6368
0.0141
0.3004
0.7073
0.3043
0.6936
0.0141
0.3046
0.7104
0.3080
0.6940
0.0141
0.4893
0.7329
0.4865
0.7199
0.0141
0.5076
0.7333
0.4898
0.7202
0.0141
0.6510
0.7661
0.6557
0.7586
0.0035
0.7068
0.7908
0.7102
0.7866
0.1174
0.7633
0.7799
0.7645
0.7742
0.5160
0.7637
0.8007
0.7643
0.7959
0.5141
0.7591
0.7830
0.7605
0.7747
0.1904
0.7591
0.7830
0.7605
0.7747
0.1904
0.7482
0.7816
0.7502
0.7730
0.1072
0.6879
0.7469
0.6875
0.7280
0.0434
0.5020
0.7443
0.5040
0.7250
0.0327
0.4742
0.6608
0.4701
0.5721
0.0292
0.2116
0.5088
0.2019
0.3362
0.0278
0.2045
0.4920
0.1953
0.3355
0.0278
0.1541
0.3751
0.1396
0.2799
0.0278
0.1444
0.3611
0.1202
0.2782
0.0278
0.0386
0.2638
0.0407
0.1955
0.0278
0.0386
0.2632
0.0407
0.1955
0.0278
0.0386
0.2632
0.0407
0.1955
0.0278
ChampionWayG
0.0144
0.1803
0.0144
0.1671
0.0151
0.0496
0.6580
0.0536
0.6348
0.0149
0.0946
0.6600
0.1003
0.6368
0.0141
0.3004
0.7073
0.3043
0.6936
0.0141
0.3046
0.7104
0.3080
0.6940
0.0141
0.4893
0.7329
0.4865
0.7199
0.0141
0.5076
0.7333
0.4898
0.7202
0.0141
0.6510
0.7661
0.6557
0.7586
0.0035
0.7068
0.7908
0.7102
0.7866
0.1174
0.7633
0.7799
0.7645
0.7742
0.5160
0.7637
0.8007
0.7643
0.7959
0.5141
0.7591
0.7830
0.7605
0.7747
0.1904
0.7591
0.7830
0.7605
0.7747
0.1904
0.7482
0.7816
0.7502
0.7730
0.1072
0.6879
0.7469
0.6875
0.7280
0.0434
0.5020
0.7443
0.5040
0.7250
0.0327
0.4742
0.6608
0.4701
0.5721
0.0292
0.2116
0.5088
0.2019
0.3362
0.0278
0.2045
0.4920
0.1953
0.3355
0.0278
0.1541
0.3751
0.1396
0.2799
0.0278
0.1444
0.3611
0.1202
0.2782
0.0278
0.0386
0.2638
0.0407
0.1955
0.0278
0.0386
0.2632
0.0407
0.1955
0.0278
0.0386
0.2632
0.0407
0.1955
0.0278
Greenland
0.0144
0.1803
0.0144
0.1671
0.0151
0.0496
0.6580
0.0536
0.6348
0.0149
0.0946
0.6600
0.1003
0.6368
0.0141
0.3004
0.7073
0.3043
0.6936
0.0141
0.3046
0.7104
0.3080
0.6940
0.0141
0.4893
0.7329
0.4865
0.7199
0.0141
0.5076
0.7333
0.4898
0.7202
0.0141
0.6510
0.7661
0.6557
0.7586
0.0035
0.7068
0.7908
0.7102
0.7866
0.1174
0.7633
0.7799
0.7645
0.7742
0.5160
0.7637
0.8007
0.7643
0.7959
0.5141
0.7591
0.7830
0.7605
0.7747
0.1904
0.7591
0.7830
0.7605
0.7747
0.1904
0.7482
0.7816
0.7502
0.7730
0.1072
0.6879
0.7469
0.6875
0.7280
0.0434
0.5020
0.7443
0.5040
0.7250
0.0327
0.4742
0.6608
0.4701
0.5721
0.0292
0.2116
0.5088
0.2019
0.3362
0.0278
0.2045
0.4920
0.1953
0.3355
0.0278
0.1541
0.3751
0.1396
0.2799
0.0278
0.1444
0.3611
0.1202
0.2782
0.0278
0.0386
0.2638
0.0407
0.1955
0.0278
0.0386
0.2632
0.0407
0.1955
0.0278
0.0386
0.2632
0.0407
0.1955
0.0278
MiddleTN
0.0144
0.1803
0.0144
0.1671
0.0151
0.0496
0.6580
0.0536
0.6348
0.0149
0.0946
0.6600
0.1003
0.6368
0.0141
0.3004
0.7073
0.3043
0.6936
0.0141
0.3046
0.7104
0.3080
0.6940
0.0141
0.4893
0.7329
0.4865
0.7199
0.0141
0.5076
0.7333
0.4898
0.7202
0.0141
0.6510
0.7661
0.6557
0.7586
0.0035
0.7068
0.7908
0.7102
0.7866
0.1174
0.7633
0.7799
0.7645
0.7742
0.5160
0.7637
0.8007
0.7643
0.7959
0.5141
0.7591
0.7830
0.7605
0.7747
0.1904
0.7591
0.7830
0.7605
0.7747
0.1904
0.7482
0.7816
0.7502
0.7730
0.1072
0.6879
0.7469
0.6875
0.7280
0.0434
0.5020
0.7443
0.5040
0.7250
0.0327
0.4742
0.6608
0.4701
0.5721
0.0292
0.2116
0.5088
0.2019
0.3362
0.0278
0.2045
0.4920
0.1953
0.3355
0.0278
0.1541
0.3751
0.1396
0.2799
0.0278
0.1444
0.3611
0.1202
0.2782
0.0278
0.0386
0.2638
0.0407
0.1955
0.0278
0.0386
0.2632
0.0407
0.1955
0.0278
0.0386
0.2632
0.0407
0.1955
0.0278
