Rose
0.0226
0.2481
0.0226
0.2349
0.0241
0.0844
0.5167
0.0970
0.5040
0.0237
0.1572
0.5185
0.1639
0.5051
0.0217
0.3576
0.5681
0.3609
0.5524
0.0217
0.3612
0.5719
0.3641
0.5528
0.0217
0.4373
0.5906
0.4364
0.5823
0.0217
0.4449
0.5909
0.4377
0.5825
0.0217
0.5123
0.6134
0.5148
0.6079
0.0158
0.5675
0.6326
0.5715
0.6291
0.1834
0.6114
0.6239
0.6123
0.6194
0.4485
0.6117
0.6409
0.6122
0.6368
0.4477
0.6083
0.6264
0.6093
0.6199
0.2580
0.6083
0.6264
0.6093
0.6199
0.2580
0.6007
0.6254
0.6021
0.6187
0.1722
0.5460
0.6001
0.5457
0.5875
0.0745
0.4425
0.5983
0.4434
0.5856
0.0602
0.4311
0.5194
0.4296
0.4735
0.0553
0.2783
0.4462
0.2691
0.3816
0.0534
0.2715
0.4392
0.2627
0.3814
0.0534
0.2218
0.3953
0.2069
0.3401
0.0534
0.2119
0.3905
0.1864
0.3387
0.0534
0.0681
0.3260
0.0709
0.2629
0.0534
0.0681
0.3255
0.0709
0.2629
0.0534
0.0681
0.3255
0.0709
0.2629
0.0534
FairView
0.0226
0.2481
0.0226
0.2349
0.0241
0.0844
0.5167
0.0970
0.5040
0.0237
0.1572
0.5185
0.1639
0.5051
0.0217
0.3576
0.5681
0.3609
0.5524
0.0217
0.3612
0.5719
0.3641
0.5528
0.0217
0.4373
0.5906
0.4364
0.5823
0.0217
0.4449
0.5909
0.4377
0.5825
0.0217
0.5123
0.6134
0.5148
0.6079
0.0158
0.5675
0.6326
0.5715
0.6291
0.1834
0.6114
0.6239
0.6123
0.6194
0.4485
0.6117
0.6409
0.6122
0.6368
0.4477
0.6083
0.6264
0.6093
0.6199
0.2580
0.6083
0.6264
0.6093
0.6199
0.2580
0.6007
0.6254
0.6021
0.6187
0.1722
0.5460
0.6001
0.5457
0.5875
0.0745
0.4425
0.5983
0.4434
0.5856
0.0602
0.4311
0.5194
0.4296
0.4735
0.0553
0.2783
0.4462
0.2691
0.3816
0.0534
0.2715
0.4392
0.2627
0.3814
0.0534
0.2218
0.3953
0.2069
0.3401
0.0534
0.2119
0.3905
0.1864
0.3387
0.0534
0.0681
0.3260
0.0709
0.2629
0.0534
0.0681
0.3255
0.0709
0.2629
0.0534
0.0681
0.3255
0.0709
0.2629
0.0534
Bell
0.0226
0.2481
0.0226
0.2349
0.0241
0.0844
0.5167
0.0970
0.5040
0.0237
0.1572
0.5185
0.1639
0.5051
0.0217
0.3576
0.5681
0.3609
0.5524
0.0217
0.3612
0.5719
0.3641
0.5528
0.0217
0.4373
0.5906
0.4364
0.5823
0.0217
0.4449
0.5909
0.4377
0.5825
0.0217
0.5123
0.6134
0.5148
0.6079
0.0158
0.5675
0.6326
0.5715
0.6291
0.1834
0.6114
0.6239
0.6123
0.6194
0.4485
0.6117
0.6409
0.6122
0.6368
0.4477
0.6083
0.6264
0.6093
0.6199
0.2580
0.6083
0.6264
0.6093
0.6199
0.2580
0.6007
0.6254
0.6021
0.6187
0.1722
0.5460
0.6001
0.5457
0.5875
0.0745
0.4425
0.5983
0.4434
0.5856
0.0602
0.4311
0.5194
0.4296
0.4735
0.0553
0.2783
0.4462
0.2691
0.3816
0.0534
0.2715
0.4392
0.2627
0.3814
0.0534
0.2218
0.3953
0.2069
0.3401
0.0534
0.2119
0.3905
0.1864
0.3387
0.0534
0.0681
0.3260
0.0709
0.2629
0.0534
0.0681
0.3255
0.0709
0.2629
0.0534
0.0681
0.3255
0.0709
0.2629
0.0534
IngramN
0.0226
0.2481
0.0226
0.2349
0.0241
0.0844
0.5167
0.0970
0.5040
0.0237
0.1572
0.5185
0.1639
0.5051
0.0217
0.3576
0.5681
0.3609
0.5524
0.0217
0.3612
0.5719
0.3641
0.5528
0.0217
0.4373
0.5906
0.4364
0.5823
0.0217
0.4449
0.5909
0.4377
0.5825
0.0217
0.5123
0.6134
0.5148
0.6079
0.0158
0.5675
0.6326
0.5715
0.6291
0.1834
0.6114
0.6239
0.6123
0.6194
0.4485
0.6117
0.6409
0.6122
0.6368
0.4477
0.6083
0.6264
0.6093
0.6199
0.2580
0.6083
0.6264
0.6093
0.6199
0.2580
0.6007
0.6254
0.6021
0.6187
0.1722
0.5460
0.6001
0.5457
0.5875
0.0745
0.4425
0.5983
0.4434
0.5856
0.0602
0.4311
0.5194
0.4296
0.4735
0.0553
0.2783
0.4462
0.2691
0.3816
0.0534
0.2715
0.4392
0.2627
0.3814
0.0534
0.2218
0.3953
0.2069
0.3401
0.0534
0.2119
0.3905
0.1864
0.3387
0.0534
0.0681
0.3260
0.0709
0.2629
0.0534
0.0681
0.3255
0.0709
0.2629
0.0534
0.0681
0.3255
0.0709
0.2629
0.0534
IngramS
0.0226
0.2481
0.0226
0.2349
0.0241
0.0844
0.5167
0.0970
0.5040
0.0237
0.1572
0.5185
0.1639
0.5051
0.0217
0.3576
0.5681
0.3609
0.5524
0.0217
0.3612
0.5719
0.3641
0.5528
0.0217
0.4373
0.5906
0.4364
0.5823
0.0217
0.4449
0.5909
0.4377
0.5825
0.0217
0.5123
0.6134
0.5148
0.6079
0.0158
0.5675
0.6326
0.5715
0.6291
0.1834
0.6114
0.6239
0.6123
0.6194
0.4485
0.6117
0.6409
0.6122
0.6368
0.4477
0.6083
0.6264
0.6093
0.6199
0.2580
0.6083
0.6264
0.6093
0.6199
0.2580
0.6007
0.6254
0.6021
0.6187
0.1722
0.5460
0.6001
0.5457
0.5875
0.0745
0.4425
0.5983
0.4434
0.5856
0.0602
0.4311
0.5194
0.4296
0.4735
0.0553
0.2783
0.4462
0.2691
0.3816
0.0534
0.2715
0.4392
0.2627
0.3814
0.0534
0.2218
0.3953
0.2069
0.3401
0.0534
0.2119
0.3905
0.1864
0.3387
0.0534
0.0681
0.3260
0.0709
0.2629
0.0534
0.0681
0.3255
0.0709
0.2629
0.0534
0.0681
0.3255
0.0709
0.2629
0.0534
ParkingServ
0.0226
0.2481
0.0226
0.2349
0.0241
0.0844
0.5167
0.0970
0.5040
0.0237
0.1572
0.5185
0.1639
0.5051
0.0217
0.3576
0.5681
0.3609
0.5524
0.0217
0.3612
0.5719
0.3641
0.5528
0.0217
0.4373
0.5906
0.4364
0.5823
0.0217
0.4449
0.5909
0.4377
0.5825
0.0217
0.5123
0.6134
0.5148
0.6079
0.0158
0.5675
0.6326
0.5715
0.6291
0.1834
0.6114
0.6239
0.6123
0.6194
0.4485
0.6117
0.6409
0.6122
0.6368
0.4477
0.6083
0.6264
0.6093
0.6199
0.2580
0.6083
0.6264
0.6093
0.6199
0.2580
0.6007
0.6254
0.6021
0.6187
0.1722
0.5460
0.6001
0.5457
0.5875
0.0745
0.4425
0.5983
0.4434
0.5856
0.0602
0.4311
0.5194
0.4296
0.4735
0.0553
0.2783
0.4462
0.2691
0.3816
0.0534
0.2715
0.4392
0.2627
0.3814
0.0534
0.2218
0.3953
0.2069
0.3401
0.0534
0.2119
0.3905
0.1864
0.3387
0.0534
0.0681
0.3260
0.0709
0.2629
0.0534
0.0681
0.3255
0.0709
0.2629
0.0534
0.0681
0.3255
0.0709
0.2629
0.0534
MainSt
0.0226
0.2481
0.0226
0.2349
0.0241
0.0844
0.5167
0.0970
0.5040
0.0237
0.1572
0.5185
0.1639
0.5051
0.0217
0.3576
0.5681
0.3609
0.5524
0.0217
0.3612
0.5719
0.3641
0.5528
0.0217
0.4373
0.5906
0.4364
0.5823
0.0217
0.4449
0.5909
0.4377
0.5825
0.0217
0.5123
0.6134
0.5148
0.6079
0.0158
0.5675
0.6326
0.5715
0.6291
0.1834
0.6114
0.6239
0.6123
0.6194
0.4485
0.6117
0.6409
0.6122
0.6368
0.4477
0.6083
0.6264
0.6093
0.6199
0.2580
0.6083
0.6264
0.6093
0.6199
0.2580
0.6007
0.6254
0.6021
0.6187
0.1722
0.5460
0.6001
0.5457
0.5875
0.0745
0.4425
0.5983
0.4434
0.5856
0.0602
0.4311
0.5194
0.4296
0.4735
0.0553
0.2783
0.4462
0.2691
0.3816
0.0534
0.2715
0.4392
0.2627
0.3814
0.0534
0.2218
0.3953
0.2069
0.3401
0.0534
0.2119
0.3905
0.1864
0.3387
0.0534
0.0681
0.3260
0.0709
0.2629
0.0534
0.0681
0.3255
0.0709
0.2629
0.0534
0.0681
0.3255
0.0709
0.2629
0.0534
PublicSafety
0.0226
0.2481
0.0226
0.2349
0.0241
0.0844
0.5167
0.0970
0.5040
0.0237
0.1572
0.5185
0.1639
0.5051
0.0217
0.3576
0.5681
0.3609
0.5524
0.0217
0.3612
0.5719
0.3641
0.5528
0.0217
0.4373
0.5906
0.4364
0.5823
0.0217
0.4449
0.5909
0.4377
0.5825
0.0217
0.5123
0.6134
0.5148
0.6079
0.0158
0.5675
0.6326
0.5715
0.6291
0.1834
0.6114
0.6239
0.6123
0.6194
0.4485
0.6117
0.6409
0.6122
0.6368
0.4477
0.6083
0.6264
0.6093
0.6199
0.2580
0.6083
0.6264
0.6093
0.6199
0.2580
0.6007
0.6254
0.6021
0.6187
0.1722
0.5460
0.6001
0.5457
0.5875
0.0745
0.4425
0.5983
0.4434
0.5856
0.0602
0.4311
0.5194
0.4296
0.4735
0.0553
0.2783
0.4462
0.2691
0.3816
0.0534
0.2715
0.4392
0.2627
0.3814
0.0534
0.2218
0.3953
0.2069
0.3401
0.0534
0.2119
0.3905
0.1864
0.3387
0.0534
0.0681
0.3260
0.0709
0.2629
0.0534
0.0681
0.3255
0.0709
0.2629
0.0534
0.0681
0.3255
0.0709
0.2629
0.0534
CollegeHeights
0.0226
0.2481
0.0226
0.2349
0.0241
0.0844
0.5167
0.0970
0.5040
0.0237
0.1572
0.5185
0.1639
0.5051
0.0217
0.3576
0.5681
0.3609
0.5524
0.0217
0.3612
0.5719
0.3641
0.5528
0.0217
0.4373
0.5906
0.4364
0.5823
0.0217
0.4449
0.5909
0.4377
0.5825
0.0217
0.5123
0.6134
0.5148
0.6079
0.0158
0.5675
0.6326
0.5715
0.6291
0.1834
0.6114
0.6239
0.6123
0.6194
0.4485
0.6117
0.6409
0.6122
0.6368
0.4477
0.6083
0.6264
0.6093
0.6199
0.2580
0.6083
0.6264
0.6093
0.6199
0.2580
0.6007
0.6254
0.6021
0.6187
0.1722
0.5460
0.6001
0.5457
0.5875
0.0745
0.4425
0.5983
0.4434
0.5856
0.0602
0.4311
0.5194
0.4296
0.4735
0.0553
0.2783
0.4462
0.2691
0.3816
0.0534
0.2715
0.4392
0.2627
0.3814
0.0534
0.2218
0.3953
0.2069
0.3401
0.0534
0.2119
0.3905
0.1864
0.3387
0.0534
0.0681
0.3260
0.0709
0.2629
0.0534
0.0681
0.3255
0.0709
0.2629
0.0534
0.0681
0.3255
0.0709
0.2629
0.0534
SportsPlex
0.0226
0.2481
0.0226
0.2349
0.0241
0.0844
0.5167
0.0970
0.5040
0.0237
0.1572
0.5185
0.1639
0.5051
0.0217
0.3576
0.5681
0.3609
0.5524
0.0217
0.3612
0.5719
0.3641
0.5528
0.0217
0.4373
0.5906
0.4364
0.5823
0.0217
0.4449
0.5909
0.4377
0.5825
0.0217
0.5123
0.6134
0.5148
0.6079
0.0158
0.5675
0.6326
0.5715
0.6291
0.1834
0.6114
0.6239
0.6123
0.6194
0.4485
0.6117
0.6409
0.6122
0.6368
0.4477
0.6083
0.6264
0.6093
0.6199
0.2580
0.6083
0.6264
0.6093
0.6199
0.2580
0.6007
0.6254
0.6021
0.6187
0.1722
0.5460
0.6001
0.5457
0.5875
0.0745
0.4425
0.5983
0.4434
0.5856
0.0602
0.4311
0.5194
0.4296
0.4735
0.0553
0.2783
0.4462
0.2691
0.3816
0.0534
0.2715
0.4392
0.2627
0.3814
0.0534
0.2218
0.3953
0.2069
0.3401
0.0534
0.2119
0.3905
0.1864
0.3387
0.0534
0.0681
0.3260
0.0709
0.2629
0.0534
0.0681
0.3255
0.0709
0.2629
0.0534
0.0681
0.3255
0.0709
0.2629
0.0534
CityView
0.0226
0.2481
0.0226
0.2349
0.0241
0.0844
0.5167
0.0970
0.5040
0.0237
0.1572
0.5185
0.1639
0.5051
0.0217
0.3576
0.5681
0.3609
0.5524
0.0217
0.3612
0.5719
0.3641
0.5528
0.0217
0.4373
0.5906
0.4364
0.5823
0.0217
0.4449
0.5909
0.4377
0.5825
0.0217
0.5123
0.6134
0.5148
0.6079
0.0158
0.5675
0.6326
0.5715
0.6291
0.1834
0.6114
0.6239
0.6123
0.6194
0.4485
0.6117
0.6409
0.6122
0.6368
0.4477
0.6083
0.6264
0.6093
0.6199
0.2580
0.6083
0.6264
0.6093
0.6199
0.2580
0.6007
0.6254
0.6021
0.6187
0.1722
0.5460
0.6001
0.5457
0.5875
0.0745
0.4425
0.5983
0.4434
0.5856
0.0602
0.4311
0.5194
0.4296
0.4735
0.0553
0.2783
0.4462
0.2691
0.3816
0.0534
0.2715
0.4392
0.2627
0.3814
0.0534
0.2218
0.3953
0.2069
0.3401
0.0534
0.2119
0.3905
0.1864
0.3387
0.0534
0.0681
0.3260
0.0709
0.2629
0.0534
0.0681
0.3255
0.0709
0.2629
0.0534
0.0681
0.3255
0.0709
0.2629
0.0534
GreekRow
0.0226
0.2481
0.0226
0.2349
0.0241
0.0844
0.5167
0.0970
0.5040
0.0237
0.1572
0.5185
0.1639
0.5051
0.0217
0.3576
0.5681
0.3609
0.5524
0.0217
0.3612
0.5719
0.3641
0.5528
0.0217
0.4373
0.5906
0.4364
0.5823
0.0217
0.4449
0.5909
0.4377
0.5825
0.0217
0.5123
0.6134
0.5148
0.6079
0.0158
0.5675
0.6326
0.5715
0.6291
0.1834
0.6114
0.6239
0.6123
0.6194
0.4485
0.6117
0.6409
0.6122
0.6368
0.4477
0.6083
0.6264
0.6093
0.6199
0.2580
0.6083
0.6264
0.6093
0.6199
0.2580
0.6007
0.6254
0.6021
0.6187
0.1722
0.5460
0.6001
0.5457
0.5875
0.0745
0.4425
0.5983
0.4434
0.5856
0.0602
0.4311
0.5194
0.4296
0.4735
0.0553
0.2783
0.4462
0.2691
0.3816
0.0534
0.2715
0.4392
0.2627
0.3814
0.0534
0.2218
0.3953
0.2069
0.3401
0.0534
0.2119
0.3905
0.1864
0.3387
0.0534
0.0681
0.3260
0.0709
0.2629
0.0534
0.0681
0.3255
0.0709
0.2629
0.0534
0.0681
0.3255
0.0709
0.2629
0.0534
Rutherford
0.0226
0.2481
0.0226
0.2349
0.0241
0.0844
0.5167
0.0970
0.5040
0.0237
0.1572
0.5185
0.1639
0.5051
0.0217
0.3576
0.5681
0.3609
0.5524
0.0217
0.3612
0.5719
0.3641
0.5528
0.0217
0.4373
0.5906
0.4364
0.5823
0.0217
0.4449
0.5909
0.4377
0.5825
0.0217
0.5123
0.6134
0.5148
0.6079
0.0158
0.5675
0.6326
0.5715
0.6291
0.1834
0.6114
0.6239
0.6123
0.6194
0.4485
0.6117
0.6409
0.6122
0.6368
0.4477
0.6083
0.6264
0.6093
0.6199
0.2580
0.6083
0.6264
0.6093
0.6199
0.2580
0.6007
0.6254
0.6021
0.6187
0.1722
0.5460
0.6001
0.5457
0.5875
0.0745
0.4425
0.5983
0.4434
0.5856
0.0602
0.4311
0.5194
0.4296
0.4735
0.0553
0.2783
0.4462
0.2691
0.3816
0.0534
0.2715
0.4392
0.2627
0.3814
0.0534
0.2218
0.3953
0.2069
0.3401
0.0534
0.2119
0.3905
0.1864
0.3387
0.0534
0.0681
0.3260
0.0709
0.2629
0.0534
0.0681
0.3255
0.0709
0.2629
0.0534
0.0681
0.3255
0.0709
0.2629
0.0534
Softball
0.0226
0.2481
0.0226
0.2349
0.0241
0.0844
0.5167
0.0970
0.5040
0.0237
0.1572
0.5185
0.1639
0.5051
0.0217
0.3576
0.5681
0.3609
0.5524
0.0217
0.3612
0.5719
0.3641
0.5528
0.0217
0.4373
0.5906
0.4364
0.5823
0.0217
0.4449
0.5909
0.4377
0.5825
0.0217
0.5123
0.6134
0.5148
0.6079
0.0158
0.5675
0.6326
0.5715
0.6291
0.1834
0.6114
0.6239
0.6123
0.6194
0.4485
0.6117
0.6409
0.6122
0.6368
0.4477
0.6083
0.6264
0.6093
0.6199
0.2580
0.6083
0.6264
0.6093
0.6199
0.2580
0.6007
0.6254
0.6021
0.6187
0.1722
0.5460
0.6001
0.5457
0.5875
0.0745
0.4425
0.5983
0.4434
0.5856
0.0602
0.4311
0.5194
0.4296
0.4735
0.0553
0.2783
0.4462
0.2691
0.3816
0.0534
0.2715
0.4392
0.2627
0.3814
0.0534
0.2218
0.3953
0.2069
0.3401
0.0534
0.2119
0.3905
0.1864
0.3387
0.0534
0.0681
0.3260
0.0709
0.2629
0.0534
0.0681
0.3255
0.0709
0.2629
0.0534
0.0681
0.3255
0.0709
0.2629
0.0534
Ezell
0.0226
0.2481
0.0226
0.2349
0.0241
0.0844
0.5167
0.0970
0.5040
0.0237
0.1572
0.5185
0.1639
0.5051
0.0217
0.3576
0.5681
0.3609
0.5524
0.0217
0.3612
0.5719
0.3641
0.5528
0.0217
0.4373
0.5906
0.4364
0.5823
0.0217
0.4449
0.5909
0.4377
0.5825
0.0217
0.5123
0.6134
0.5148
0.6079
0.0158
0.5675
0.6326
0.5715
0.6291
0.1834
0.6114
0.6239
0.6123
0.6194
0.4485
0.6117
0.6409
0.6122
0.6368
0.4477
0.6083
0.6264
0.6093
0.6199
0.2580
0.6083
0.6264
0.6093
0.6199
0.2580
0.6007
0.6254
0.6021
0.6187
0.1722
0.5460
0.6001
0.5457
0.5875
0.0745
0.4425
0.5983
0.4434
0.5856
0.0602
0.4311
0.5194
0.4296
0.4735
0.0553
0.2783
0.4462
0.2691
0.3816
0.0534
0.2715
0.4392
0.2627
0.3814
0.0534
0.2218
0.3953
0.2069
0.3401
0.0534
0.2119
0.3905
0.1864
0.3387
0.0534
0.0681
0.3260
0.0709
0.2629
0.0534
0.0681
0.3255
0.0709
0.2629
0.0534
0.0681
0.3255
0.0709
0.2629
0.0534
MtsuBlvdG
0.0226
0.2481
0.0226
0.2349
0.0241
0.0844
0.5167
0.0970
0.5040
0.0237
0.1572
0.5185
0.1639
0.5051
0.0217
0.3576
0.5681
0.3609
0.5524
0.0217
0.3612
0.5719
0.3641
0.5528
0.0217
0.4373
0.5906
0.4364
0.5823
0.0217
0.4449
0.5909
0.4377
0.5825
0.0217
0.5123
0.6134
0.5148
0.6079
0.0158
0.5675
0.6326
0.5715
0.6291
0.1834
0.6114
0.6239
0.6123
0.6194
0.4485
0.6117
0.6409
0.6122
0.6368
0.4477
0.6083
0.6264
0.6093
0.6199
0.2580
0.6083
0.6264
0.6093
0.6199
0.2580
0.6007
0.6254
0.6021
0.6187
0.1722
0.5460
0.6001
0.5457
0.5875
0.0745
0.4425
0.5983
0.4434
0.5856
0.0602
0.4311
0.5194
0.4296
0.4735
0.0553
0.2783
0.4462
0.2691
0.3816
0.0534
0.2715
0.4392
0.2627
0.3814
0.0534
0.2218
0.3953
0.2069
0.3401
0.0534
0.2119
0.3905
0.1864
0.3387
0.0534
0.0681
0.3260
0.0709
0.2629
0.0534
0.0681
0.3255
0.0709
0.2629
0.0534
0.0681
0.3255
0.0709
0.2629
0.0534
Rec
0.0226
0.2481
0.0226
0.2349
0.0241
0.0844
0.5167
0.0970
0.5040
0.0237
0.1572
0.5185
0.1639
0.5051
0.0217
0.3576
0.5681
0.3609
0.5524
0.0217
0.3612
0.5719
0.3641
0.5528
0.0217
0.4373
0.5906
0.4364
0.5823
0.0217
0.4449
0.5909
0.4377
0.5825
0.0217
0.5123
0.6134
0.5148
0.6079
0.0158
0.5675
0.6326
0.5715
0.6291
0.1834
0.6114
0.6239
0.6123
0.6194
0.4485
0.6117
0.6409
0.6122
0.6368
0.4477
0.6083
0.6264
0.6093
0.6199
0.2580
0.6083
0.6264
0.6093
0.6199
0.2580
0.6007
0.6254
0.6021
0.6187
0.1722
0.5460
0.6001
0.5457
0.5875
0.0745
0.4425
0.5983
0.4434
0.5856
0.0602
0.4311
0.5194
0.4296
0.4735
0.0553
0.2783
0.4462
0.2691
0.3816
0.0534
0.2715
0.4392
0.2627
0.3814
0.0534
0.2218
0.3953
0.2069
0.3401
0.0534
0.2119
0.3905
0.1864
0.3387
0.0534
0.0681
0.3260
0.0709
0.2629
0.0534
0.0681
0.3255
0.0709
0.2629
0.0534
0.0681
0.3255
0.0709
0.2629
0.0534
Abernathy
0.0226
0.2481
0.0226
0.2349
0.0241
0.0844
0.5167
0.0970
0.5040
0.0237
0.1572
0.5185
0.1639
0.5051
0.0217
0.3576
0.5681
0.3609
0.5524
0.0217
0.3612
0.5719
0.3641
0.5528
0.0217
0.4373
0.5906
0.4364
0.5823
0.0217
0.4449
0.5909
0.4377
0.5825
0.0217
0.5123
0.6134
0.5148
0.6079
0.0158
0.5675
0.6326
0.5715
0.6291
0.1834
0.6114
0.6239
0.6123
0.6194
0.4485
0.6117
0.6409
0.6122
0.6368
0.4477
0.6083
0.6264
0.6093
0.6199
0.2580
0.6083
0.6264
0.6093
0.6199
0.2580
0.6007
0.6254
0.6021
0.6187
0.1722
0.5460
0.6001
0.5457
0.5875
0.0745
0.4425
0.5983
0.4434
0.5856
0.0602
0.4311
0.5194
0.4296
0.4735
0.0553
0.2783
0.4462
0.2691
0.3816
0.0534
0.2715
0.4392
0.2627
0.3814
0.0534
0.2218
0.3953
0.2069
0.3401
0.0534
0.2119
0.3905
0.1864
0.3387
0.0534
0.0681
0.3260
0.0709
0.2629
0.0534
0.0681
0.3255
0.0709
0.2629
0.0534
0.0681
0.3255
0.0709
0.2629
0.0534
MTSU
0.0226
0.2481
0.0226
0.2349
0.0241
0.0844
0.5167
0.0970
0.5040
0.0237
0.1572
0.5185
0.1639
0.5051
0.0217
0.3576
0.5681
0.3609
0.5524
0.0217
0.3612
0.5719
0.3641
0.5528
0.0217
0.4373
0.5906
0.4364
0.5823
0.0217
0.4449
0.5909
0.4377
0.5825
0.0217
0.5123
0.6134
0.5148
0.6079
0.0158
0.5675
0.6326
0.5715
0.6291
0.1834
0.6114
0.6239
0.6123
0.6194
0.4485
0.6117
0.6409
0.6122
0.6368
0.4477
0.6083
0.6264
0.6093
0.6199
0.2580
0.6083
0.6264
0.6093
0.6199
0.2580
0.6007
0.6254
0.6021
0.6187
0.1722
0.5460
0.6001
0.5457
0.5875
0.0745
0.4425
0.5983
0.4434
0.5856
0.0602
0.4311
0.5194
0.4296
0.4735
0.0553
0.2783
0.4462
0.2691
0.3816
0.0534
0.2715
0.4392
0.2627
0.3814
0.0534
0.2218
0.3953
0.2069
0.3401
0.0534
0.2119
0.3905
0.1864
0.3387
0.0534
0.0681
0.3260
0.0709
0.2629
0.0534
0.0681
0.3255
0.0709
0.2629
0.0534
0.0681
0.3255
0.0709
0.2629
0.0534
Highland
0.0226
0.2481
0.0226
0.2349
0.0241
0.0844
0.5167
0.0970
0.5040
0.0237
0.1572
0.5185
0.1639
0.5051
0.0217
0.3576
0.5681
0.3609
0.5524
0.0217
0.3612
0.5719
0.3641
0.5528
0.0217
0.4373
0.5906
0.4364
0.5823
0.0217
0.4449
0.5909
0.4377
0.5825
0.0217
0.5123
0.6134
0.5148
0.6079
0.0158
0.5675
0.6326
0.5715
0.6291
0.1834
0.6114
0.6239
0.6123
0.6194
0.4485
0.6117
0.6409
0.6122
0.6368
0.4477
0.6083
0.6264
0.6093
0.6199
0.2580
0.6083
0.6264
0.6093
0.6199
0.2580
0.6007
0.6254
0.6021
0.6187
0.1722
0.5460
0.6001
0.5457
0.5875
0.0745
0.4425
0.5983
0.4434
0.5856
0.0602
0.4311
0.5194
0.4296
0.4735
0.0553
0.2783
0.4462
0.2691
0.3816
0.0534
0.2715
0.4392
0.2627
0.3814
0.0534
0.2218
0.3953
0.2069
0.3401
0.0534
0.2119
0.3905
0.1864
0.3387
0.0534
0.0681
0.3260
0.0709
0.2629
0.0534
0.0681
0.3255
0.0709
0.2629
0.0534
0.0681
0.3255
0.0709
0.2629
0.0534
MEC
0.0226
0.2481
0.0226
0.2349
0.0241
0.0844
0.5167
0.0970
0.5040
0.0237
0.1572
0.5185
0.1639
0.5051
0.0217
0.3576
0.5681
0.3609
0.5524
0.0217
0.3612
0.5719
0.3641
0.5528
0.0217
0.4373
0.5906
0.4364
0.5823
0.0217
0.4449
0.5909
0.4377
0.5825
0.0217
0.5123
0.6134
0.5148
0.6079
0.0158
0.5675
0.6326
0.5715
0.6291
0.1834
0.6114
0.6239
0.6123
0.6194
0.4485
0.6117
0.6409
0.6122
0.6368
0.4477
0.6083
0.6264
0.6093
0.6199
0.2580
0.6083
0.6264
0.6093
0.6199
0.2580
0.6007
0.6254
0.6021
0.6187
0.1722
0.5460
0.6001
0.5457
0.5875
0.0745
0.4425
0.5983
0.4434
0.5856
0.0602
0.4311
0.5194
0.4296
0.4735
0.0553
0.2783
0.4462
0.2691
0.3816
0.0534
0.2715
0.4392
0.2627
0.3814
0.0534
0.2218
0.3953
0.2069
0.3401
0.0534
0.2119
0.3905
0.1864
0.3387
0.0534
0.0681
0.3260
0.0709
0.2629
0.0534
0.0681
0.3255
0.0709
0.2629
0.0534
0.0681
0.3255
0.0709
0.2629
0.0534
Jackson
0.0226
0.2481
0.0226
0.2349
0.0241
0.0844
0.5167
0.0970
0.5040
0.0237
0.1572
0.5185
0.1639
0.5051
0.0217
0.3576
0.5681
0.3609
0.5524
0.0217
0.3612
0.5719
0.3641
0.5528
0.0217
0.4373
0.5906
0.4364
0.5823
0.0217
0.4449
0.5909
0.4377
0.5825
0.0217
0.5123
0.6134
0.5148
0.6079
0.0158
0.5675
0.6326
0.5715
0.6291
0.1834
0.6114
0.6239
0.6123
0.6194
0.4485
0.6117
0.6409
0.6122
0.6368
0.4477
0.6083
0.6264
0.6093
0.6199
0.2580
0.6083
0.6264
0.6093
0.6199
0.2580
0.6007
0.6254
0.6021
0.6187
0.1722
0.5460
0.6001
0.5457
0.5875
0.0745
0.4425
0.5983
0.4434
0.5856
0.0602
0.4311
0.5194
0.4296
0.4735
0.0553
0.2783
0.4462
0.2691
0.3816
0.0534
0.2715
0.4392
0.2627
0.3814
0.0534
0.2218
0.3953
0.2069
0.3401
0.0534
0.2119
0.3905
0.1864
0.3387
0.0534
0.0681
0.3260
0.0709
0.2629
0.0534
0.0681
0.3255
0.0709
0.2629
0.0534
0.0681
0.3255
0.0709
0.2629
0.0534
Livestock
0.0226
0.2481
0.0226
0.2349
0.0241
0.0844
0.5167
0.0970
0.5040
0.0237
0.1572
0.5185
0.1639
0.5051
0.0217
0.3576
0.5681
0.3609
0.5524
0.0217
0.3612
0.5719
0.3641
0.5528
0.0217
0.4373
0.5906
0.4364
0.5823
0.0217
0.4449
0.5909
0.4377
0.5825
0.0217
0.5123
0.6134
0.5148
0.6079
0.0158
0.5675
0.6326
0.5715
0.6291
0.1834
0.6114
0.6239
0.6123
0.6194
0.4485
0.6117
0.6409
0.6122
0.6368
0.4477
0.6083
0.6264
0.6093
0.6199
0.2580
0.6083
0.6264
0.6093
0.6199
0.2580
0.6007
0.6254
0.6021
0.6187
0.1722
0.5460
0.6001
0.5457
0.5875
0.0745
0.4425
0.5983
0.4434
0.5856
0.0602
0.4311
0.5194
0.4296
0.4735
0.0553
0.2783
0.4462
0.2691
0.3816
0.0534
0.2715
0.4392
0.2627
0.3814
0.0534
0.2218
0.3953
0.2069
0.3401
0.0534
0.2119
0.3905
0.1864
0.3387
0.0534
0.0681
0.3260
0.0709
0.2629
0.0534
0.0681
0.3255
0.0709
0.2629
0.0534
0.0681
0.3255
0.0709
0.2629
0.0534
Greenhouse
0.0226
0.2481
0.0226
0.2349
0.0241
0.0844
0.5167
0.0970
0.5040
0.0237
0.1572
0.5185
0.1639
0.5051
0.0217
0.3576
0.5681
0.3609
0.5524
0.0217
0.3612
0.5719
0.3641
0.5528
0.0217
0.4373
0.5906
0.4364
0.5823
0.0217
0.4449
0.5909
0.4377
0.5825
0.0217
0.5123
0.6134
0.5148
0.6079
0.0158
0.5675
0.6326
0.5715
0.6291
0.1834
0.6114
0.6239
0.6123
0.6194
0.4485
0.6117
0.6409
0.6122
0.6368
0.4477
0.6083
0.6264
0.6093
0.6199
0.2580
0.6083
0.6264
0.6093
0.6199
0.2580
0.6007
0.6254
0.6021
0.6187
0.1722
0.5460
0.6001
0.5457
0.5875
0.0745
0.4425
0.5983
0.4434
0.5856
0.0602
0.4311
0.5194
0.4296
0.4735
0.0553
0.2783
0.4462
0.2691
0.3816
0.0534
0.2715
0.4392
0.2627
0.3814
0.0534
0.2218
0.3953
0.2069
0.3401
0.0534
0.2119
0.3905
0.1864
0.3387
0.0534
0.0681
0.3260
0.0709
0.2629
0.0534
0.0681
0.3255
0.0709
0.2629
0.0534
0.0681
0.3255
0.0709
0.2629
0.0534
ChampionWayG
0.0226
0.2481
0.0226
0.2349
0.0241
0.0844
0.5167
0.0970
0.5040
0.0237
0.1572
0.5185
0.1639
0.5051
0.0217
0.3576
0.5681
0.3609
0.5524
0.0217
0.3612
0.5719
0.3641
0.5528
0.0217
0.4373
0.5906
0.4364
0.5823
0.0217
0.4449
0.5909
0.4377
0.5825
0.0217
0.5123
0.6134
0.5148
0.6079
0.0158
0.5675
0.6326
0.5715
0.6291
0.1834
0.6114
0.6239
0.6123
0.6194
0.4485
0.6117
0.6409
0.6122
0.6368
0.4477
0.6083
0.6264
0.6093
0.6199
0.2580
0.6083
0.6264
0.6093
0.6199
0.2580
0.6007
0.6254
0.6021
0.6187
0.1722
0.5460
0.6001
0.5457
0.5875
0.0745
0.4425
0.5983
0.4434
0.5856
0.0602
0.4311
0.5194
0.4296
0.4735
0.0553
0.2783
0.4462
0.2691
0.3816
0.0534
0.2715
0.4392
0.2627
0.3814
0.0534
0.2218
0.3953
0.2069
0.3401
0.0534
0.2119
0.3905
0.1864
0.3387
0.0534
0.0681
0.3260
0.0709
0.2629
0.0534
0.0681
0.3255
0.0709
0.2629
0.0534
0.0681
0.3255
0.0709
0.2629
0.0534
Greenland
0.0226
0.2481
0.0226
0.2349
0.0241
0.0844
0.5167
0.0970
0.5040
0.0237
0.1572
0.5185
0.1639
0.5051
0.0217
0.3576
0.5681
0.3609
0.5524
0.0217
0.3612
0.5719
0.3641
0.5528
0.0217
0.4373
0.5906
0.4364
0.5823
0.0217
0.4449
0.5909
0.4377
0.5825
0.0217
0.5123
0.6134
0.5148
0.6079
0.0158
0.5675
0.6326
0.5715
0.6291
0.1834
0.6114
0.6239
0.6123
0.6194
0.4485
0.6117
0.6409
0.6122
0.6368
0.4477
0.6083
0.6264
0.6093
0.6199
0.2580
0.6083
0.6264
0.6093
0.6199
0.2580
0.6007
0.6254
0.6021
0.6187
0.1722
0.5460
0.6001
0.5457
0.5875
0.0745
0.4425
0.5983
0.4434
0.5856
0.0602
0.4311
0.5194
0.4296
0.4735
0.0553
0.2783
0.4462
0.2691
0.3816
0.0534
0.2715
0.4392
0.2627
0.3814
0.0534
0.2218
0.3953
0.2069
0.3401
0.0534
0.2119
0.3905
0.1864
0.3387
0.0534
0.0681
0.3260
0.0709
0.2629
0.0534
0.0681
0.3255
0.0709
0.2629
0.0534
0.0681
0.3255
0.0709
0.2629
0.0534
MiddleTN
0.0226
0.2481
0.0226
0.2349
0.0241
0.0844
0.5167
0.0970
0.5040
0.0237
0.1572
0.5185
0.1639
0.5051
0.0217
0.3576
0.5681
0.3609
0.5524
0.0217
0.3612
0.5719
0.3641
0.5528
0.0217
0.4373
0.5906
0.4364
0.5823
0.0217
0.4449
0.5909
0.4377
0.5825
0.0217
0.5123
0.6134
0.5148
0.6079
0.0158
0.5675
0.6326
0.5715
0.6291
0.1834
0.6114
0.6239
0.6123
0.6194
0.4485
0.6117
0.6409
0.6122
0.6368
0.4477
0.6083
0.6264
0.6093
0.6199
0.2580
0.6083
0.6264
0.6093
0.6199
0.2580
0.6007
0.6254
0.6021
0.6187
0.1722
0.5460
0.6001
0.5457
0.5875
0.0745
0.4425
0.5983
0.4434
0.5856
0.0602
0.4311
0.5194
0.4296
0.4735
0.0553
0.2783
0.4462
0.2691
0.3816
0.0534
0.2715
0.4392
0.2627
0.3814
0.0534
0.2218
0.3953
0.2069
0.3401
0.0534
0.2119
0.3905
0.1864
0.3387
0.0534
0.0681
0.3260
0.0709
0.2629
0.0534
0.0681
0.3255
0.0709
0.2629
0.0534
0.0681
0.3255
0.0709
0.2629
0.0534
