Rose
0.0
0.4674
0.0
0.4535
0.0
0.2868
0.7263
0.3019
0.7146
0.0
0.3698
0.7279
0.3769
0.7156
0.0
0.5764
0.7651
0.5794
0.7579
0.0
0.5797
0.7666
0.5824
0.7582
0.0
0.6493
0.7779
0.6484
0.7713
0.0
0.657
0.7781
0.6496
0.7714
0.0
0.7223
0.7957
0.7245
0.7915
0.0731
0.7648
0.8102
0.7665
0.8077
0.3981
0.7942
0.8037
0.7948
0.8003
0.6605
0.7944
0.8163
0.7947
0.8133
0.6597
0.7918
0.8055
0.7926
0.8007
0.4778
0.7918
0.8055
0.7926
0.8007
0.4778
0.7859
0.8047
0.787
0.7997
0.3856
0.7525
0.7853
0.7521
0.7754
0.2605
0.6545
0.7839
0.6553
0.7739
0.2074
0.6439
0.7286
0.6424
0.6855
0.1958
0.4984
0.6579
0.4891
0.5987
0.1909
0.4915
0.6509
0.4825
0.5985
0.1909
0.4394
0.6113
0.4234
0.5594
0.1909
0.4288
0.6069
0.4009
0.558
0.1909
0.2374
0.546
0.2479
0.4826
0.1909
0.2374
0.5454
0.2479
0.4826
0.1909
0.2374
0.5454
0.2479
0.4826
0.1909
FairView
0.0948
0.5075
0.0947
0.4957
0.0938
0.3529
0.7303
0.366
0.7202
0.0941
0.424
0.7317
0.4301
0.721
0.0954
0.6008
0.7633
0.6035
0.7578
0.0954
0.6037
0.7644
0.606
0.7581
0.0954
0.6633
0.7727
0.6626
0.7679
0.0954
0.67
0.7729
0.6636
0.768
0.0954
0.7268
0.7859
0.7287
0.7828
0.1694
0.7632
0.7966
0.7643
0.7947
0.4479
0.7848
0.7918
0.7853
0.7893
0.6729
0.785
0.8011
0.7853
0.7989
0.6724
0.7831
0.7931
0.7837
0.7896
0.5163
0.7831
0.7931
0.7837
0.7896
0.5163
0.7789
0.7925
0.7796
0.7889
0.4375
0.7533
0.7782
0.753
0.7709
0.3304
0.6678
0.7771
0.6685
0.7698
0.285
0.6586
0.7322
0.6574
0.6947
0.2755
0.5341
0.6708
0.5261
0.6201
0.2715
0.5282
0.6647
0.5205
0.6199
0.2715
0.4837
0.6308
0.4699
0.5865
0.2715
0.4746
0.627
0.4507
0.5853
0.2715
0.3107
0.5747
0.3196
0.5206
0.2715
0.3107
0.5743
0.3196
0.5206
0.2715
0.3107
0.5743
0.3196
0.5206
0.2715
Bell
0.4347
0.7102
0.4345
0.7051
0.4275
0.6444
0.8069
0.6502
0.8022
0.4294
0.6745
0.8075
0.6772
0.8026
0.4392
0.7492
0.8182
0.7505
0.8194
0.4392
0.7505
0.8177
0.7515
0.8195
0.4392
0.7758
0.8143
0.7754
0.8163
0.4392
0.7788
0.8142
0.7758
0.8163
0.4392
0.805
0.8087
0.8056
0.81
0.5549
0.8183
0.8044
0.8176
0.8052
0.6838
0.8093
0.8064
0.809
0.8074
0.7799
0.8094
0.8025
0.8092
0.8035
0.7798
0.8102
0.8057
0.8099
0.8073
0.7131
0.8102
0.8057
0.8099
0.8073
0.7131
0.8122
0.806
0.8118
0.8077
0.6799
0.8176
0.8119
0.8174
0.8151
0.6348
0.7777
0.8124
0.7778
0.8156
0.6157
0.7737
0.8074
0.773
0.7902
0.6127
0.7214
0.7795
0.7175
0.758
0.6114
0.7189
0.7767
0.7151
0.7579
0.6114
0.7001
0.7625
0.6938
0.744
0.6114
0.6962
0.7609
0.6859
0.7434
0.6114
0.6266
0.7384
0.6304
0.7158
0.6114
0.6266
0.7382
0.6304
0.7158
0.6114
0.6266
0.7382
0.6304
0.7158
0.6114
IngramN
0.5367
0.782
0.5365
0.7789
0.5271
0.742
0.8415
0.7457
0.8384
0.5297
0.7601
0.8419
0.7619
0.8387
0.5427
0.8052
0.8462
0.806
0.8495
0.5427
0.806
0.8452
0.8066
0.8496
0.5427
0.8213
0.8381
0.821
0.8422
0.5427
0.8232
0.8379
0.8212
0.8421
0.5427
0.8401
0.8265
0.8403
0.8291
0.6781
0.8463
0.8173
0.8451
0.819
0.7654
0.8275
0.8215
0.827
0.8236
0.8237
0.8276
0.8134
0.8272
0.8154
0.8237
0.8293
0.8202
0.8287
0.8234
0.7832
0.8293
0.8202
0.8287
0.8234
0.7832
0.8332
0.8208
0.8324
0.8241
0.7632
0.8485
0.8331
0.8483
0.8396
0.7363
0.8224
0.8341
0.8224
0.8407
0.7247
0.82
0.8417
0.8194
0.8305
0.7235
0.7886
0.8238
0.786
0.8108
0.723
0.7871
0.8221
0.7846
0.8108
0.723
0.7758
0.8136
0.7718
0.8025
0.723
0.7735
0.8126
0.7671
0.8022
0.723
0.7313
0.7989
0.7336
0.7854
0.723
0.7313
0.7988
0.7336
0.7854
0.723
0.7313
0.7988
0.7336
0.7854
0.723
IngramS
0.5334
0.8232
0.5331
0.8198
0.5218
0.7796
0.8864
0.7835
0.8834
0.5249
0.7994
0.8868
0.8013
0.8837
0.5405
0.8488
0.8908
0.8496
0.8945
0.5405
0.8496
0.8897
0.8503
0.8946
0.5405
0.8663
0.8818
0.866
0.8864
0.5405
0.8683
0.8816
0.8663
0.8863
0.5405
0.8851
0.8691
0.8854
0.872
0.7038
0.8909
0.859
0.8896
0.8608
0.8053
0.8702
0.8635
0.8697
0.8659
0.8688
0.8703
0.8546
0.8699
0.8568
0.8688
0.8721
0.8621
0.8715
0.8657
0.8247
0.8721
0.8621
0.8715
0.8657
0.8247
0.8764
0.8628
0.8756
0.8664
0.8028
0.8934
0.8764
0.8932
0.8835
0.7733
0.8675
0.8775
0.8675
0.8847
0.7606
0.8649
0.8867
0.8644
0.8756
0.7585
0.8305
0.8689
0.8278
0.8547
0.7576
0.8289
0.8671
0.8262
0.8547
0.7576
0.8165
0.8577
0.8122
0.8455
0.7576
0.8139
0.8567
0.807
0.8452
0.7576
0.7678
0.8417
0.7703
0.8269
0.7576
0.7678
0.8416
0.7703
0.8269
0.7576
0.7678
0.8416
0.7703
0.8269
0.7576
ParkingServ
0.7161
0.8789
0.7159
0.8795
0.7036
0.8864
0.8714
0.8862
0.8713
0.707
0.8825
0.8714
0.8825
0.8713
0.7238
0.8732
0.865
0.8732
0.8717
0.7238
0.8731
0.8632
0.8731
0.8718
0.7238
0.8701
0.85
0.87
0.8578
0.7238
0.8701
0.8498
0.87
0.8576
0.7238
0.871
0.8289
0.8706
0.8338
0.875
0.8652
0.812
0.8631
0.815
0.8804
0.8307
0.8196
0.8298
0.8235
0.8697
0.8306
0.8048
0.83
0.8084
0.8699
0.8337
0.8174
0.8327
0.8231
0.8771
0.8337
0.8174
0.8327
0.8231
0.8771
0.8408
0.8184
0.8395
0.8244
0.8813
0.872
0.8412
0.8718
0.8529
0.8875
0.8699
0.8429
0.8697
0.8548
0.8901
0.8702
0.8712
0.87
0.8706
0.8925
0.8772
0.8707
0.8771
0.8731
0.8934
0.8776
0.8707
0.8774
0.8731
0.8934
0.88
0.8726
0.8802
0.8751
0.8934
0.8805
0.8729
0.8815
0.8752
0.8934
0.8887
0.8752
0.8883
0.8783
0.8934
0.8887
0.8752
0.8883
0.8783
0.8934
0.8887
0.8752
0.8883
0.8783
0.8934
MainSt
0.7661
0.8862
0.7659
0.8879
0.7538
0.9083
0.859
0.9068
0.8596
0.7572
0.8976
0.8589
0.897
0.8595
0.7737
0.8717
0.8497
0.8715
0.8572
0.7737
0.8713
0.8477
0.8711
0.8572
0.7737
0.8627
0.8333
0.8627
0.8418
0.7737
0.8622
0.833
0.8625
0.8416
0.7737
0.8587
0.81
0.8583
0.8154
0.9166
0.8499
0.7915
0.8476
0.7948
0.8933
0.812
0.7998
0.811
0.8042
0.8615
0.8119
0.7836
0.8113
0.7875
0.8618
0.8153
0.7974
0.8142
0.8038
0.8835
0.8153
0.7974
0.8142
0.8038
0.8835
0.8231
0.7985
0.8216
0.8051
0.8951
0.8578
0.8236
0.8576
0.8364
0.9115
0.8621
0.8255
0.8619
0.8385
0.9185
0.8632
0.8586
0.8632
0.8608
0.9221
0.882
0.8628
0.8827
0.8699
0.9236
0.8829
0.8633
0.8835
0.8699
0.9236
0.8895
0.8684
0.8911
0.8751
0.9236
0.8909
0.869
0.8941
0.8752
0.9236
0.9145
0.8763
0.9133
0.8845
0.9236
0.9145
0.8763
0.9133
0.8845
0.9236
0.9145
0.8763
0.9133
0.8845
0.9236
PublicSafety
0.73
0.9602
0.7297
0.9607
0.7138
0.9667
0.952
0.9665
0.9521
0.7182
0.9634
0.9519
0.9634
0.9521
0.7399
0.9555
0.9437
0.9555
0.9514
0.7399
0.9554
0.9416
0.9554
0.9514
0.7399
0.9529
0.9265
0.9528
0.9353
0.7399
0.9527
0.9262
0.9528
0.9351
0.7399
0.9517
0.9023
0.9514
0.9079
0.9409
0.9439
0.8829
0.9416
0.8863
0.9616
0.9044
0.8916
0.9034
0.8962
0.9523
0.9043
0.8746
0.9037
0.8788
0.9525
0.9078
0.8891
0.9067
0.8957
0.9588
0.9078
0.8891
0.9067
0.8957
0.9588
0.9159
0.8902
0.9144
0.8971
0.9625
0.9518
0.9164
0.9517
0.9298
0.9677
0.9526
0.9183
0.9524
0.9319
0.9698
0.953
0.9517
0.9529
0.9523
0.9711
0.9589
0.9531
0.9589
0.9554
0.9716
0.9592
0.9533
0.9591
0.9554
0.9716
0.9612
0.9549
0.9615
0.9571
0.9716
0.9617
0.9551
0.9625
0.9571
0.9716
0.9687
0.957
0.9683
0.9598
0.9716
0.9687
0.9571
0.9683
0.9598
0.9716
0.9687
0.9571
0.9683
0.9598
0.9716
CollegeHeights
0.8619
0.9028
0.8617
0.9066
0.8497
0.9526
0.838
0.9488
0.8401
0.853
0.9291
0.8377
0.9274
0.8399
0.8694
0.8715
0.8233
0.8709
0.8323
0.8694
0.8706
0.821
0.87
0.8322
0.8694
0.8513
0.804
0.8516
0.814
0.8694
0.8499
0.8036
0.8512
0.8137
0.8694
0.8382
0.7767
0.8375
0.7831
0.9981
0.8234
0.7549
0.8208
0.7587
0.9207
0.7789
0.7647
0.7778
0.7698
0.8489
0.7787
0.7456
0.7781
0.7502
0.8491
0.7828
0.7619
0.7816
0.7693
0.8985
0.7828
0.7619
0.7816
0.7693
0.8985
0.7918
0.7632
0.7902
0.7709
0.9242
0.8334
0.7927
0.8333
0.8077
0.9597
0.8501
0.7949
0.8498
0.8101
0.975
0.8528
0.8375
0.853
0.845
0.9811
0.8938
0.8506
0.896
0.8664
0.9837
0.8958
0.8519
0.8979
0.8664
0.9837
0.9103
0.8631
0.9144
0.8775
0.9837
0.9133
0.8644
0.9209
0.8779
0.9837
0.9662
0.8811
0.9635
0.8988
0.9837
0.9662
0.8812
0.9635
0.8988
0.9837
0.9662
0.8812
0.9635
0.8988
0.9837
SportsPlex
0.7168
1.0
0.7165
1.0
0.6984
1.0
1.0
1.0
1.0
0.7034
1.0
1.0
1.0
1.0
0.728
1.0
0.992
1.0
1.0
0.728
1.0
0.9899
1.0
1.0
0.728
1.0
0.9742
1.0
0.9834
0.728
1.0
0.9739
1.0
0.9832
0.728
1.0
0.9494
1.0
0.9552
0.9596
0.9923
0.9292
0.9902
0.9327
1.0
0.9515
0.9382
0.9507
0.9429
1.0
0.9512
0.9207
0.9508
0.9249
1.0
0.9548
0.9357
0.9538
0.9425
1.0
0.9548
0.9357
0.9538
0.9425
1.0
0.963
0.9368
0.9616
0.9438
1.0
1.0
0.9639
1.0
0.9777
1.0
1.0
0.9659
1.0
0.9798
1.0
1.0
1.0
1.0
1.0
1.0
1.0
1.0
1.0
1.0
1.0
1.0
1.0
1.0
1.0
1.0
1.0
1.0
1.0
1.0
1.0
1.0
1.0
1.0
1.0
1.0
1.0
1.0
1.0
1.0
1.0
1.0
1.0
1.0
1.0
1.0
1.0
1.0
1.0
1.0
1.0
CityView
0.6821
0.9125
0.6818
0.9121
0.6674
0.9078
0.9217
0.9081
0.921
0.6714
0.9099
0.9218
0.9101
0.9211
0.6909
0.9154
0.9169
0.9155
0.9235
0.6909
0.9154
0.9151
0.9155
0.9235
0.6909
0.9173
0.9019
0.9173
0.9097
0.6909
0.9177
0.9017
0.9173
0.9095
0.6909
0.9214
0.8811
0.9216
0.886
0.8749
0.9171
0.8641
0.9153
0.8671
0.9109
0.8828
0.8717
0.8821
0.8756
0.9179
0.8826
0.857
0.8822
0.8605
0.9179
0.8855
0.8696
0.8847
0.8752
0.9129
0.8855
0.8696
0.8847
0.8752
0.9129
0.8924
0.8705
0.8912
0.8764
0.9103
0.9231
0.8933
0.9231
0.9048
0.907
0.9176
0.895
0.9176
0.9067
0.9057
0.9171
0.9219
0.9171
0.9194
0.9062
0.9132
0.9178
0.9131
0.9159
0.9064
0.913
0.9174
0.9129
0.9159
0.9064
0.9117
0.9164
0.9113
0.9149
0.9064
0.9114
0.9163
0.9107
0.9148
0.9064
0.9064
0.9148
0.9067
0.9129
0.9064
0.9064
0.9148
0.9067
0.9129
0.9064
0.9064
0.9148
0.9067
0.9129
0.9064
GreekRow
0.6091
0.7776
0.609
0.7762
0.6001
0.7597
0.8087
0.7611
0.8067
0.6026
0.7679
0.809
0.7686
0.8069
0.6145
0.7884
0.8099
0.7887
0.8141
0.6145
0.7887
0.8087
0.7891
0.8142
0.6145
0.7956
0.7998
0.7956
0.805
0.6145
0.7969
0.7997
0.7957
0.8049
0.6145
0.808
0.7858
0.8085
0.7891
0.7302
0.81
0.7744
0.8088
0.7764
0.7713
0.787
0.7795
0.7865
0.7822
0.7976
0.7867
0.7697
0.7865
0.7719
0.7974
0.7887
0.7782
0.7882
0.7819
0.7788
0.7887
0.7782
0.7882
0.7819
0.7788
0.7932
0.7788
0.7925
0.7826
0.7695
0.8129
0.7941
0.8129
0.8018
0.7569
0.7965
0.7952
0.7967
0.803
0.752
0.7951
0.8093
0.795
0.8019
0.7526
0.7805
0.7972
0.7798
0.7905
0.7529
0.7798
0.796
0.7791
0.7905
0.7529
0.7746
0.792
0.7732
0.7865
0.7529
0.7736
0.7916
0.7709
0.7864
0.7529
0.7546
0.7859
0.7558
0.7791
0.7529
0.7546
0.7858
0.7558
0.7791
0.7529
0.7546
0.7858
0.7558
0.7791
0.7529
Rutherford
0.4941
0.8411
0.4938
0.8368
0.481
0.7845
0.9223
0.7891
0.9187
0.4845
0.8106
0.9228
0.8127
0.919
0.5019
0.8755
0.9288
0.8764
0.9322
0.5019
0.8765
0.9279
0.8774
0.9323
0.5019
0.8984
0.9204
0.8981
0.9248
0.5019
0.9008
0.9203
0.8985
0.9247
0.5019
0.9211
0.9086
0.9219
0.9114
0.6892
0.929
0.899
0.928
0.9006
0.8199
0.9096
0.9033
0.9092
0.9055
0.902
0.9093
0.895
0.9092
0.8969
0.9017
0.911
0.9022
0.9106
0.9053
0.8447
0.911
0.9022
0.9106
0.9053
0.8447
0.9148
0.9027
0.9142
0.9059
0.8157
0.9302
0.9156
0.9302
0.922
0.7762
0.9001
0.9165
0.9004
0.923
0.7596
0.8967
0.9232
0.8963
0.9097
0.7557
0.8508
0.9011
0.8481
0.8823
0.7541
0.8486
0.8988
0.846
0.8822
0.7541
0.8323
0.8863
0.8274
0.8698
0.7541
0.8289
0.8849
0.8202
0.8694
0.7541
0.7689
0.8661
0.7722
0.8458
0.7541
0.7689
0.8659
0.7722
0.8458
0.7541
0.7689
0.8659
0.7722
0.8458
0.7541
Softball
0.6033
0.6836
0.6032
0.6825
0.5986
0.6701
0.7118
0.6711
0.7096
0.5999
0.6763
0.7121
0.6769
0.7098
0.606
0.6918
0.7147
0.6921
0.7179
0.606
0.692
0.7138
0.6923
0.718
0.606
0.6972
0.7069
0.6972
0.711
0.606
0.6986
0.7068
0.6973
0.7109
0.606
0.7111
0.696
0.7116
0.6986
0.6622
0.7147
0.6871
0.7139
0.6887
0.6791
0.6969
0.6911
0.6966
0.6932
0.6994
0.6966
0.6835
0.6965
0.6852
0.6991
0.6982
0.6901
0.6978
0.693
0.6847
0.6982
0.6901
0.6978
0.693
0.6847
0.7017
0.6906
0.7011
0.6935
0.6775
0.7166
0.7025
0.7166
0.7084
0.6679
0.6981
0.7034
0.6984
0.7094
0.6644
0.6968
0.7126
0.6968
0.7042
0.6666
0.6857
0.6989
0.6853
0.6933
0.6675
0.6852
0.6976
0.6848
0.6933
0.6675
0.6813
0.6946
0.6803
0.6903
0.6675
0.6805
0.6943
0.6785
0.6902
0.6675
0.6662
0.6901
0.6671
0.6848
0.6675
0.6662
0.6901
0.6671
0.6848
0.6675
0.6662
0.6901
0.6671
0.6848
0.6675
Ezell
1.0
0.6656
1.0
0.6738
1.0
0.7725
0.5325
0.7638
0.5363
1.0
0.7231
0.532
0.7192
0.5359
1.0
0.6004
0.5139
0.5989
0.5223
1.0
0.5984
0.5118
0.5971
0.5222
1.0
0.5571
0.4962
0.5579
0.5053
1.0
0.5545
0.4959
0.5572
0.5051
1.0
0.5335
0.4713
0.5327
0.4771
0.9397
0.5139
0.4512
0.5117
0.4547
0.7069
0.4733
0.4602
0.4724
0.4649
0.5533
0.4729
0.4428
0.4725
0.4469
0.5535
0.4765
0.4579
0.4756
0.4645
0.6591
0.4765
0.4579
0.4756
0.4645
0.6591
0.4847
0.459
0.4833
0.4659
0.7133
0.5237
0.4861
0.5239
0.4996
0.7876
0.5552
0.488
0.5549
0.5018
0.8201
0.5603
0.532
0.5613
0.5456
0.8344
0.6467
0.555
0.6523
0.5878
0.8403
0.6508
0.5574
0.6562
0.5879
0.8403
0.6817
0.581
0.6913
0.6111
0.8403
0.6881
0.5837
0.7047
0.612
0.8403
0.8013
0.6202
0.7954
0.6569
0.8403
0.8013
0.6205
0.7954
0.6569
0.8403
0.8013
0.6205
0.7954
0.6569
0.8403
MtsuBlvdG
0.7815
0.6071
0.7815
0.6105
0.7821
0.6522
0.559
0.6484
0.5594
0.7819
0.6314
0.559
0.6298
0.5594
0.7811
0.5797
0.5533
0.5791
0.5581
0.7811
0.5788
0.552
0.5784
0.5581
0.7811
0.5614
0.5426
0.5618
0.5481
0.7811
0.561
0.5424
0.5616
0.548
0.7811
0.5591
0.5276
0.5591
0.5311
0.7406
0.5534
0.5153
0.5521
0.5174
0.6251
0.5288
0.5208
0.5283
0.5236
0.561
0.5285
0.5103
0.5283
0.5127
0.561
0.5306
0.5194
0.5301
0.5234
0.6047
0.5306
0.5194
0.5301
0.5234
0.6047
0.5355
0.5201
0.5347
0.5242
0.6274
0.558
0.5365
0.5581
0.5447
0.6584
0.5611
0.5377
0.5611
0.546
0.6725
0.5628
0.5593
0.5633
0.5604
0.6813
0.5989
0.5613
0.6016
0.5741
0.685
0.6007
0.5617
0.6032
0.5742
0.685
0.6137
0.5716
0.618
0.5839
0.685
0.6164
0.5727
0.6235
0.5843
0.685
0.6642
0.5884
0.6618
0.6034
0.685
0.6642
0.5885
0.6618
0.6034
0.685
0.6642
0.5885
0.6618
0.6034
0.685
Rec
0.9123
0.6542
0.9123
0.6604
0.912
0.7355
0.5559
0.7289
0.5583
0.9121
0.698
0.5556
0.695
0.5581
0.9125
0.6047
0.5423
0.6036
0.5494
0.9125
0.6031
0.5405
0.6022
0.5493
0.9125
0.5718
0.5271
0.5724
0.535
0.9125
0.57
0.5269
0.5719
0.5348
0.9125
0.5566
0.5059
0.5562
0.5108
0.8681
0.5424
0.4886
0.5405
0.4916
0.6859
0.5076
0.4963
0.5068
0.5003
0.5693
0.5072
0.4814
0.5069
0.4849
0.5694
0.5103
0.4943
0.5095
0.5
0.6494
0.5103
0.4943
0.5095
0.5
0.6494
0.5172
0.4952
0.5161
0.5011
0.6906
0.5502
0.5185
0.5504
0.5301
0.7469
0.5705
0.5202
0.5703
0.5319
0.7718
0.5742
0.5557
0.575
0.5644
0.7837
0.6397
0.5704
0.6442
0.5949
0.7886
0.6429
0.572
0.6471
0.595
0.7886
0.6664
0.5899
0.6738
0.6127
0.7886
0.6713
0.592
0.6839
0.6133
0.7886
0.7574
0.6198
0.7529
0.6476
0.7886
0.7574
0.62
0.7529
0.6476
0.7886
0.7574
0.62
0.7529
0.6476
0.7886
Abernathy
0.9529
0.8061
0.9528
0.8125
0.946
0.8896
0.6996
0.883
0.7029
0.9479
0.8508
0.6992
0.8478
0.7026
0.9571
0.7548
0.6815
0.7536
0.6907
0.9571
0.7532
0.6792
0.7522
0.6906
0.9571
0.721
0.6619
0.7215
0.672
0.9571
0.7187
0.6616
0.721
0.6718
0.9571
0.7004
0.6344
0.6996
0.6408
1.0
0.6816
0.6122
0.6791
0.6161
0.8378
0.6366
0.6221
0.6355
0.6273
0.7176
0.6362
0.6029
0.6357
0.6074
0.7178
0.6403
0.6194
0.6391
0.6268
0.8005
0.6403
0.6194
0.6391
0.6268
0.8005
0.6493
0.6207
0.6478
0.6284
0.843
0.6921
0.6506
0.6921
0.6657
0.9014
0.7193
0.6528
0.719
0.6681
0.9268
0.7235
0.6991
0.7241
0.711
0.9373
0.7912
0.7193
0.7955
0.7453
0.9416
0.7945
0.7214
0.7986
0.7454
0.9416
0.8187
0.7399
0.8261
0.7636
0.9416
0.8237
0.742
0.8366
0.7643
0.9416
0.9122
0.7704
0.9076
0.7994
0.9416
0.9122
0.7706
0.9076
0.7994
0.9416
0.9122
0.7706
0.9076
0.7994
0.9416
MTSU
0.417
0.6143
0.417
0.6093
0.4139
0.5493
0.7138
0.5546
0.7087
0.4147
0.5792
0.7145
0.5817
0.7091
0.4189
0.6537
0.7279
0.6548
0.7279
0.4189
0.6548
0.7278
0.6559
0.7281
0.4189
0.6799
0.7265
0.6797
0.7273
0.4189
0.6832
0.7265
0.6801
0.7273
0.4189
0.7122
0.7246
0.7133
0.7251
0.4791
0.7278
0.7229
0.7278
0.7232
0.5903
0.7246
0.7237
0.7247
0.724
0.685
0.7244
0.7223
0.7245
0.7226
0.6845
0.7247
0.7236
0.7247
0.724
0.6185
0.7247
0.7236
0.7247
0.724
0.6185
0.7252
0.7236
0.7252
0.7241
0.5851
0.7251
0.7259
0.725
0.7268
0.5397
0.6822
0.726
0.6827
0.7269
0.521
0.678
0.7152
0.6776
0.696
0.5188
0.6253
0.6838
0.6223
0.6614
0.5179
0.6228
0.6806
0.6199
0.6614
0.5179
0.604
0.6663
0.5985
0.6472
0.5179
0.6002
0.6647
0.5903
0.6467
0.5179
0.5313
0.6433
0.5353
0.6198
0.5179
0.5313
0.6431
0.5353
0.6198
0.5179
0.5313
0.6431
0.5353
0.6198
0.5179
Highland
0.2163
0.7879
0.2161
0.7774
0.2032
0.6513
0.9776
0.6627
0.9697
0.2068
0.7141
0.9787
0.7194
0.9704
0.2242
0.8703
1.0
0.8726
0.999
0.2242
0.8729
1.0
0.8748
0.9992
0.2242
0.9255
1.0
0.9247
1.0
0.2242
0.9307
1.0
0.9256
1.0
0.2242
0.9749
1.0
0.9764
1.0
0.449
1.0
1.0
1.0
1.0
0.7352
1.0
1.0
1.0
1.0
0.9331
1.0
1.0
1.0
1.0
0.9326
1.0
1.0
1.0
1.0
0.7957
1.0
1.0
1.0
1.0
0.7957
1.0
1.0
1.0
1.0
0.7261
0.9954
1.0
0.9951
1.0
0.6315
0.9291
1.0
0.9296
1.0
0.5911
0.9213
0.9792
0.9202
0.95
0.5801
0.8114
0.9314
0.8042
0.8872
0.5755
0.8062
0.9266
0.7993
0.8871
0.5755
0.7668
0.8966
0.7546
0.8575
0.5755
0.7587
0.8933
0.7376
0.8564
0.5755
0.614
0.8471
0.6219
0.7993
0.5755
0.614
0.8467
0.6219
0.7993
0.5755
0.614
0.8467
0.6219
0.7993
0.5755
MEC
0.1939
0.7502
0.1937
0.7394
0.1824
0.6093
0.9468
0.6211
0.9385
0.1855
0.674
0.9479
0.6795
0.9392
0.2008
0.8351
0.9709
0.8375
0.9693
0.2008
0.8378
0.9711
0.8398
0.9695
0.2008
0.892
0.9724
0.8913
0.9716
0.2008
0.8975
0.9724
0.8922
0.9716
0.2008
0.9439
0.9743
0.9454
0.9739
0.4069
0.9709
0.976
0.9711
0.9757
0.6959
0.9742
0.9752
0.9742
0.9749
0.9
0.9742
0.9767
0.9742
0.9763
0.8995
0.9739
0.9754
0.974
0.9749
0.7581
0.9739
0.9754
0.974
0.9749
0.7581
0.9733
0.9754
0.9734
0.9748
0.6864
0.9654
0.9732
0.9652
0.9721
0.5888
0.8958
0.973
0.8963
0.9719
0.5472
0.8878
0.9484
0.8866
0.9178
0.5362
0.7744
0.8983
0.767
0.8526
0.5317
0.769
0.8932
0.7619
0.8524
0.5317
0.7284
0.8623
0.7158
0.822
0.5317
0.7201
0.8589
0.6983
0.8209
0.5317
0.5709
0.8113
0.579
0.762
0.5317
0.5709
0.8109
0.579
0.762
0.5317
0.5709
0.8109
0.579
0.762
0.5317
Jackson
0.1728
0.752
0.1726
0.7407
0.161
0.6047
0.9573
0.6169
0.9487
0.1642
0.6724
0.9585
0.6781
0.9494
0.1799
0.8409
0.9826
0.8434
0.9806
0.1799
0.8437
0.9828
0.8458
0.9809
0.1799
0.9004
0.9845
0.8996
0.9835
0.1799
0.9062
0.9845
0.9006
0.9835
0.1799
0.9543
0.9872
0.9559
0.9866
0.3928
0.9825
0.9894
0.9828
0.989
0.6953
0.987
0.9884
0.9871
0.9879
0.9088
0.987
0.9903
0.987
0.9899
0.9082
0.9866
0.9887
0.9867
0.988
0.7604
0.9866
0.9887
0.9867
0.988
0.7604
0.9857
0.9886
0.9858
0.9878
0.6853
0.9766
0.9856
0.9763
0.9841
0.5832
0.9043
0.9854
0.9049
0.9839
0.5397
0.896
0.959
0.8947
0.9272
0.5281
0.7773
0.9069
0.7696
0.8591
0.5232
0.7717
0.9016
0.7643
0.859
0.5232
0.7292
0.8693
0.7161
0.8271
0.5232
0.7205
0.8657
0.6978
0.8259
0.5232
0.5645
0.8159
0.5729
0.7643
0.5232
0.5645
0.8155
0.5729
0.7643
0.5232
0.5645
0.8155
0.5729
0.7643
0.5232
Livestock
0.2027
0.1405
0.2029
0.133
0.2198
0.0424
0.2994
0.0504
0.2904
0.2152
0.0875
0.3007
0.0913
0.2911
0.1923
0.1999
0.332
0.2016
0.3243
0.1923
0.2017
0.3338
0.2032
0.3245
0.1923
0.2395
0.3468
0.2391
0.3392
0.1923
0.2453
0.347
0.2398
0.3394
0.1923
0.2964
0.3674
0.2981
0.3626
0.0
0.3317
0.3841
0.3336
0.3812
0.1036
0.3655
0.3766
0.3663
0.3727
0.2481
0.3657
0.3911
0.3661
0.3877
0.2474
0.3628
0.3787
0.3637
0.3731
0.1466
0.3628
0.3787
0.3637
0.3731
0.1466
0.356
0.3777
0.3572
0.372
0.0963
0.3199
0.3553
0.3197
0.3439
0.0279
0.2434
0.3536
0.2441
0.3421
0.0
0.2366
0.3013
0.236
0.2677
0.0
0.1572
0.2459
0.1525
0.2118
0.0
0.1535
0.2405
0.1489
0.2117
0.0
0.1251
0.2189
0.1166
0.1903
0.0
0.1193
0.2165
0.1043
0.1896
0.0
0.0154
0.1838
0.0212
0.1488
0.0
0.0154
0.1835
0.0212
0.1488
0.0
0.0154
0.1835
0.0212
0.1488
0.0
Greenhouse
0.812
0.0895
0.8122
0.0963
0.8371
0.178
0.0
0.1706
0.0
0.8303
0.1375
0.0
0.1341
0.0
0.7967
0.0363
0.0
0.0349
0.0
0.7967
0.0346
0.0
0.0335
0.0
0.7967
0.0005
0.0
0.0011
0.0
0.7967
0.0
0.0
0.0005
0.0
0.7967
0.0
0.0
0.0
0.0
0.4116
0.0
0.0
0.0
0.0
0.1247
0.0
0.0
0.0
0.0
0.0
0.0
0.0
0.0
0.0
0.0
0.0
0.0
0.0
0.0
0.085
0.0
0.0
0.0
0.0
0.085
0.0
0.0
0.0
0.0
0.1297
0.0
0.0
0.0
0.0
0.1905
0.0
0.0
0.0
0.0
0.2183
0.0031
0.0
0.004
0.0
0.2372
0.074
0.0
0.079
0.0251
0.245
0.0774
0.0004
0.0822
0.0252
0.245
0.1029
0.0198
0.1111
0.0442
0.245
0.1081
0.022
0.1219
0.0449
0.245
0.2018
0.0524
0.197
0.0823
0.245
0.2018
0.0527
0.197
0.0823
0.245
0.2018
0.0527
0.197
0.0823
0.245
ChampionWayG
0.4974
0.0
0.4976
0.0
0.524
0.0
0.0316
0.0
0.0267
0.5168
0.0
0.0323
0.0
0.0272
0.4814
0.0
0.0499
0.0
0.0447
0.4814
0.0
0.051
0.0
0.0448
0.4814
0.0
0.0601
0.0
0.0549
0.4814
0.0027
0.0603
0.0
0.055
0.4814
0.0298
0.0744
0.0305
0.0711
0.1191
0.0498
0.0861
0.0509
0.0842
0.0
0.0732
0.0808
0.0736
0.0782
0.0037
0.0736
0.0908
0.0737
0.0886
0.0037
0.0717
0.082
0.0721
0.0784
0.0
0.0717
0.082
0.0721
0.0784
0.0
0.0672
0.0814
0.0678
0.0777
0.0
0.043
0.0656
0.0428
0.0581
0.0
0.0016
0.0644
0.0018
0.0569
0.0014
0.0
0.0318
0.0
0.0144
0.0128
0.0
0.0025
0.0
0.0
0.0175
0.0
0.0
0.0
0.0
0.0175
0.0
0.0
0.0
0.0
0.0175
0.0
0.0
0.0
0.0
0.0175
0.0
0.0
0.0
0.0
0.0175
0.0
0.0
0.0
0.0
0.0175
0.0
0.0
0.0
0.0
0.0175
Greenland
0.0926
0.2945
0.0927
0.2837
0.1016
0.1533
0.5061
0.1651
0.4956
0.0992
0.2182
0.5076
0.2237
0.4965
0.0872
0.3797
0.5423
0.3822
0.5347
0.0872
0.3824
0.544
0.3845
0.535
0.0872
0.4368
0.5566
0.4362
0.5492
0.0872
0.4436
0.5568
0.4371
0.5494
0.0872
0.5025
0.5764
0.5044
0.5718
0.0232
0.5421
0.5926
0.5439
0.5898
0.2402
0.5747
0.5854
0.5754
0.5816
0.4466
0.575
0.5993
0.5754
0.5961
0.446
0.5722
0.5872
0.5731
0.582
0.3026
0.5722
0.5872
0.5731
0.582
0.3026
0.5658
0.5864
0.5669
0.5809
0.2305
0.53
0.5646
0.5296
0.5538
0.1326
0.4413
0.5631
0.4421
0.5521
0.0916
0.4326
0.5079
0.4315
0.4693
0.0857
0.3188
0.4442
0.3115
0.3973
0.0833
0.3134
0.438
0.3064
0.3971
0.0833
0.2727
0.407
0.2601
0.3665
0.0833
0.2643
0.4036
0.2426
0.3655
0.0833
0.1146
0.3558
0.1228
0.3064
0.0833
0.1146
0.3554
0.1228
0.3064
0.0833
0.1146
0.3554
0.1228
0.3064
0.0833
MiddleTN
0.0251
0.4373
0.0251
0.4242
0.0268
0.2663
0.6843
0.2807
0.673
0.0263
0.3449
0.6859
0.3516
0.674
0.0241
0.5405
0.7222
0.5434
0.715
0.0241
0.5437
0.7237
0.5462
0.7154
0.0241
0.6096
0.735
0.6088
0.7284
0.0241
0.617
0.7352
0.6099
0.7285
0.0241
0.6804
0.7529
0.6825
0.7487
0.0709
0.722
0.7674
0.7236
0.7649
0.3716
0.7513
0.7609
0.752
0.7575
0.6204
0.7516
0.7735
0.7519
0.7705
0.6197
0.749
0.7627
0.7498
0.7579
0.4471
0.749
0.7627
0.7498
0.7579
0.4471
0.7431
0.7619
0.7442
0.7569
0.3599
0.7098
0.7424
0.7095
0.7325
0.2414
0.6146
0.7409
0.6154
0.731
0.1912
0.6044
0.6865
0.6031
0.6447
0.1809
0.4667
0.6179
0.4579
0.5617
0.1765
0.4602
0.6111
0.4517
0.5615
0.1765
0.4109
0.5736
0.3957
0.5245
0.1765
0.4008
0.5694
0.3744
0.5232
0.1765
0.2196
0.5117
0.2295
0.4517
0.1765
0.2196
0.5112
0.2295
0.4517
0.1765
0.2196
0.5112
0.2295
0.4517
0.1765
