Rose
0.0
0.0784
0.0
0.0338
0.0
0.0
0.5787
0.0
0.5654
0.0
0.0
0.5806
0.0017
0.5665
0.0
0.3566
0.6281
0.3623
0.6141
0.0
0.3632
0.6315
0.3681
0.6144
0.0
0.4845
0.6557
0.4832
0.6415
0.0
0.4948
0.6562
0.4851
0.6419
0.0
0.5747
0.694
0.5776
0.6852
0.0
0.6275
0.7202
0.6312
0.7159
0.0092
0.6906
0.7092
0.6921
0.7034
0.5003
0.6908
0.7305
0.6917
0.7254
0.4987
0.6853
0.7124
0.6871
0.704
0.1159
0.6853
0.7124
0.6871
0.704
0.1159
0.6725
0.711
0.6749
0.7023
0.0048
0.6074
0.6718
0.6072
0.6504
0.0
0.492
0.6687
0.4934
0.647
0.0
0.4763
0.5822
0.4744
0.5312
0.0
0.1719
0.4955
0.1483
0.3976
0.0
0.1525
0.486
0.1287
0.3972
0.0
0.0226
0.4201
0.0171
0.3183
0.0
0.0187
0.4123
0.0093
0.3154
0.0
0.0
0.2912
0.0
0.1246
0.0
0.0
0.29
0.0
0.1246
0.0
0.0
0.29
0.0
0.1246
0.0
FairView
0.0815
0.0461
0.0815
0.0056
0.0829
0.0213
0.5046
0.0182
0.4923
0.0825
0.0002
0.5063
0.0
0.4934
0.0807
0.3009
0.5499
0.3061
0.537
0.0807
0.307
0.553
0.3115
0.5373
0.0807
0.4182
0.5752
0.4171
0.5622
0.0807
0.4277
0.5757
0.4188
0.5625
0.0807
0.5009
0.6104
0.5037
0.6023
0.058
0.5494
0.6346
0.5529
0.6306
0.0
0.6073
0.6244
0.6087
0.619
0.4327
0.6075
0.6441
0.6084
0.6394
0.4313
0.6025
0.6273
0.6041
0.6196
0.0803
0.6025
0.6273
0.6041
0.6196
0.0803
0.5908
0.626
0.5929
0.618
0.0
0.531
0.59
0.5308
0.5704
0.0269
0.4251
0.5872
0.4265
0.5673
0.037
0.4107
0.5077
0.4091
0.461
0.0405
0.1314
0.4282
0.1098
0.3384
0.0415
0.1136
0.4195
0.0919
0.338
0.0415
0.0
0.359
0.0
0.2657
0.0415
0.0
0.3518
0.0
0.263
0.0415
0.0315
0.2407
0.0295
0.088
0.0415
0.0315
0.2395
0.0295
0.088
0.0415
0.0315
0.2395
0.0295
0.088
0.0415
Bell
0.8286
0.0
0.8287
0.0
0.8379
0.3948
0.0
0.3675
0.0
0.8354
0.2141
0.0
0.199
0.0
0.8231
0.0
0.0
0.0
0.0
0.8231
0.0
0.0
0.0
0.0
0.8231
0.0
0.0
0.0
0.0
0.8231
0.0
0.0
0.0
0.0
0.8231
0.0
0.0
0.0
0.0
0.6734
0.0
0.0
0.0
0.0
0.1414
0.0
0.0
0.0
0.0
0.0
0.0
0.0
0.0
0.0
0.0
0.0
0.0
0.0
0.0
0.0
0.0
0.0
0.0
0.0
0.0
0.0
0.0
0.0
0.0
0.1747
0.0
0.0
0.0
0.0
0.442
0.0
0.0
0.0
0.0
0.528
0.0
0.0
0.0
0.0
0.5574
0.0
0.0
0.0
0.0
0.5642
0.0
0.0
0.0
0.0
0.5642
0.0373
0.0
0.0798
0.0
0.5642
0.0675
0.0
0.14
0.0
0.5642
0.481
0.0
0.4639
0.0
0.5642
0.481
0.0
0.4639
0.0
0.5642
0.481
0.0
0.4639
0.0
0.5642
IngramN
0.8855
0.415
0.8855
0.4227
0.8869
0.7225
0.2547
0.7023
0.2593
0.8865
0.5879
0.2541
0.5763
0.2589
0.8846
0.3303
0.2379
0.3284
0.2427
0.8846
0.328
0.2368
0.3264
0.2426
0.8846
0.2868
0.2285
0.2872
0.2334
0.8846
0.2833
0.2284
0.2865
0.2333
0.8846
0.256
0.2154
0.2549
0.2185
0.861
0.238
0.2039
0.2367
0.206
0.5321
0.2165
0.2092
0.2159
0.212
0.2813
0.2164
0.1989
0.2161
0.2013
0.2818
0.2183
0.2077
0.2177
0.2118
0.4082
0.2183
0.2077
0.2177
0.2118
0.4082
0.2227
0.2084
0.2219
0.2126
0.5576
0.2449
0.223
0.2449
0.2303
0.7577
0.2842
0.2241
0.2836
0.2315
0.8218
0.2895
0.2537
0.2901
0.271
0.8426
0.3933
0.2833
0.4013
0.3166
0.8437
0.4
0.2865
0.406
0.3167
0.8437
0.4522
0.309
0.4848
0.3436
0.8437
0.4754
0.3117
0.531
0.3446
0.8437
0.7868
0.353
0.774
0.4069
0.8437
0.7868
0.3534
0.774
0.4069
0.8437
0.7868
0.3534
0.774
0.4069
0.8437
IngramS
1.0
0.5405
1.0
0.5559
1.0
0.8749
0.2703
0.8537
0.2779
1.0
0.7342
0.2692
0.7219
0.2773
1.0
0.3963
0.2423
0.3931
0.2503
1.0
0.3926
0.2404
0.3898
0.2501
1.0
0.3238
0.2266
0.3245
0.2347
1.0
0.3179
0.2264
0.3235
0.2345
1.0
0.2726
0.2049
0.2709
0.2099
1.0
0.2426
0.1865
0.2405
0.1898
0.6744
0.2068
0.1949
0.2059
0.1993
0.3147
0.2067
0.1787
0.2062
0.1826
0.3156
0.2098
0.1925
0.2088
0.1989
0.5275
0.2098
0.1925
0.2088
0.1989
0.5275
0.2171
0.1936
0.2158
0.2002
0.7019
0.2541
0.2175
0.2542
0.2297
0.9116
0.3195
0.2193
0.3187
0.2316
0.9786
0.3285
0.2684
0.3295
0.2973
1.0
0.5012
0.3177
0.5146
0.3733
1.0
0.5123
0.3231
0.5231
0.3735
1.0
0.5888
0.3605
0.6238
0.4183
1.0
0.6137
0.365
0.6734
0.4199
1.0
0.942
0.4336
0.9287
0.5245
1.0
0.942
0.4343
0.9287
0.5245
1.0
0.942
0.4343
0.9287
0.5245
1.0
ParkingServ
0.6318
0.8341
0.6317
0.8326
0.6225
0.8844
0.7087
0.8808
0.7126
0.6251
0.8599
0.7081
0.8579
0.7123
0.6373
0.7729
0.6944
0.7714
0.6985
0.6373
0.771
0.6935
0.7697
0.6984
0.6373
0.7359
0.6864
0.7363
0.6905
0.6373
0.7329
0.6862
0.7357
0.6904
0.6373
0.7097
0.6752
0.7088
0.6778
0.7878
0.6944
0.6625
0.6932
0.6649
0.8506
0.676
0.6687
0.6755
0.6721
0.7312
0.6759
0.6566
0.6756
0.6595
0.7316
0.6776
0.667
0.6771
0.6717
0.8349
0.6776
0.667
0.6771
0.6717
0.8349
0.6813
0.6678
0.6806
0.6727
0.8547
0.7002
0.6817
0.7003
0.6879
0.8907
0.7337
0.6826
0.7332
0.6889
0.9024
0.7383
0.7079
0.7388
0.7226
0.9042
0.8268
0.7332
0.8336
0.7616
0.8974
0.8325
0.736
0.8355
0.7617
0.8974
0.8369
0.7551
0.8424
0.7846
0.8974
0.8409
0.7574
0.8503
0.7854
0.8974
0.896
0.7927
0.8937
0.8356
0.8974
0.896
0.793
0.8937
0.8356
0.8974
0.896
0.793
0.8937
0.8356
0.8974
MainSt
0.5725
0.8521
0.5725
0.8476
0.5623
0.865
0.7588
0.8635
0.7619
0.5651
0.8551
0.7583
0.8545
0.7616
0.5786
0.8089
0.7477
0.8077
0.7509
0.5786
0.8074
0.7469
0.8064
0.7508
0.5786
0.78
0.7414
0.7803
0.7446
0.5786
0.7776
0.7413
0.7798
0.7446
0.5786
0.7595
0.7326
0.7588
0.7346
0.7438
0.7476
0.7215
0.7467
0.7237
0.8525
0.7332
0.7271
0.7328
0.7301
0.7764
0.733
0.7162
0.7328
0.7188
0.7766
0.7344
0.7255
0.734
0.7298
0.8555
0.7344
0.7255
0.734
0.7298
0.8555
0.7373
0.7262
0.7368
0.7307
0.8534
0.7521
0.7378
0.7521
0.7425
0.8675
0.7783
0.7385
0.7779
0.7433
0.8722
0.7819
0.7583
0.7823
0.7697
0.8716
0.851
0.778
0.8563
0.8001
0.8641
0.8555
0.7802
0.857
0.8002
0.8641
0.848
0.7951
0.8497
0.8181
0.8641
0.8492
0.7969
0.8522
0.8188
0.8641
0.8695
0.8246
0.8687
0.8567
0.8641
0.8695
0.8248
0.8687
0.8567
0.8641
0.8695
0.8248
0.8687
0.8567
0.8641
PublicSafety
0.6255
1.0
0.6254
1.0
0.6128
1.0
0.829
1.0
0.8342
0.6163
1.0
0.8282
1.0
0.8338
0.6331
0.9155
0.8097
0.9134
0.8152
0.6331
0.9129
0.8084
0.9111
0.8151
0.6331
0.8657
0.7989
0.8662
0.8045
0.6331
0.8617
0.7987
0.8655
0.8044
0.6331
0.8304
0.784
0.8292
0.7874
0.8385
0.8099
0.7676
0.8084
0.7708
1.0
0.7852
0.7756
0.7846
0.7798
0.8594
0.7851
0.7601
0.7848
0.7638
0.86
0.7873
0.7733
0.7867
0.7794
1.0
0.7873
0.7733
0.7867
0.7794
1.0
0.7924
0.7743
0.7914
0.7807
1.0
0.8178
0.7926
0.8178
0.801
1.0
0.8627
0.7939
0.8621
0.8024
1.0
0.8689
0.8277
0.8696
0.8476
0.9974
0.9878
0.8616
0.9969
0.8999
0.9881
0.9954
0.8654
1.0
0.9
0.9881
1.0
0.8911
1.0
0.9309
0.9881
1.0
0.8942
1.0
0.932
0.9881
1.0
0.9414
1.0
1.0
0.9881
1.0
0.9419
1.0
1.0
0.9881
1.0
0.9419
1.0
1.0
0.9881
CollegeHeights
0.47
0.8769
0.47
0.8671
0.4584
0.8271
0.8411
0.8292
0.8427
0.4616
0.8417
0.8409
0.8433
0.8425
0.477
0.8659
0.8356
0.8653
0.8373
0.477
0.8651
0.8353
0.8647
0.8372
0.477
0.8515
0.8325
0.8517
0.8341
0.477
0.8504
0.8324
0.8515
0.8341
0.477
0.8414
0.8281
0.8411
0.8291
0.6659
0.8355
0.8198
0.835
0.8215
0.8503
0.8282
0.8242
0.828
0.8266
0.8498
0.8281
0.8157
0.828
0.8177
0.8499
0.8289
0.823
0.8287
0.8264
0.8851
0.8289
0.823
0.8287
0.8264
0.8851
0.8303
0.8236
0.83
0.8271
0.846
0.8376
0.8307
0.8377
0.8331
0.8231
0.8507
0.8311
0.8506
0.8334
0.8162
0.8525
0.8411
0.8527
0.8466
0.8115
0.8869
0.8509
0.8897
0.8617
0.8029
0.8891
0.8519
0.888
0.8618
0.8029
0.8611
0.8593
0.8565
0.8706
0.8029
0.8578
0.8603
0.8499
0.871
0.8029
0.8199
0.8742
0.8214
0.8871
0.8029
0.8199
0.8743
0.8214
0.8871
0.8029
0.8199
0.8743
0.8214
0.8871
0.8029
SportsPlex
0.3297
0.9769
0.3295
0.9603
0.3146
0.8225
1.0
0.8311
1.0
0.3187
0.8802
1.0
0.8856
1.0
0.3386
1.0
1.0
1.0
1.0
0.3386
1.0
1.0
1.0
1.0
0.3386
1.0
1.0
1.0
1.0
0.3386
1.0
1.0
1.0
1.0
0.3386
1.0
1.0
1.0
1.0
0.5811
1.0
0.9942
1.0
0.9955
0.9068
1.0
0.9977
1.0
0.9996
1.0
1.0
0.9908
1.0
0.9925
1.0
1.0
0.9966
1.0
0.9994
0.9914
1.0
0.9966
1.0
0.9994
0.9914
1.0
0.9971
1.0
0.9999
0.8947
1.0
1.0
1.0
1.0
0.8076
1.0
1.0
1.0
1.0
0.7801
1.0
1.0
1.0
1.0
0.7683
1.0
1.0
1.0
1.0
0.7573
1.0
1.0
0.9956
1.0
0.7573
0.9445
1.0
0.9289
1.0
0.7573
0.9334
1.0
0.9069
1.0
0.7573
0.7951
1.0
0.8005
0.9938
0.7573
0.7951
1.0
0.8005
0.9938
0.7573
0.7951
1.0
0.8005
0.9938
0.7573
CityView
0.2787
0.8829
0.2785
0.8625
0.265
0.7274
0.9664
0.7355
0.9647
0.2688
0.7825
0.9667
0.7878
0.9649
0.2868
0.9385
0.9727
0.9392
0.9709
0.2868
0.9393
0.9731
0.9399
0.9709
0.2868
0.9545
0.9761
0.9544
0.9743
0.2868
0.9559
0.9762
0.9546
0.9744
0.2868
0.9659
0.9809
0.9663
0.9798
0.5065
0.9725
0.979
0.973
0.9797
0.8091
0.9804
0.9807
0.9806
0.9817
0.9566
0.9804
0.9773
0.9806
0.9781
0.9564
0.9798
0.9802
0.98
0.9816
0.9006
0.9798
0.9802
0.98
0.9816
0.9006
0.9781
0.9805
0.9784
0.9819
0.7968
0.9699
0.9782
0.9699
0.9754
0.7131
0.9555
0.9778
0.9557
0.975
0.6869
0.9535
0.967
0.9533
0.9605
0.6758
0.9152
0.956
0.9123
0.9436
0.6658
0.9128
0.9548
0.9059
0.9436
0.6658
0.8461
0.9465
0.8307
0.9336
0.6658
0.8351
0.9455
0.8089
0.9332
0.6658
0.7012
0.9304
0.7064
0.9038
0.6658
0.7012
0.9303
0.7064
0.9038
0.6658
0.7012
0.9303
0.7064
0.9038
0.6658
GreekRow
0.2189
0.774
0.2188
0.7491
0.2069
0.6168
0.928
0.6245
0.9243
0.2102
0.669
0.9285
0.6742
0.9246
0.2261
0.8675
0.9415
0.869
0.9376
0.2261
0.8693
0.9424
0.8706
0.9377
0.2261
0.9022
0.9489
0.9019
0.9451
0.2261
0.9051
0.9491
0.9024
0.9452
0.2261
0.9269
0.9594
0.9277
0.957
0.4195
0.9412
0.9619
0.9423
0.9618
0.6955
0.9583
0.9617
0.9588
0.9615
0.9067
0.9583
0.9622
0.9586
0.962
0.9061
0.9569
0.9618
0.9573
0.9615
0.7955
0.9569
0.9618
0.9573
0.9615
0.7955
0.9533
0.9617
0.954
0.9615
0.6832
0.9356
0.9534
0.9356
0.9475
0.6033
0.9043
0.9525
0.9048
0.9465
0.5785
0.9
0.9291
0.8995
0.9151
0.5681
0.8171
0.9054
0.8108
0.8785
0.5593
0.8118
0.9027
0.802
0.8784
0.5593
0.732
0.8848
0.7168
0.8569
0.5593
0.7212
0.8826
0.6951
0.8561
0.5593
0.592
0.8499
0.5969
0.7995
0.5593
0.592
0.8496
0.5969
0.7995
0.5593
0.592
0.8496
0.5969
0.7995
0.5593
Rutherford
0.2043
0.8177
0.2042
0.7925
0.1913
0.6403
0.9677
0.6494
0.9642
0.1949
0.7015
0.9682
0.7075
0.9645
0.2121
0.9094
0.9807
0.9109
0.977
0.2121
0.9112
0.9815
0.9125
0.9771
0.2121
0.9429
0.9879
0.9426
0.9842
0.2121
0.9457
0.988
0.9431
0.9842
0.2121
0.9666
0.9979
0.9674
0.9956
0.4217
0.9805
1.0
0.9814
1.0
0.7315
0.997
1.0
0.9974
1.0
0.9471
0.997
1.0
0.9972
1.0
0.9467
0.9956
1.0
0.996
1.0
0.8393
0.9956
1.0
0.996
1.0
0.8393
0.9922
1.0
0.9928
1.0
0.7177
0.9751
0.9921
0.9751
0.9865
0.6244
0.9449
0.9913
0.9453
0.9856
0.5953
0.9408
0.9687
0.9403
0.9552
0.5833
0.861
0.9459
0.8548
0.9202
0.5738
0.8559
0.9434
0.8461
0.9201
0.5738
0.7736
0.9261
0.7562
0.8994
0.5738
0.7612
0.9241
0.7314
0.8986
0.5738
0.6112
0.8924
0.6169
0.8436
0.5738
0.6112
0.8921
0.6169
0.8436
0.5738
0.6112
0.8921
0.6169
0.8436
0.5738
Softball
0.1977
0.7165
0.1976
0.6898
0.1866
0.5641
0.9011
0.5712
0.8966
0.1897
0.6126
0.9018
0.6176
0.897
0.2043
0.8264
0.9178
0.8283
0.9131
0.2043
0.8286
0.919
0.8302
0.9132
0.2043
0.8693
0.9271
0.8689
0.9223
0.2043
0.8728
0.9272
0.8696
0.9224
0.2043
0.8998
0.94
0.9008
0.937
0.3823
0.9175
0.9445
0.9188
0.9441
0.6382
0.9387
0.9434
0.9392
0.9427
0.8748
0.9386
0.9457
0.939
0.9451
0.8742
0.9368
0.9438
0.9374
0.9428
0.7395
0.9368
0.9438
0.9374
0.9428
0.7395
0.9325
0.9436
0.9333
0.9426
0.6263
0.9106
0.9326
0.9105
0.9253
0.5515
0.8719
0.9315
0.8725
0.9241
0.5285
0.8666
0.9025
0.866
0.8852
0.5188
0.7641
0.8732
0.7563
0.84
0.5107
0.7575
0.87
0.7466
0.8399
0.5107
0.673
0.8477
0.6584
0.8132
0.5107
0.6626
0.8451
0.6376
0.8123
0.5107
0.541
0.8047
0.5456
0.7439
0.5107
0.541
0.8043
0.5456
0.7439
0.5107
0.541
0.8043
0.5456
0.7439
0.5107
Ezell
0.286
0.7212
0.2859
0.6994
0.2756
0.6154
0.8488
0.6198
0.8458
0.2784
0.6464
0.8492
0.6497
0.8461
0.2921
0.7994
0.8599
0.8006
0.8568
0.2921
0.8008
0.8606
0.802
0.8568
0.2921
0.8277
0.8659
0.8275
0.8628
0.2921
0.83
0.866
0.8279
0.8629
0.2921
0.8479
0.8744
0.8486
0.8724
0.4586
0.8595
0.8758
0.8604
0.8759
0.6644
0.8734
0.876
0.8738
0.876
0.8315
0.8732
0.8758
0.8735
0.8757
0.8309
0.8721
0.8761
0.8725
0.876
0.7402
0.8721
0.8761
0.8725
0.876
0.7402
0.8691
0.876
0.8697
0.876
0.6557
0.8547
0.8696
0.8547
0.8647
0.6072
0.8295
0.8689
0.8299
0.8639
0.5925
0.8259
0.8499
0.8256
0.8384
0.5856
0.7581
0.8305
0.7533
0.8083
0.578
0.7538
0.8283
0.7458
0.8082
0.578
0.6871
0.8136
0.6775
0.7906
0.578
0.6801
0.8119
0.6632
0.7899
0.578
0.6004
0.7856
0.6034
0.7435
0.578
0.6004
0.7853
0.6034
0.7435
0.578
0.6004
0.7853
0.6034
0.7435
0.578
MtsuBlvdG
0.2194
0.6911
0.2193
0.6653
0.209
0.5577
0.8697
0.5635
0.8654
0.2119
0.5982
0.8703
0.6025
0.8657
0.2255
0.7974
0.8859
0.7992
0.8813
0.2255
0.7995
0.887
0.8011
0.8815
0.2255
0.8389
0.8948
0.8385
0.8902
0.2255
0.8423
0.895
0.8392
0.8903
0.2255
0.8684
0.9073
0.8695
0.9044
0.3922
0.8856
0.9117
0.8869
0.9112
0.6207
0.906
0.9106
0.9065
0.9099
0.8443
0.9059
0.9128
0.9063
0.9122
0.8436
0.9042
0.911
0.9048
0.91
0.7135
0.9042
0.911
0.9048
0.91
0.7135
0.8999
0.9108
0.9007
0.9098
0.6101
0.8788
0.9002
0.8787
0.8931
0.5471
0.8415
0.8991
0.842
0.8919
0.5279
0.8363
0.8711
0.8358
0.8544
0.5195
0.737
0.8427
0.7296
0.8105
0.512
0.7306
0.8395
0.7202
0.8103
0.512
0.6502
0.818
0.6378
0.7845
0.512
0.6412
0.8155
0.6197
0.7836
0.512
0.5383
0.7765
0.5422
0.7175
0.512
0.5383
0.7761
0.5422
0.7175
0.512
0.5383
0.7761
0.5422
0.7175
0.512
Rec
0.2577
0.7169
0.2577
0.6935
0.2472
0.597
0.8636
0.6022
0.8601
0.2501
0.6332
0.8641
0.637
0.8604
0.264
0.8057
0.8766
0.8072
0.8729
0.264
0.8074
0.8775
0.8087
0.873
0.264
0.8389
0.8837
0.8386
0.88
0.264
0.8417
0.8838
0.8391
0.8801
0.264
0.8626
0.8936
0.8634
0.8914
0.4333
0.8763
0.8962
0.8773
0.896
0.6536
0.8925
0.8958
0.893
0.8957
0.8433
0.8924
0.8965
0.8928
0.8963
0.8427
0.8911
0.896
0.8916
0.8957
0.7373
0.8911
0.896
0.8916
0.8957
0.7373
0.8876
0.896
0.8883
0.8956
0.6439
0.8707
0.888
0.8707
0.8823
0.5875
0.841
0.8872
0.8415
0.8814
0.5704
0.8368
0.8648
0.8365
0.8514
0.5626
0.7574
0.842
0.7516
0.8162
0.5549
0.7523
0.8395
0.7433
0.8161
0.5549
0.6799
0.8223
0.6688
0.7954
0.5549
0.6718
0.8202
0.6525
0.7946
0.5549
0.5796
0.7892
0.5831
0.7408
0.5549
0.5796
0.7889
0.5831
0.7408
0.5549
0.5796
0.7889
0.5831
0.7408
0.5549
Abernathy
0.3406
0.7951
0.3405
0.7772
0.3293
0.698
0.8659
0.7023
0.8645
0.3324
0.728
0.8661
0.7311
0.8646
0.3473
0.8425
0.8712
0.8431
0.8697
0.3473
0.8431
0.8716
0.8437
0.8698
0.3473
0.8558
0.874
0.8558
0.8726
0.3473
0.857
0.8741
0.856
0.8726
0.3473
0.8654
0.878
0.8658
0.8771
0.5294
0.8709
0.8759
0.8713
0.8766
0.7447
0.8774
0.8776
0.8775
0.8785
0.8577
0.8772
0.8743
0.8774
0.8751
0.8574
0.8768
0.8772
0.877
0.8784
0.8106
0.8768
0.8772
0.877
0.8784
0.8106
0.8753
0.8774
0.8756
0.8787
0.7366
0.8685
0.8758
0.8686
0.8734
0.69
0.8567
0.8755
0.8569
0.8731
0.6758
0.855
0.8666
0.8549
0.8611
0.6689
0.823
0.8574
0.8209
0.8469
0.6606
0.821
0.8564
0.8153
0.8468
0.6606
0.766
0.8494
0.757
0.8384
0.6606
0.7595
0.8486
0.7438
0.8381
0.6606
0.6835
0.8364
0.6864
0.8135
0.6606
0.6835
0.8363
0.6864
0.8135
0.6606
0.6835
0.8363
0.6864
0.8135
0.6606
MTSU
0.1451
0.6613
0.145
0.6311
0.1346
0.496
0.8957
0.5035
0.8898
0.1375
0.5476
0.8965
0.5529
0.8903
0.1513
0.7982
0.9174
0.8006
0.9113
0.1513
0.8011
0.9189
0.8032
0.9114
0.1513
0.8542
0.9295
0.8537
0.9233
0.1513
0.8588
0.9297
0.8545
0.9234
0.1513
0.8939
0.9463
0.8952
0.9424
0.3192
0.9171
0.954
0.9187
0.953
0.575
0.9447
0.9514
0.9454
0.9501
0.8613
0.9447
0.9564
0.9451
0.9552
0.8605
0.9423
0.9522
0.9431
0.9502
0.6872
0.9423
0.9522
0.9431
0.9502
0.6872
0.9366
0.9519
0.9377
0.9498
0.5622
0.9081
0.9366
0.908
0.9272
0.4826
0.8576
0.9353
0.8582
0.9256
0.4581
0.8507
0.8974
0.8499
0.8749
0.448
0.717
0.8592
0.7067
0.816
0.4404
0.7084
0.855
0.6953
0.8158
0.4404
0.6128
0.8261
0.597
0.7812
0.4404
0.6015
0.8226
0.5746
0.7799
0.4404
0.4714
0.7698
0.4763
0.6923
0.4404
0.4714
0.7692
0.4763
0.6923
0.4404
0.4714
0.7692
0.4763
0.6923
0.4404
Highland
0.2896
0.5059
0.2895
0.4819
0.2837
0.4639
0.695
0.4641
0.6902
0.2853
0.4641
0.6956
0.4652
0.6906
0.2932
0.6161
0.7123
0.6182
0.7073
0.2932
0.6185
0.7135
0.6203
0.7075
0.2932
0.6616
0.7222
0.6612
0.7171
0.2932
0.6653
0.7224
0.6618
0.7173
0.2932
0.6935
0.7359
0.6945
0.7327
0.3882
0.7123
0.7424
0.7136
0.7416
0.4682
0.7349
0.7402
0.7354
0.7391
0.667
0.7351
0.7445
0.7354
0.7435
0.6666
0.7331
0.7408
0.7337
0.7392
0.526
0.7331
0.7408
0.7337
0.7392
0.526
0.7286
0.7405
0.7294
0.7389
0.4666
0.7055
0.7279
0.7054
0.7204
0.464
0.6642
0.7269
0.6646
0.7192
0.4638
0.6586
0.6959
0.6579
0.6779
0.4628
0.5508
0.6655
0.542
0.6309
0.4584
0.5439
0.6621
0.5329
0.6308
0.4584
0.4766
0.6389
0.4732
0.603
0.4584
0.4744
0.6361
0.4692
0.6019
0.4584
0.464
0.5926
0.464
0.531
0.4584
0.464
0.5922
0.464
0.531
0.4584
0.464
0.5922
0.464
0.531
0.4584
MEC
0.2658
0.3602
0.2657
0.3333
0.2626
0.3466
0.608
0.3445
0.6015
0.2635
0.3314
0.6089
0.3313
0.6021
0.2677
0.5015
0.6315
0.5042
0.6248
0.2677
0.5046
0.6331
0.507
0.6249
0.2677
0.5629
0.6449
0.5623
0.638
0.2677
0.5678
0.6451
0.5631
0.6382
0.2677
0.606
0.6633
0.6074
0.659
0.3191
0.6314
0.674
0.6332
0.6724
0.3301
0.6618
0.6698
0.6625
0.6677
0.5702
0.662
0.6778
0.6624
0.676
0.5697
0.6593
0.671
0.6602
0.6679
0.3827
0.6593
0.671
0.6602
0.6679
0.3827
0.6533
0.6705
0.6544
0.6673
0.3308
0.622
0.6526
0.6219
0.6424
0.3507
0.5664
0.6511
0.567
0.6408
0.3578
0.5589
0.6094
0.5579
0.5851
0.3597
0.4131
0.5681
0.4014
0.5213
0.3573
0.4037
0.5636
0.3905
0.5211
0.3573
0.3303
0.5321
0.3303
0.4835
0.3573
0.3305
0.5283
0.3308
0.4821
0.3573
0.354
0.4699
0.3525
0.3883
0.3573
0.354
0.4693
0.3525
0.3883
0.3573
0.354
0.4693
0.3525
0.3883
0.3573
Jackson
0.2199
0.4013
0.2198
0.3723
0.2154
0.351
0.6658
0.3512
0.659
0.2167
0.351
0.6667
0.3522
0.6595
0.2226
0.5522
0.6909
0.5552
0.6837
0.2226
0.5556
0.6926
0.5582
0.6839
0.2226
0.6177
0.7051
0.617
0.6978
0.2226
0.6229
0.7054
0.618
0.698
0.2226
0.6637
0.7247
0.6651
0.7202
0.2941
0.6908
0.7361
0.6926
0.7344
0.3561
0.7232
0.7317
0.7239
0.7294
0.6255
0.7234
0.7401
0.7238
0.7382
0.6249
0.7205
0.7329
0.7214
0.7297
0.4255
0.7205
0.7329
0.7214
0.7297
0.4255
0.7141
0.7324
0.7152
0.729
0.3539
0.6807
0.7133
0.6806
0.7024
0.3511
0.6214
0.7118
0.6221
0.7007
0.3511
0.6134
0.6673
0.6124
0.6414
0.3504
0.458
0.6233
0.4456
0.5734
0.3471
0.4481
0.6185
0.4339
0.5732
0.3471
0.3657
0.585
0.3618
0.5331
0.3471
0.3632
0.5809
0.357
0.5316
0.3471
0.3513
0.5186
0.3512
0.4316
0.3471
0.3513
0.518
0.3512
0.4316
0.3471
0.3513
0.518
0.3512
0.4316
0.3471
Livestock
0.0703
0.4004
0.0702
0.3633
0.0644
0.2685
0.7601
0.2728
0.7507
0.066
0.2991
0.7614
0.3028
0.7515
0.0738
0.6041
0.795
0.6079
0.7851
0.0738
0.6087
0.7973
0.6121
0.7853
0.0738
0.6939
0.8143
0.6929
0.8044
0.0738
0.7011
0.8146
0.6942
0.8046
0.0738
0.7573
0.8412
0.7594
0.835
0.1682
0.7944
0.8575
0.7971
0.8549
0.3197
0.8386
0.851
0.8397
0.8476
0.7051
0.8387
0.8635
0.8393
0.8605
0.7039
0.8349
0.8529
0.8361
0.8479
0.4321
0.8349
0.8529
0.8361
0.8479
0.4321
0.8258
0.852
0.8275
0.8469
0.31
0.7801
0.8256
0.7799
0.8105
0.2607
0.6992
0.8234
0.7003
0.8081
0.2462
0.6881
0.7627
0.6869
0.7268
0.2402
0.4741
0.7016
0.4577
0.6325
0.2359
0.4604
0.6949
0.4423
0.6323
0.2359
0.3473
0.6484
0.3357
0.5767
0.2359
0.339
0.6429
0.319
0.5746
0.2359
0.254
0.5582
0.2568
0.4385
0.2359
0.254
0.5573
0.2568
0.4385
0.2359
0.254
0.5573
0.2568
0.4385
0.2359
Greenhouse
0.1611
0.5368
0.161
0.5062
0.1533
0.4155
0.7985
0.4198
0.7918
0.1554
0.4466
0.7994
0.4501
0.7924
0.1657
0.6876
0.8233
0.6903
0.8163
0.1657
0.6909
0.825
0.6933
0.8165
0.1657
0.7514
0.837
0.7507
0.83
0.1657
0.7565
0.8373
0.7516
0.8301
0.1657
0.7966
0.8562
0.7981
0.8518
0.2911
0.8229
0.8661
0.8248
0.8647
0.4663
0.8542
0.8625
0.855
0.8605
0.7596
0.8542
0.8696
0.8547
0.8678
0.7586
0.8515
0.8636
0.8524
0.8607
0.5634
0.8515
0.8636
0.8524
0.8607
0.5634
0.845
0.8631
0.8462
0.8601
0.457
0.8126
0.8451
0.8125
0.8343
0.4075
0.7552
0.8436
0.756
0.8326
0.3928
0.7473
0.8005
0.7465
0.7749
0.3864
0.595
0.7569
0.5836
0.7076
0.3807
0.5853
0.7521
0.5715
0.7074
0.3807
0.4917
0.719
0.4809
0.6678
0.3807
0.4838
0.7151
0.4651
0.6663
0.3807
0.4007
0.6551
0.4037
0.5681
0.3807
0.4007
0.6545
0.4037
0.5681
0.3807
0.4007
0.6545
0.4037
0.5681
0.3807
ChampionWayG
0.1312
0.3881
0.1311
0.3542
0.1261
0.2928
0.7131
0.2949
0.7046
0.1275
0.3092
0.7142
0.3116
0.7053
0.1342
0.5725
0.7445
0.5758
0.7356
0.1342
0.5766
0.7466
0.5796
0.7358
0.1342
0.6534
0.7619
0.6524
0.753
0.1342
0.6599
0.7622
0.6536
0.7532
0.1342
0.7106
0.7862
0.7125
0.7806
0.2155
0.744
0.8007
0.7464
0.7984
0.3236
0.7838
0.7949
0.7848
0.7919
0.6635
0.7838
0.806
0.7844
0.8033
0.6624
0.7805
0.7965
0.7816
0.7922
0.4173
0.7805
0.7965
0.7816
0.7922
0.4173
0.7723
0.7958
0.7738
0.7912
0.3169
0.7311
0.772
0.7309
0.7585
0.2888
0.6582
0.77
0.6592
0.7563
0.281
0.6482
0.7153
0.6471
0.683
0.2774
0.4552
0.6601
0.4405
0.5979
0.2737
0.4428
0.654
0.4265
0.5977
0.2737
0.3419
0.6121
0.3341
0.5474
0.2737
0.3362
0.6071
0.3226
0.5456
0.2737
0.2851
0.5307
0.2866
0.4227
0.2737
0.2851
0.5299
0.2866
0.4227
0.2737
0.2851
0.5299
0.2866
0.4227
0.2737
Greenland
0.0533
0.2159
0.0532
0.1758
0.0509
0.1273
0.6415
0.1283
0.6302
0.0516
0.1356
0.6431
0.1377
0.6312
0.0546
0.4542
0.6832
0.4588
0.6714
0.0546
0.4597
0.686
0.4638
0.6717
0.0546
0.562
0.7065
0.5609
0.6946
0.0546
0.5707
0.7069
0.5624
0.6948
0.0546
0.6381
0.7388
0.6406
0.7314
0.0915
0.6827
0.76
0.6858
0.7566
0.1476
0.7358
0.7512
0.7371
0.7466
0.5754
0.7359
0.7681
0.7367
0.7641
0.574
0.7314
0.7537
0.7328
0.7471
0.2499
0.7314
0.7537
0.7328
0.7471
0.2499
0.7205
0.7525
0.7225
0.7457
0.1419
0.6656
0.72
0.6654
0.7019
0.1252
0.5683
0.7174
0.5696
0.699
0.1213
0.5551
0.6443
0.5536
0.6014
0.1195
0.2982
0.5711
0.2784
0.4885
0.1178
0.2818
0.563
0.2612
0.4881
0.1178
0.1638
0.5073
0.157
0.4215
0.1178
0.1589
0.5007
0.1472
0.419
0.1178
0.1234
0.3987
0.1241
0.2571
0.1178
0.1234
0.3976
0.1241
0.2571
0.1178
0.1234
0.3976
0.1241
0.2571
0.1178
MiddleTN
0.0202
0.0962
0.0202
0.053
0.02
0.0238
0.5785
0.0235
0.5656
0.0201
0.0221
0.5803
0.0236
0.5667
0.0203
0.3647
0.626
0.3701
0.6125
0.0203
0.371
0.6293
0.3757
0.6128
0.0203
0.4877
0.6526
0.4865
0.639
0.0203
0.4977
0.6531
0.4883
0.6393
0.0203
0.5746
0.6895
0.5774
0.681
0.0231
0.6255
0.7146
0.6291
0.7105
0.0305
0.6862
0.704
0.6876
0.6985
0.503
0.6864
0.7244
0.6872
0.7196
0.5015
0.6811
0.7071
0.6828
0.6991
0.1327
0.6811
0.7071
0.6828
0.6991
0.1327
0.6688
0.7057
0.6711
0.6974
0.0265
0.6061
0.6681
0.6059
0.6475
0.0242
0.495
0.6651
0.4964
0.6442
0.025
0.4798
0.5818
0.4781
0.5327
0.0252
0.1868
0.4983
0.164
0.404
0.0251
0.168
0.4891
0.1451
0.4036
0.0251
0.0424
0.4257
0.0375
0.3277
0.0251
0.0389
0.4181
0.0305
0.3248
0.0251
0.0246
0.3016
0.0244
0.141
0.0251
0.0246
0.3004
0.0244
0.141
0.0251
0.0246
0.3004
0.0244
0.141
0.0251
