Rose
0.0283
0.0479
0.0283
0.0443
0.0302
0.0110
0.2496
0.0135
0.2294
0.0297
0.0255
0.2524
0.0270
0.2311
0.0271
0.0755
0.3261
0.0764
0.3041
0.0271
0.0764
0.3314
0.0772
0.3046
0.0271
0.1116
0.3702
0.1099
0.3475
0.0271
0.1262
0.3710
0.1125
0.3480
0.0271
0.2436
0.4331
0.2482
0.4184
0.0016
0.3252
0.4824
0.3312
0.4747
0.0311
0.4273
0.4612
0.4299
0.4492
0.1343
0.4275
0.5008
0.4291
0.4917
0.1320
0.4185
0.4678
0.4214
0.4504
0.0504
0.4185
0.4678
0.4214
0.4504
0.0504
0.3974
0.4649
0.4013
0.4468
0.0286
0.2935
0.3964
0.2933
0.3616
0.0071
0.1223
0.3913
0.1245
0.3561
0.0000
0.1001
0.2549
0.0977
0.1788
0.0000
0.0555
0.1270
0.0532
0.0820
0.0000
0.0539
0.1134
0.0516
0.0820
0.0000
0.0409
0.0859
0.0370
0.0712
0.0000
0.0383
0.0846
0.0320
0.0708
0.0000
0.0039
0.0676
0.0054
0.0519
0.0000
0.0039
0.0674
0.0054
0.0519
0.0000
0.0039
0.0674
0.0054
0.0519
0.0000
FairView
0.0283
0.0479
0.0283
0.0443
0.0302
0.0110
0.2496
0.0135
0.2294
0.0297
0.0255
0.2524
0.0270
0.2311
0.0271
0.0755
0.3261
0.0764
0.3041
0.0271
0.0764
0.3314
0.0772
0.3046
0.0271
0.1116
0.3702
0.1099
0.3475
0.0271
0.1262
0.3710
0.1125
0.3480
0.0271
0.2436
0.4331
0.2482
0.4184
0.0016
0.3252
0.4824
0.3312
0.4747
0.0311
0.4273
0.4612
0.4299
0.4492
0.1343
0.4275
0.5008
0.4291
0.4917
0.1320
0.4185
0.4678
0.4214
0.4504
0.0504
0.4185
0.4678
0.4214
0.4504
0.0504
0.3974
0.4649
0.4013
0.4468
0.0286
0.2935
0.3964
0.2933
0.3616
0.0071
0.1223
0.3913
0.1245
0.3561
0.0000
0.1001
0.2549
0.0977
0.1788
0.0000
0.0555
0.1270
0.0532
0.0820
0.0000
0.0539
0.1134
0.0516
0.0820
0.0000
0.0409
0.0859
0.0370
0.0712
0.0000
0.0383
0.0846
0.0320
0.0708
0.0000
0.0039
0.0676
0.0054
0.0519
0.0000
0.0039
0.0674
0.0054
0.0519
0.0000
0.0039
0.0674
0.0054
0.0519
0.0000
Bell
0.0283
0.0479
0.0283
0.0443
0.0302
0.0110
0.2496
0.0135
0.2294
0.0297
0.0255
0.2524
0.0270
0.2311
0.0271
0.0755
0.3261
0.0764
0.3041
0.0271
0.0764
0.3314
0.0772
0.3046
0.0271
0.1116
0.3702
0.1099
0.3475
0.0271
0.1262
0.3710
0.1125
0.3480
0.0271
0.2436
0.4331
0.2482
0.4184
0.0016
0.3252
0.4824
0.3312
0.4747
0.0311
0.4273
0.4612
0.4299
0.4492
0.1343
0.4275
0.5008
0.4291
0.4917
0.1320
0.4185
0.4678
0.4214
0.4504
0.0504
0.4185
0.4678
0.4214
0.4504
0.0504
0.3974
0.4649
0.4013
0.4468
0.0286
0.2935
0.3964
0.2933
0.3616
0.0071
0.1223
0.3913
0.1245
0.3561
0.0000
0.1001
0.2549
0.0977
0.1788
0.0000
0.0555
0.1270
0.0532
0.0820
0.0000
0.0539
0.1134
0.0516
0.0820
0.0000
0.0409
0.0859
0.0370
0.0712
0.0000
0.0383
0.0846
0.0320
0.0708
0.0000
0.0039
0.0676
0.0054
0.0519
0.0000
0.0039
0.0674
0.0054
0.0519
0.0000
0.0039
0.0674
0.0054
0.0519
0.0000
IngramN
0.0283
0.0479
0.0283
0.0443
0.0302
0.0110
0.2496
0.0135
0.2294
0.0297
0.0255
0.2524
0.0270
0.2311
0.0271
0.0755
0.3261
0.0764
0.3041
0.0271
0.0764
0.3314
0.0772
0.3046
0.0271
0.1116
0.3702
0.1099
0.3475
0.0271
0.1262
0.3710
0.1125
0.3480
0.0271
0.2436
0.4331
0.2482
0.4184
0.0016
0.3252
0.4824
0.3312
0.4747
0.0311
0.4273
0.4612
0.4299
0.4492
0.1343
0.4275
0.5008
0.4291
0.4917
0.1320
0.4185
0.4678
0.4214
0.4504
0.0504
0.4185
0.4678
0.4214
0.4504
0.0504
0.3974
0.4649
0.4013
0.4468
0.0286
0.2935
0.3964
0.2933
0.3616
0.0071
0.1223
0.3913
0.1245
0.3561
0.0000
0.1001
0.2549
0.0977
0.1788
0.0000
0.0555
0.1270
0.0532
0.0820
0.0000
0.0539
0.1134
0.0516
0.0820
0.0000
0.0409
0.0859
0.0370
0.0712
0.0000
0.0383
0.0846
0.0320
0.0708
0.0000
0.0039
0.0676
0.0054
0.0519
0.0000
0.0039
0.0674
0.0054
0.0519
0.0000
0.0039
0.0674
0.0054
0.0519
0.0000
IngramS
0.0283
0.0479
0.0283
0.0443
0.0302
0.0110
0.2496
0.0135
0.2294
0.0297
0.0255
0.2524
0.0270
0.2311
0.0271
0.0755
0.3261
0.0764
0.3041
0.0271
0.0764
0.3314
0.0772
0.3046
0.0271
0.1116
0.3702
0.1099
0.3475
0.0271
0.1262
0.3710
0.1125
0.3480
0.0271
0.2436
0.4331
0.2482
0.4184
0.0016
0.3252
0.4824
0.3312
0.4747
0.0311
0.4273
0.4612
0.4299
0.4492
0.1343
0.4275
0.5008
0.4291
0.4917
0.1320
0.4185
0.4678
0.4214
0.4504
0.0504
0.4185
0.4678
0.4214
0.4504
0.0504
0.3974
0.4649
0.4013
0.4468
0.0286
0.2935
0.3964
0.2933
0.3616
0.0071
0.1223
0.3913
0.1245
0.3561
0.0000
0.1001
0.2549
0.0977
0.1788
0.0000
0.0555
0.1270
0.0532
0.0820
0.0000
0.0539
0.1134
0.0516
0.0820
0.0000
0.0409
0.0859
0.0370
0.0712
0.0000
0.0383
0.0846
0.0320
0.0708
0.0000
0.0039
0.0676
0.0054
0.0519
0.0000
0.0039
0.0674
0.0054
0.0519
0.0000
0.0039
0.0674
0.0054
0.0519
0.0000
ParkingServ
0.0283
0.0479
0.0283
0.0443
0.0302
0.0110
0.2496
0.0135
0.2294
0.0297
0.0255
0.2524
0.0270
0.2311
0.0271
0.0755
0.3261
0.0764
0.3041
0.0271
0.0764
0.3314
0.0772
0.3046
0.0271
0.1116
0.3702
0.1099
0.3475
0.0271
0.1262
0.3710
0.1125
0.3480
0.0271
0.2436
0.4331
0.2482
0.4184
0.0016
0.3252
0.4824
0.3312
0.4747
0.0311
0.4273
0.4612
0.4299
0.4492
0.1343
0.4275
0.5008
0.4291
0.4917
0.1320
0.4185
0.4678
0.4214
0.4504
0.0504
0.4185
0.4678
0.4214
0.4504
0.0504
0.3974
0.4649
0.4013
0.4468
0.0286
0.2935
0.3964
0.2933
0.3616
0.0071
0.1223
0.3913
0.1245
0.3561
0.0000
0.1001
0.2549
0.0977
0.1788
0.0000
0.0555
0.1270
0.0532
0.0820
0.0000
0.0539
0.1134
0.0516
0.0820
0.0000
0.0409
0.0859
0.0370
0.0712
0.0000
0.0383
0.0846
0.0320
0.0708
0.0000
0.0039
0.0676
0.0054
0.0519
0.0000
0.0039
0.0674
0.0054
0.0519
0.0000
0.0039
0.0674
0.0054
0.0519
0.0000
MainSt
0.0283
0.0479
0.0283
0.0443
0.0302
0.0110
0.2496
0.0135
0.2294
0.0297
0.0255
0.2524
0.0270
0.2311
0.0271
0.0755
0.3261
0.0764
0.3041
0.0271
0.0764
0.3314
0.0772
0.3046
0.0271
0.1116
0.3702
0.1099
0.3475
0.0271
0.1262
0.3710
0.1125
0.3480
0.0271
0.2436
0.4331
0.2482
0.4184
0.0016
0.3252
0.4824
0.3312
0.4747
0.0311
0.4273
0.4612
0.4299
0.4492
0.1343
0.4275
0.5008
0.4291
0.4917
0.1320
0.4185
0.4678
0.4214
0.4504
0.0504
0.4185
0.4678
0.4214
0.4504
0.0504
0.3974
0.4649
0.4013
0.4468
0.0286
0.2935
0.3964
0.2933
0.3616
0.0071
0.1223
0.3913
0.1245
0.3561
0.0000
0.1001
0.2549
0.0977
0.1788
0.0000
0.0555
0.1270
0.0532
0.0820
0.0000
0.0539
0.1134
0.0516
0.0820
0.0000
0.0409
0.0859
0.0370
0.0712
0.0000
0.0383
0.0846
0.0320
0.0708
0.0000
0.0039
0.0676
0.0054
0.0519
0.0000
0.0039
0.0674
0.0054
0.0519
0.0000
0.0039
0.0674
0.0054
0.0519
0.0000
PublicSafety
0.0283
0.0479
0.0283
0.0443
0.0302
0.0110
0.2496
0.0135
0.2294
0.0297
0.0255
0.2524
0.0270
0.2311
0.0271
0.0755
0.3261
0.0764
0.3041
0.0271
0.0764
0.3314
0.0772
0.3046
0.0271
0.1116
0.3702
0.1099
0.3475
0.0271
0.1262
0.3710
0.1125
0.3480
0.0271
0.2436
0.4331
0.2482
0.4184
0.0016
0.3252
0.4824
0.3312
0.4747
0.0311
0.4273
0.4612
0.4299
0.4492
0.1343
0.4275
0.5008
0.4291
0.4917
0.1320
0.4185
0.4678
0.4214
0.4504
0.0504
0.4185
0.4678
0.4214
0.4504
0.0504
0.3974
0.4649
0.4013
0.4468
0.0286
0.2935
0.3964
0.2933
0.3616
0.0071
0.1223
0.3913
0.1245
0.3561
0.0000
0.1001
0.2549
0.0977
0.1788
0.0000
0.0555
0.1270
0.0532
0.0820
0.0000
0.0539
0.1134
0.0516
0.0820
0.0000
0.0409
0.0859
0.0370
0.0712
0.0000
0.0383
0.0846
0.0320
0.0708
0.0000
0.0039
0.0676
0.0054
0.0519
0.0000
0.0039
0.0674
0.0054
0.0519
0.0000
0.0039
0.0674
0.0054
0.0519
0.0000
CollegeHeights
0.0283
0.0479
0.0283
0.0443
0.0302
0.0110
0.2496
0.0135
0.2294
0.0297
0.0255
0.2524
0.0270
0.2311
0.0271
0.0755
0.3261
0.0764
0.3041
0.0271
0.0764
0.3314
0.0772
0.3046
0.0271
0.1116
0.3702
0.1099
0.3475
0.0271
0.1262
0.3710
0.1125
0.3480
0.0271
0.2436
0.4331
0.2482
0.4184
0.0016
0.3252
0.4824
0.3312
0.4747
0.0311
0.4273
0.4612
0.4299
0.4492
0.1343
0.4275
0.5008
0.4291
0.4917
0.1320
0.4185
0.4678
0.4214
0.4504
0.0504
0.4185
0.4678
0.4214
0.4504
0.0504
0.3974
0.4649
0.4013
0.4468
0.0286
0.2935
0.3964
0.2933
0.3616
0.0071
0.1223
0.3913
0.1245
0.3561
0.0000
0.1001
0.2549
0.0977
0.1788
0.0000
0.0555
0.1270
0.0532
0.0820
0.0000
0.0539
0.1134
0.0516
0.0820
0.0000
0.0409
0.0859
0.0370
0.0712
0.0000
0.0383
0.0846
0.0320
0.0708
0.0000
0.0039
0.0676
0.0054
0.0519
0.0000
0.0039
0.0674
0.0054
0.0519
0.0000
0.0039
0.0674
0.0054
0.0519
0.0000
SportsPlex
0.0283
0.0479
0.0283
0.0443
0.0302
0.0110
0.2496
0.0135
0.2294
0.0297
0.0255
0.2524
0.0270
0.2311
0.0271
0.0755
0.3261
0.0764
0.3041
0.0271
0.0764
0.3314
0.0772
0.3046
0.0271
0.1116
0.3702
0.1099
0.3475
0.0271
0.1262
0.3710
0.1125
0.3480
0.0271
0.2436
0.4331
0.2482
0.4184
0.0016
0.3252
0.4824
0.3312
0.4747
0.0311
0.4273
0.4612
0.4299
0.4492
0.1343
0.4275
0.5008
0.4291
0.4917
0.1320
0.4185
0.4678
0.4214
0.4504
0.0504
0.4185
0.4678
0.4214
0.4504
0.0504
0.3974
0.4649
0.4013
0.4468
0.0286
0.2935
0.3964
0.2933
0.3616
0.0071
0.1223
0.3913
0.1245
0.3561
0.0000
0.1001
0.2549
0.0977
0.1788
0.0000
0.0555
0.1270
0.0532
0.0820
0.0000
0.0539
0.1134
0.0516
0.0820
0.0000
0.0409
0.0859
0.0370
0.0712
0.0000
0.0383
0.0846
0.0320
0.0708
0.0000
0.0039
0.0676
0.0054
0.0519
0.0000
0.0039
0.0674
0.0054
0.0519
0.0000
0.0039
0.0674
0.0054
0.0519
0.0000
CityView
0.0283
0.0479
0.0283
0.0443
0.0302
0.0110
0.2496
0.0135
0.2294
0.0297
0.0255
0.2524
0.0270
0.2311
0.0271
0.0755
0.3261
0.0764
0.3041
0.0271
0.0764
0.3314
0.0772
0.3046
0.0271
0.1116
0.3702
0.1099
0.3475
0.0271
0.1262
0.3710
0.1125
0.3480
0.0271
0.2436
0.4331
0.2482
0.4184
0.0016
0.3252
0.4824
0.3312
0.4747
0.0311
0.4273
0.4612
0.4299
0.4492
0.1343
0.4275
0.5008
0.4291
0.4917
0.1320
0.4185
0.4678
0.4214
0.4504
0.0504
0.4185
0.4678
0.4214
0.4504
0.0504
0.3974
0.4649
0.4013
0.4468
0.0286
0.2935
0.3964
0.2933
0.3616
0.0071
0.1223
0.3913
0.1245
0.3561
0.0000
0.1001
0.2549
0.0977
0.1788
0.0000
0.0555
0.1270
0.0532
0.0820
0.0000
0.0539
0.1134
0.0516
0.0820
0.0000
0.0409
0.0859
0.0370
0.0712
0.0000
0.0383
0.0846
0.0320
0.0708
0.0000
0.0039
0.0676
0.0054
0.0519
0.0000
0.0039
0.0674
0.0054
0.0519
0.0000
0.0039
0.0674
0.0054
0.0519
0.0000
GreekRow
0.0283
0.0479
0.0283
0.0443
0.0302
0.0110
0.2496
0.0135
0.2294
0.0297
0.0255
0.2524
0.0270
0.2311
0.0271
0.0755
0.3261
0.0764
0.3041
0.0271
0.0764
0.3314
0.0772
0.3046
0.0271
0.1116
0.3702
0.1099
0.3475
0.0271
0.1262
0.3710
0.1125
0.3480
0.0271
0.2436
0.4331
0.2482
0.4184
0.0016
0.3252
0.4824
0.3312
0.4747
0.0311
0.4273
0.4612
0.4299
0.4492
0.1343
0.4275
0.5008
0.4291
0.4917
0.1320
0.4185
0.4678
0.4214
0.4504
0.0504
0.4185
0.4678
0.4214
0.4504
0.0504
0.3974
0.4649
0.4013
0.4468
0.0286
0.2935
0.3964
0.2933
0.3616
0.0071
0.1223
0.3913
0.1245
0.3561
0.0000
0.1001
0.2549
0.0977
0.1788
0.0000
0.0555
0.1270
0.0532
0.0820
0.0000
0.0539
0.1134
0.0516
0.0820
0.0000
0.0409
0.0859
0.0370
0.0712
0.0000
0.0383
0.0846
0.0320
0.0708
0.0000
0.0039
0.0676
0.0054
0.0519
0.0000
0.0039
0.0674
0.0054
0.0519
0.0000
0.0039
0.0674
0.0054
0.0519
0.0000
Rutherford
0.0283
0.0479
0.0283
0.0443
0.0302
0.0110
0.2496
0.0135
0.2294
0.0297
0.0255
0.2524
0.0270
0.2311
0.0271
0.0755
0.3261
0.0764
0.3041
0.0271
0.0764
0.3314
0.0772
0.3046
0.0271
0.1116
0.3702
0.1099
0.3475
0.0271
0.1262
0.3710
0.1125
0.3480
0.0271
0.2436
0.4331
0.2482
0.4184
0.0016
0.3252
0.4824
0.3312
0.4747
0.0311
0.4273
0.4612
0.4299
0.4492
0.1343
0.4275
0.5008
0.4291
0.4917
0.1320
0.4185
0.4678
0.4214
0.4504
0.0504
0.4185
0.4678
0.4214
0.4504
0.0504
0.3974
0.4649
0.4013
0.4468
0.0286
0.2935
0.3964
0.2933
0.3616
0.0071
0.1223
0.3913
0.1245
0.3561
0.0000
0.1001
0.2549
0.0977
0.1788
0.0000
0.0555
0.1270
0.0532
0.0820
0.0000
0.0539
0.1134
0.0516
0.0820
0.0000
0.0409
0.0859
0.0370
0.0712
0.0000
0.0383
0.0846
0.0320
0.0708
0.0000
0.0039
0.0676
0.0054
0.0519
0.0000
0.0039
0.0674
0.0054
0.0519
0.0000
0.0039
0.0674
0.0054
0.0519
0.0000
Softball
0.0283
0.0479
0.0283
0.0443
0.0302
0.0110
0.2496
0.0135
0.2294
0.0297
0.0255
0.2524
0.0270
0.2311
0.0271
0.0755
0.3261
0.0764
0.3041
0.0271
0.0764
0.3314
0.0772
0.3046
0.0271
0.1116
0.3702
0.1099
0.3475
0.0271
0.1262
0.3710
0.1125
0.3480
0.0271
0.2436
0.4331
0.2482
0.4184
0.0016
0.3252
0.4824
0.3312
0.4747
0.0311
0.4273
0.4612
0.4299
0.4492
0.1343
0.4275
0.5008
0.4291
0.4917
0.1320
0.4185
0.4678
0.4214
0.4504
0.0504
0.4185
0.4678
0.4214
0.4504
0.0504
0.3974
0.4649
0.4013
0.4468
0.0286
0.2935
0.3964
0.2933
0.3616
0.0071
0.1223
0.3913
0.1245
0.3561
0.0000
0.1001
0.2549
0.0977
0.1788
0.0000
0.0555
0.1270
0.0532
0.0820
0.0000
0.0539
0.1134
0.0516
0.0820
0.0000
0.0409
0.0859
0.0370
0.0712
0.0000
0.0383
0.0846
0.0320
0.0708
0.0000
0.0039
0.0676
0.0054
0.0519
0.0000
0.0039
0.0674
0.0054
0.0519
0.0000
0.0039
0.0674
0.0054
0.0519
0.0000
Ezell
0.0283
0.0479
0.0283
0.0443
0.0302
0.0110
0.2496
0.0135
0.2294
0.0297
0.0255
0.2524
0.0270
0.2311
0.0271
0.0755
0.3261
0.0764
0.3041
0.0271
0.0764
0.3314
0.0772
0.3046
0.0271
0.1116
0.3702
0.1099
0.3475
0.0271
0.1262
0.3710
0.1125
0.3480
0.0271
0.2436
0.4331
0.2482
0.4184
0.0016
0.3252
0.4824
0.3312
0.4747
0.0311
0.4273
0.4612
0.4299
0.4492
0.1343
0.4275
0.5008
0.4291
0.4917
0.1320
0.4185
0.4678
0.4214
0.4504
0.0504
0.4185
0.4678
0.4214
0.4504
0.0504
0.3974
0.4649
0.4013
0.4468
0.0286
0.2935
0.3964
0.2933
0.3616
0.0071
0.1223
0.3913
0.1245
0.3561
0.0000
0.1001
0.2549
0.0977
0.1788
0.0000
0.0555
0.1270
0.0532
0.0820
0.0000
0.0539
0.1134
0.0516
0.0820
0.0000
0.0409
0.0859
0.0370
0.0712
0.0000
0.0383
0.0846
0.0320
0.0708
0.0000
0.0039
0.0676
0.0054
0.0519
0.0000
0.0039
0.0674
0.0054
0.0519
0.0000
0.0039
0.0674
0.0054
0.0519
0.0000
MtsuBlvdG
0.0283
0.0479
0.0283
0.0443
0.0302
0.0110
0.2496
0.0135
0.2294
0.0297
0.0255
0.2524
0.0270
0.2311
0.0271
0.0755
0.3261
0.0764
0.3041
0.0271
0.0764
0.3314
0.0772
0.3046
0.0271
0.1116
0.3702
0.1099
0.3475
0.0271
0.1262
0.3710
0.1125
0.3480
0.0271
0.2436
0.4331
0.2482
0.4184
0.0016
0.3252
0.4824
0.3312
0.4747
0.0311
0.4273
0.4612
0.4299
0.4492
0.1343
0.4275
0.5008
0.4291
0.4917
0.1320
0.4185
0.4678
0.4214
0.4504
0.0504
0.4185
0.4678
0.4214
0.4504
0.0504
0.3974
0.4649
0.4013
0.4468
0.0286
0.2935
0.3964
0.2933
0.3616
0.0071
0.1223
0.3913
0.1245
0.3561
0.0000
0.1001
0.2549
0.0977
0.1788
0.0000
0.0555
0.1270
0.0532
0.0820
0.0000
0.0539
0.1134
0.0516
0.0820
0.0000
0.0409
0.0859
0.0370
0.0712
0.0000
0.0383
0.0846
0.0320
0.0708
0.0000
0.0039
0.0676
0.0054
0.0519
0.0000
0.0039
0.0674
0.0054
0.0519
0.0000
0.0039
0.0674
0.0054
0.0519
0.0000
Rec
0.0283
0.0479
0.0283
0.0443
0.0302
0.0110
0.2496
0.0135
0.2294
0.0297
0.0255
0.2524
0.0270
0.2311
0.0271
0.0755
0.3261
0.0764
0.3041
0.0271
0.0764
0.3314
0.0772
0.3046
0.0271
0.1116
0.3702
0.1099
0.3475
0.0271
0.1262
0.3710
0.1125
0.3480
0.0271
0.2436
0.4331
0.2482
0.4184
0.0016
0.3252
0.4824
0.3312
0.4747
0.0311
0.4273
0.4612
0.4299
0.4492
0.1343
0.4275
0.5008
0.4291
0.4917
0.1320
0.4185
0.4678
0.4214
0.4504
0.0504
0.4185
0.4678
0.4214
0.4504
0.0504
0.3974
0.4649
0.4013
0.4468
0.0286
0.2935
0.3964
0.2933
0.3616
0.0071
0.1223
0.3913
0.1245
0.3561
0.0000
0.1001
0.2549
0.0977
0.1788
0.0000
0.0555
0.1270
0.0532
0.0820
0.0000
0.0539
0.1134
0.0516
0.0820
0.0000
0.0409
0.0859
0.0370
0.0712
0.0000
0.0383
0.0846
0.0320
0.0708
0.0000
0.0039
0.0676
0.0054
0.0519
0.0000
0.0039
0.0674
0.0054
0.0519
0.0000
0.0039
0.0674
0.0054
0.0519
0.0000
Abernathy
0.0283
0.0479
0.0283
0.0443
0.0302
0.0110
0.2496
0.0135
0.2294
0.0297
0.0255
0.2524
0.0270
0.2311
0.0271
0.0755
0.3261
0.0764
0.3041
0.0271
0.0764
0.3314
0.0772
0.3046
0.0271
0.1116
0.3702
0.1099
0.3475
0.0271
0.1262
0.3710
0.1125
0.3480
0.0271
0.2436
0.4331
0.2482
0.4184
0.0016
0.3252
0.4824
0.3312
0.4747
0.0311
0.4273
0.4612
0.4299
0.4492
0.1343
0.4275
0.5008
0.4291
0.4917
0.1320
0.4185
0.4678
0.4214
0.4504
0.0504
0.4185
0.4678
0.4214
0.4504
0.0504
0.3974
0.4649
0.4013
0.4468
0.0286
0.2935
0.3964
0.2933
0.3616
0.0071
0.1223
0.3913
0.1245
0.3561
0.0000
0.1001
0.2549
0.0977
0.1788
0.0000
0.0555
0.1270
0.0532
0.0820
0.0000
0.0539
0.1134
0.0516
0.0820
0.0000
0.0409
0.0859
0.0370
0.0712
0.0000
0.0383
0.0846
0.0320
0.0708
0.0000
0.0039
0.0676
0.0054
0.0519
0.0000
0.0039
0.0674
0.0054
0.0519
0.0000
0.0039
0.0674
0.0054
0.0519
0.0000
MTSU
0.0283
0.0479
0.0283
0.0443
0.0302
0.0110
0.2496
0.0135
0.2294
0.0297
0.0255
0.2524
0.0270
0.2311
0.0271
0.0755
0.3261
0.0764
0.3041
0.0271
0.0764
0.3314
0.0772
0.3046
0.0271
0.1116
0.3702
0.1099
0.3475
0.0271
0.1262
0.3710
0.1125
0.3480
0.0271
0.2436
0.4331
0.2482
0.4184
0.0016
0.3252
0.4824
0.3312
0.4747
0.0311
0.4273
0.4612
0.4299
0.4492
0.1343
0.4275
0.5008
0.4291
0.4917
0.1320
0.4185
0.4678
0.4214
0.4504
0.0504
0.4185
0.4678
0.4214
0.4504
0.0504
0.3974
0.4649
0.4013
0.4468
0.0286
0.2935
0.3964
0.2933
0.3616
0.0071
0.1223
0.3913
0.1245
0.3561
0.0000
0.1001
0.2549
0.0977
0.1788
0.0000
0.0555
0.1270
0.0532
0.0820
0.0000
0.0539
0.1134
0.0516
0.0820
0.0000
0.0409
0.0859
0.0370
0.0712
0.0000
0.0383
0.0846
0.0320
0.0708
0.0000
0.0039
0.0676
0.0054
0.0519
0.0000
0.0039
0.0674
0.0054
0.0519
0.0000
0.0039
0.0674
0.0054
0.0519
0.0000
Highland
0.0283
0.0479
0.0283
0.0443
0.0302
0.0110
0.2496
0.0135
0.2294
0.0297
0.0255
0.2524
0.0270
0.2311
0.0271
0.0755
0.3261
0.0764
0.3041
0.0271
0.0764
0.3314
0.0772
0.3046
0.0271
0.1116
0.3702
0.1099
0.3475
0.0271
0.1262
0.3710
0.1125
0.3480
0.0271
0.2436
0.4331
0.2482
0.4184
0.0016
0.3252
0.4824
0.3312
0.4747
0.0311
0.4273
0.4612
0.4299
0.4492
0.1343
0.4275
0.5008
0.4291
0.4917
0.1320
0.4185
0.4678
0.4214
0.4504
0.0504
0.4185
0.4678
0.4214
0.4504
0.0504
0.3974
0.4649
0.4013
0.4468
0.0286
0.2935
0.3964
0.2933
0.3616
0.0071
0.1223
0.3913
0.1245
0.3561
0.0000
0.1001
0.2549
0.0977
0.1788
0.0000
0.0555
0.1270
0.0532
0.0820
0.0000
0.0539
0.1134
0.0516
0.0820
0.0000
0.0409
0.0859
0.0370
0.0712
0.0000
0.0383
0.0846
0.0320
0.0708
0.0000
0.0039
0.0676
0.0054
0.0519
0.0000
0.0039
0.0674
0.0054
0.0519
0.0000
0.0039
0.0674
0.0054
0.0519
0.0000
MEC
0.0283
0.0479
0.0283
0.0443
0.0302
0.0110
0.2496
0.0135
0.2294
0.0297
0.0255
0.2524
0.0270
0.2311
0.0271
0.0755
0.3261
0.0764
0.3041
0.0271
0.0764
0.3314
0.0772
0.3046
0.0271
0.1116
0.3702
0.1099
0.3475
0.0271
0.1262
0.3710
0.1125
0.3480
0.0271
0.2436
0.4331
0.2482
0.4184
0.0016
0.3252
0.4824
0.3312
0.4747
0.0311
0.4273
0.4612
0.4299
0.4492
0.1343
0.4275
0.5008
0.4291
0.4917
0.1320
0.4185
0.4678
0.4214
0.4504
0.0504
0.4185
0.4678
0.4214
0.4504
0.0504
0.3974
0.4649
0.4013
0.4468
0.0286
0.2935
0.3964
0.2933
0.3616
0.0071
0.1223
0.3913
0.1245
0.3561
0.0000
0.1001
0.2549
0.0977
0.1788
0.0000
0.0555
0.1270
0.0532
0.0820
0.0000
0.0539
0.1134
0.0516
0.0820
0.0000
0.0409
0.0859
0.0370
0.0712
0.0000
0.0383
0.0846
0.0320
0.0708
0.0000
0.0039
0.0676
0.0054
0.0519
0.0000
0.0039
0.0674
0.0054
0.0519
0.0000
0.0039
0.0674
0.0054
0.0519
0.0000
Jackson
0.0283
0.0479
0.0283
0.0443
0.0302
0.0110
0.2496
0.0135
0.2294
0.0297
0.0255
0.2524
0.0270
0.2311
0.0271
0.0755
0.3261
0.0764
0.3041
0.0271
0.0764
0.3314
0.0772
0.3046
0.0271
0.1116
0.3702
0.1099
0.3475
0.0271
0.1262
0.3710
0.1125
0.3480
0.0271
0.2436
0.4331
0.2482
0.4184
0.0016
0.3252
0.4824
0.3312
0.4747
0.0311
0.4273
0.4612
0.4299
0.4492
0.1343
0.4275
0.5008
0.4291
0.4917
0.1320
0.4185
0.4678
0.4214
0.4504
0.0504
0.4185
0.4678
0.4214
0.4504
0.0504
0.3974
0.4649
0.4013
0.4468
0.0286
0.2935
0.3964
0.2933
0.3616
0.0071
0.1223
0.3913
0.1245
0.3561
0.0000
0.1001
0.2549
0.0977
0.1788
0.0000
0.0555
0.1270
0.0532
0.0820
0.0000
0.0539
0.1134
0.0516
0.0820
0.0000
0.0409
0.0859
0.0370
0.0712
0.0000
0.0383
0.0846
0.0320
0.0708
0.0000
0.0039
0.0676
0.0054
0.0519
0.0000
0.0039
0.0674
0.0054
0.0519
0.0000
0.0039
0.0674
0.0054
0.0519
0.0000
Livestock
0.0283
0.0479
0.0283
0.0443
0.0302
0.0110
0.2496
0.0135
0.2294
0.0297
0.0255
0.2524
0.0270
0.2311
0.0271
0.0755
0.3261
0.0764
0.3041
0.0271
0.0764
0.3314
0.0772
0.3046
0.0271
0.1116
0.3702
0.1099
0.3475
0.0271
0.1262
0.3710
0.1125
0.3480
0.0271
0.2436
0.4331
0.2482
0.4184
0.0016
0.3252
0.4824
0.3312
0.4747
0.0311
0.4273
0.4612
0.4299
0.4492
0.1343
0.4275
0.5008
0.4291
0.4917
0.1320
0.4185
0.4678
0.4214
0.4504
0.0504
0.4185
0.4678
0.4214
0.4504
0.0504
0.3974
0.4649
0.4013
0.4468
0.0286
0.2935
0.3964
0.2933
0.3616
0.0071
0.1223
0.3913
0.1245
0.3561
0.0000
0.1001
0.2549
0.0977
0.1788
0.0000
0.0555
0.1270
0.0532
0.0820
0.0000
0.0539
0.1134
0.0516
0.0820
0.0000
0.0409
0.0859
0.0370
0.0712
0.0000
0.0383
0.0846
0.0320
0.0708
0.0000
0.0039
0.0676
0.0054
0.0519
0.0000
0.0039
0.0674
0.0054
0.0519
0.0000
0.0039
0.0674
0.0054
0.0519
0.0000
Greenhouse
0.0283
0.0479
0.0283
0.0443
0.0302
0.0110
0.2496
0.0135
0.2294
0.0297
0.0255
0.2524
0.0270
0.2311
0.0271
0.0755
0.3261
0.0764
0.3041
0.0271
0.0764
0.3314
0.0772
0.3046
0.0271
0.1116
0.3702
0.1099
0.3475
0.0271
0.1262
0.3710
0.1125
0.3480
0.0271
0.2436
0.4331
0.2482
0.4184
0.0016
0.3252
0.4824
0.3312
0.4747
0.0311
0.4273
0.4612
0.4299
0.4492
0.1343
0.4275
0.5008
0.4291
0.4917
0.1320
0.4185
0.4678
0.4214
0.4504
0.0504
0.4185
0.4678
0.4214
0.4504
0.0504
0.3974
0.4649
0.4013
0.4468
0.0286
0.2935
0.3964
0.2933
0.3616
0.0071
0.1223
0.3913
0.1245
0.3561
0.0000
0.1001
0.2549
0.0977
0.1788
0.0000
0.0555
0.1270
0.0532
0.0820
0.0000
0.0539
0.1134
0.0516
0.0820
0.0000
0.0409
0.0859
0.0370
0.0712
0.0000
0.0383
0.0846
0.0320
0.0708
0.0000
0.0039
0.0676
0.0054
0.0519
0.0000
0.0039
0.0674
0.0054
0.0519
0.0000
0.0039
0.0674
0.0054
0.0519
0.0000
ChampionWayG
0.0283
0.0479
0.0283
0.0443
0.0302
0.0110
0.2496
0.0135
0.2294
0.0297
0.0255
0.2524
0.0270
0.2311
0.0271
0.0755
0.3261
0.0764
0.3041
0.0271
0.0764
0.3314
0.0772
0.3046
0.0271
0.1116
0.3702
0.1099
0.3475
0.0271
0.1262
0.3710
0.1125
0.3480
0.0271
0.2436
0.4331
0.2482
0.4184
0.0016
0.3252
0.4824
0.3312
0.4747
0.0311
0.4273
0.4612
0.4299
0.4492
0.1343
0.4275
0.5008
0.4291
0.4917
0.1320
0.4185
0.4678
0.4214
0.4504
0.0504
0.4185
0.4678
0.4214
0.4504
0.0504
0.3974
0.4649
0.4013
0.4468
0.0286
0.2935
0.3964
0.2933
0.3616
0.0071
0.1223
0.3913
0.1245
0.3561
0.0000
0.1001
0.2549
0.0977
0.1788
0.0000
0.0555
0.1270
0.0532
0.0820
0.0000
0.0539
0.1134
0.0516
0.0820
0.0000
0.0409
0.0859
0.0370
0.0712
0.0000
0.0383
0.0846
0.0320
0.0708
0.0000
0.0039
0.0676
0.0054
0.0519
0.0000
0.0039
0.0674
0.0054
0.0519
0.0000
0.0039
0.0674
0.0054
0.0519
0.0000
Greenland
0.0283
0.0479
0.0283
0.0443
0.0302
0.0110
0.2496
0.0135
0.2294
0.0297
0.0255
0.2524
0.0270
0.2311
0.0271
0.0755
0.3261
0.0764
0.3041
0.0271
0.0764
0.3314
0.0772
0.3046
0.0271
0.1116
0.3702
0.1099
0.3475
0.0271
0.1262
0.3710
0.1125
0.3480
0.0271
0.2436
0.4331
0.2482
0.4184
0.0016
0.3252
0.4824
0.3312
0.4747
0.0311
0.4273
0.4612
0.4299
0.4492
0.1343
0.4275
0.5008
0.4291
0.4917
0.1320
0.4185
0.4678
0.4214
0.4504
0.0504
0.4185
0.4678
0.4214
0.4504
0.0504
0.3974
0.4649
0.4013
0.4468
0.0286
0.2935
0.3964
0.2933
0.3616
0.0071
0.1223
0.3913
0.1245
0.3561
0.0000
0.1001
0.2549
0.0977
0.1788
0.0000
0.0555
0.1270
0.0532
0.0820
0.0000
0.0539
0.1134
0.0516
0.0820
0.0000
0.0409
0.0859
0.0370
0.0712
0.0000
0.0383
0.0846
0.0320
0.0708
0.0000
0.0039
0.0676
0.0054
0.0519
0.0000
0.0039
0.0674
0.0054
0.0519
0.0000
0.0039
0.0674
0.0054
0.0519
0.0000
MiddleTN
0.0283
0.0479
0.0283
0.0443
0.0302
0.0110
0.2496
0.0135
0.2294
0.0297
0.0255
0.2524
0.0270
0.2311
0.0271
0.0755
0.3261
0.0764
0.3041
0.0271
0.0764
0.3314
0.0772
0.3046
0.0271
0.1116
0.3702
0.1099
0.3475
0.0271
0.1262
0.3710
0.1125
0.3480
0.0271
0.2436
0.4331
0.2482
0.4184
0.0016
0.3252
0.4824
0.3312
0.4747
0.0311
0.4273
0.4612
0.4299
0.4492
0.1343
0.4275
0.5008
0.4291
0.4917
0.1320
0.4185
0.4678
0.4214
0.4504
0.0504
0.4185
0.4678
0.4214
0.4504
0.0504
0.3974
0.4649
0.4013
0.4468
0.0286
0.2935
0.3964
0.2933
0.3616
0.0071
0.1223
0.3913
0.1245
0.3561
0.0000
0.1001
0.2549
0.0977
0.1788
0.0000
0.0555
0.1270
0.0532
0.0820
0.0000
0.0539
0.1134
0.0516
0.0820
0.0000
0.0409
0.0859
0.0370
0.0712
0.0000
0.0383
0.0846
0.0320
0.0708
0.0000
0.0039
0.0676
0.0054
0.0519
0.0000
0.0039
0.0674
0.0054
0.0519
0.0000
0.0039
0.0674
0.0054
0.0519
0.0000
