Rose
0.0308
0.4615
0.0308
0.4493
0.0333
0.2968
0.6714
0.3111
0.6630
0.0326
0.3740
0.6726
0.3805
0.6637
0.0293
0.5555
0.7046
0.5581
0.6947
0.0293
0.5584
0.7070
0.5606
0.6950
0.0293
0.6163
0.7237
0.6156
0.7144
0.0293
0.6218
0.7239
0.6166
0.7146
0.0293
0.6686
0.7378
0.6702
0.7344
0.0599
0.7043
0.7495
0.7068
0.7474
0.3996
0.7366
0.7442
0.7371
0.7415
0.6244
0.7367
0.7546
0.7370
0.7521
0.6238
0.7346
0.7458
0.7353
0.7418
0.4707
0.7346
0.7458
0.7353
0.7418
0.4707
0.7299
0.7451
0.7308
0.7410
0.3884
0.6906
0.7296
0.6904
0.7211
0.2717
0.6201
0.7285
0.6207
0.7186
0.2190
0.6118
0.6733
0.6106
0.6421
0.1979
0.4887
0.6227
0.4806
0.5744
0.1889
0.4827
0.6176
0.4748
0.5742
0.1889
0.4368
0.5849
0.4225
0.5413
0.1889
0.4273
0.5812
0.4023
0.5401
0.1889
0.2496
0.5297
0.2597
0.4749
0.1889
0.2496
0.5292
0.2597
0.4749
0.1889
0.2496
0.5292
0.2597
0.4749
0.1889
FairView
0.0308
0.4615
0.0308
0.4493
0.0333
0.2968
0.6714
0.3111
0.6630
0.0326
0.3740
0.6726
0.3805
0.6637
0.0293
0.5555
0.7046
0.5581
0.6947
0.0293
0.5584
0.7070
0.5606
0.6950
0.0293
0.6163
0.7237
0.6156
0.7144
0.0293
0.6218
0.7239
0.6166
0.7146
0.0293
0.6686
0.7378
0.6702
0.7344
0.0599
0.7043
0.7495
0.7068
0.7474
0.3996
0.7366
0.7442
0.7371
0.7415
0.6244
0.7367
0.7546
0.7370
0.7521
0.6238
0.7346
0.7458
0.7353
0.7418
0.4707
0.7346
0.7458
0.7353
0.7418
0.4707
0.7299
0.7451
0.7308
0.7410
0.3884
0.6906
0.7296
0.6904
0.7211
0.2717
0.6201
0.7285
0.6207
0.7186
0.2190
0.6118
0.6733
0.6106
0.6421
0.1979
0.4887
0.6227
0.4806
0.5744
0.1889
0.4827
0.6176
0.4748
0.5742
0.1889
0.4368
0.5849
0.4225
0.5413
0.1889
0.4273
0.5812
0.4023
0.5401
0.1889
0.2496
0.5297
0.2597
0.4749
0.1889
0.2496
0.5292
0.2597
0.4749
0.1889
0.2496
0.5292
0.2597
0.4749
0.1889
Bell
0.0308
0.4615
0.0308
0.4493
0.0333
0.2968
0.6714
0.3111
0.6630
0.0326
0.3740
0.6726
0.3805
0.6637
0.0293
0.5555
0.7046
0.5581
0.6947
0.0293
0.5584
0.7070
0.5606
0.6950
0.0293
0.6163
0.7237
0.6156
0.7144
0.0293
0.6218
0.7239
0.6166
0.7146
0.0293
0.6686
0.7378
0.6702
0.7344
0.0599
0.7043
0.7495
0.7068
0.7474
0.3996
0.7366
0.7442
0.7371
0.7415
0.6244
0.7367
0.7546
0.7370
0.7521
0.6238
0.7346
0.7458
0.7353
0.7418
0.4707
0.7346
0.7458
0.7353
0.7418
0.4707
0.7299
0.7451
0.7308
0.7410
0.3884
0.6906
0.7296
0.6904
0.7211
0.2717
0.6201
0.7285
0.6207
0.7186
0.2190
0.6118
0.6733
0.6106
0.6421
0.1979
0.4887
0.6227
0.4806
0.5744
0.1889
0.4827
0.6176
0.4748
0.5742
0.1889
0.4368
0.5849
0.4225
0.5413
0.1889
0.4273
0.5812
0.4023
0.5401
0.1889
0.2496
0.5297
0.2597
0.4749
0.1889
0.2496
0.5292
0.2597
0.4749
0.1889
0.2496
0.5292
0.2597
0.4749
0.1889
IngramN
0.0308
0.4615
0.0308
0.4493
0.0333
0.2968
0.6714
0.3111
0.6630
0.0326
0.3740
0.6726
0.3805
0.6637
0.0293
0.5555
0.7046
0.5581
0.6947
0.0293
0.5584
0.7070
0.5606
0.6950
0.0293
0.6163
0.7237
0.6156
0.7144
0.0293
0.6218
0.7239
0.6166
0.7146
0.0293
0.6686
0.7378
0.6702
0.7344
0.0599
0.7043
0.7495
0.7068
0.7474
0.3996
0.7366
0.7442
0.7371
0.7415
0.6244
0.7367
0.7546
0.7370
0.7521
0.6238
0.7346
0.7458
0.7353
0.7418
0.4707
0.7346
0.7458
0.7353
0.7418
0.4707
0.7299
0.7451
0.7308
0.7410
0.3884
0.6906
0.7296
0.6904
0.7211
0.2717
0.6201
0.7285
0.6207
0.7186
0.2190
0.6118
0.6733
0.6106
0.6421
0.1979
0.4887
0.6227
0.4806
0.5744
0.1889
0.4827
0.6176
0.4748
0.5742
0.1889
0.4368
0.5849
0.4225
0.5413
0.1889
0.4273
0.5812
0.4023
0.5401
0.1889
0.2496
0.5297
0.2597
0.4749
0.1889
0.2496
0.5292
0.2597
0.4749
0.1889
0.2496
0.5292
0.2597
0.4749
0.1889
IngramS
0.0308
0.4615
0.0308
0.4493
0.0333
0.2968
0.6714
0.3111
0.6630
0.0326
0.3740
0.6726
0.3805
0.6637
0.0293
0.5555
0.7046
0.5581
0.6947
0.0293
0.5584
0.7070
0.5606
0.6950
0.0293
0.6163
0.7237
0.6156
0.7144
0.0293
0.6218
0.7239
0.6166
0.7146
0.0293
0.6686
0.7378
0.6702
0.7344
0.0599
0.7043
0.7495
0.7068
0.7474
0.3996
0.7366
0.7442
0.7371
0.7415
0.6244
0.7367
0.7546
0.7370
0.7521
0.6238
0.7346
0.7458
0.7353
0.7418
0.4707
0.7346
0.7458
0.7353
0.7418
0.4707
0.7299
0.7451
0.7308
0.7410
0.3884
0.6906
0.7296
0.6904
0.7211
0.2717
0.6201
0.7285
0.6207
0.7186
0.2190
0.6118
0.6733
0.6106
0.6421
0.1979
0.4887
0.6227
0.4806
0.5744
0.1889
0.4827
0.6176
0.4748
0.5742
0.1889
0.4368
0.5849
0.4225
0.5413
0.1889
0.4273
0.5812
0.4023
0.5401
0.1889
0.2496
0.5297
0.2597
0.4749
0.1889
0.2496
0.5292
0.2597
0.4749
0.1889
0.2496
0.5292
0.2597
0.4749
0.1889
ParkingServ
0.0308
0.4615
0.0308
0.4493
0.0333
0.2968
0.6714
0.3111
0.6630
0.0326
0.3740
0.6726
0.3805
0.6637
0.0293
0.5555
0.7046
0.5581
0.6947
0.0293
0.5584
0.7070
0.5606
0.6950
0.0293
0.6163
0.7237
0.6156
0.7144
0.0293
0.6218
0.7239
0.6166
0.7146
0.0293
0.6686
0.7378
0.6702
0.7344
0.0599
0.7043
0.7495
0.7068
0.7474
0.3996
0.7366
0.7442
0.7371
0.7415
0.6244
0.7367
0.7546
0.7370
0.7521
0.6238
0.7346
0.7458
0.7353
0.7418
0.4707
0.7346
0.7458
0.7353
0.7418
0.4707
0.7299
0.7451
0.7308
0.7410
0.3884
0.6906
0.7296
0.6904
0.7211
0.2717
0.6201
0.7285
0.6207
0.7186
0.2190
0.6118
0.6733
0.6106
0.6421
0.1979
0.4887
0.6227
0.4806
0.5744
0.1889
0.4827
0.6176
0.4748
0.5742
0.1889
0.4368
0.5849
0.4225
0.5413
0.1889
0.4273
0.5812
0.4023
0.5401
0.1889
0.2496
0.5297
0.2597
0.4749
0.1889
0.2496
0.5292
0.2597
0.4749
0.1889
0.2496
0.5292
0.2597
0.4749
0.1889
MainSt
0.0308
0.4615
0.0308
0.4493
0.0333
0.2968
0.6714
0.3111
0.6630
0.0326
0.3740
0.6726
0.3805
0.6637
0.0293
0.5555
0.7046
0.5581
0.6947
0.0293
0.5584
0.7070
0.5606
0.6950
0.0293
0.6163
0.7237
0.6156
0.7144
0.0293
0.6218
0.7239
0.6166
0.7146
0.0293
0.6686
0.7378
0.6702
0.7344
0.0599
0.7043
0.7495
0.7068
0.7474
0.3996
0.7366
0.7442
0.7371
0.7415
0.6244
0.7367
0.7546
0.7370
0.7521
0.6238
0.7346
0.7458
0.7353
0.7418
0.4707
0.7346
0.7458
0.7353
0.7418
0.4707
0.7299
0.7451
0.7308
0.7410
0.3884
0.6906
0.7296
0.6904
0.7211
0.2717
0.6201
0.7285
0.6207
0.7186
0.2190
0.6118
0.6733
0.6106
0.6421
0.1979
0.4887
0.6227
0.4806
0.5744
0.1889
0.4827
0.6176
0.4748
0.5742
0.1889
0.4368
0.5849
0.4225
0.5413
0.1889
0.4273
0.5812
0.4023
0.5401
0.1889
0.2496
0.5297
0.2597
0.4749
0.1889
0.2496
0.5292
0.2597
0.4749
0.1889
0.2496
0.5292
0.2597
0.4749
0.1889
PublicSafety
0.0308
0.4615
0.0308
0.4493
0.0333
0.2968
0.6714
0.3111
0.6630
0.0326
0.3740
0.6726
0.3805
0.6637
0.0293
0.5555
0.7046
0.5581
0.6947
0.0293
0.5584
0.7070
0.5606
0.6950
0.0293
0.6163
0.7237
0.6156
0.7144
0.0293
0.6218
0.7239
0.6166
0.7146
0.0293
0.6686
0.7378
0.6702
0.7344
0.0599
0.7043
0.7495
0.7068
0.7474
0.3996
0.7366
0.7442
0.7371
0.7415
0.6244
0.7367
0.7546
0.7370
0.7521
0.6238
0.7346
0.7458
0.7353
0.7418
0.4707
0.7346
0.7458
0.7353
0.7418
0.4707
0.7299
0.7451
0.7308
0.7410
0.3884
0.6906
0.7296
0.6904
0.7211
0.2717
0.6201
0.7285
0.6207
0.7186
0.2190
0.6118
0.6733
0.6106
0.6421
0.1979
0.4887
0.6227
0.4806
0.5744
0.1889
0.4827
0.6176
0.4748
0.5742
0.1889
0.4368
0.5849
0.4225
0.5413
0.1889
0.4273
0.5812
0.4023
0.5401
0.1889
0.2496
0.5297
0.2597
0.4749
0.1889
0.2496
0.5292
0.2597
0.4749
0.1889
0.2496
0.5292
0.2597
0.4749
0.1889
CollegeHeights
0.0308
0.4615
0.0308
0.4493
0.0333
0.2968
0.6714
0.3111
0.6630
0.0326
0.3740
0.6726
0.3805
0.6637
0.0293
0.5555
0.7046
0.5581
0.6947
0.0293
0.5584
0.7070
0.5606
0.6950
0.0293
0.6163
0.7237
0.6156
0.7144
0.0293
0.6218
0.7239
0.6166
0.7146
0.0293
0.6686
0.7378
0.6702
0.7344
0.0599
0.7043
0.7495
0.7068
0.7474
0.3996
0.7366
0.7442
0.7371
0.7415
0.6244
0.7367
0.7546
0.7370
0.7521
0.6238
0.7346
0.7458
0.7353
0.7418
0.4707
0.7346
0.7458
0.7353
0.7418
0.4707
0.7299
0.7451
0.7308
0.7410
0.3884
0.6906
0.7296
0.6904
0.7211
0.2717
0.6201
0.7285
0.6207
0.7186
0.2190
0.6118
0.6733
0.6106
0.6421
0.1979
0.4887
0.6227
0.4806
0.5744
0.1889
0.4827
0.6176
0.4748
0.5742
0.1889
0.4368
0.5849
0.4225
0.5413
0.1889
0.4273
0.5812
0.4023
0.5401
0.1889
0.2496
0.5297
0.2597
0.4749
0.1889
0.2496
0.5292
0.2597
0.4749
0.1889
0.2496
0.5292
0.2597
0.4749
0.1889
SportsPlex
0.0308
0.4615
0.0308
0.4493
0.0333
0.2968
0.6714
0.3111
0.6630
0.0326
0.3740
0.6726
0.3805
0.6637
0.0293
0.5555
0.7046
0.5581
0.6947
0.0293
0.5584
0.7070
0.5606
0.6950
0.0293
0.6163
0.7237
0.6156
0.7144
0.0293
0.6218
0.7239
0.6166
0.7146
0.0293
0.6686
0.7378
0.6702
0.7344
0.0599
0.7043
0.7495
0.7068
0.7474
0.3996
0.7366
0.7442
0.7371
0.7415
0.6244
0.7367
0.7546
0.7370
0.7521
0.6238
0.7346
0.7458
0.7353
0.7418
0.4707
0.7346
0.7458
0.7353
0.7418
0.4707
0.7299
0.7451
0.7308
0.7410
0.3884
0.6906
0.7296
0.6904
0.7211
0.2717
0.6201
0.7285
0.6207
0.7186
0.2190
0.6118
0.6733
0.6106
0.6421
0.1979
0.4887
0.6227
0.4806
0.5744
0.1889
0.4827
0.6176
0.4748
0.5742
0.1889
0.4368
0.5849
0.4225
0.5413
0.1889
0.4273
0.5812
0.4023
0.5401
0.1889
0.2496
0.5297
0.2597
0.4749
0.1889
0.2496
0.5292
0.2597
0.4749
0.1889
0.2496
0.5292
0.2597
0.4749
0.1889
CityView
0.0308
0.4615
0.0308
0.4493
0.0333
0.2968
0.6714
0.3111
0.6630
0.0326
0.3740
0.6726
0.3805
0.6637
0.0293
0.5555
0.7046
0.5581
0.6947
0.0293
0.5584
0.7070
0.5606
0.6950
0.0293
0.6163
0.7237
0.6156
0.7144
0.0293
0.6218
0.7239
0.6166
0.7146
0.0293
0.6686
0.7378
0.6702
0.7344
0.0599
0.7043
0.7495
0.7068
0.7474
0.3996
0.7366
0.7442
0.7371
0.7415
0.6244
0.7367
0.7546
0.7370
0.7521
0.6238
0.7346
0.7458
0.7353
0.7418
0.4707
0.7346
0.7458
0.7353
0.7418
0.4707
0.7299
0.7451
0.7308
0.7410
0.3884
0.6906
0.7296
0.6904
0.7211
0.2717
0.6201
0.7285
0.6207
0.7186
0.2190
0.6118
0.6733
0.6106
0.6421
0.1979
0.4887
0.6227
0.4806
0.5744
0.1889
0.4827
0.6176
0.4748
0.5742
0.1889
0.4368
0.5849
0.4225
0.5413
0.1889
0.4273
0.5812
0.4023
0.5401
0.1889
0.2496
0.5297
0.2597
0.4749
0.1889
0.2496
0.5292
0.2597
0.4749
0.1889
0.2496
0.5292
0.2597
0.4749
0.1889
GreekRow
0.0308
0.4615
0.0308
0.4493
0.0333
0.2968
0.6714
0.3111
0.6630
0.0326
0.3740
0.6726
0.3805
0.6637
0.0293
0.5555
0.7046
0.5581
0.6947
0.0293
0.5584
0.7070
0.5606
0.6950
0.0293
0.6163
0.7237
0.6156
0.7144
0.0293
0.6218
0.7239
0.6166
0.7146
0.0293
0.6686
0.7378
0.6702
0.7344
0.0599
0.7043
0.7495
0.7068
0.7474
0.3996
0.7366
0.7442
0.7371
0.7415
0.6244
0.7367
0.7546
0.7370
0.7521
0.6238
0.7346
0.7458
0.7353
0.7418
0.4707
0.7346
0.7458
0.7353
0.7418
0.4707
0.7299
0.7451
0.7308
0.7410
0.3884
0.6906
0.7296
0.6904
0.7211
0.2717
0.6201
0.7285
0.6207
0.7186
0.2190
0.6118
0.6733
0.6106
0.6421
0.1979
0.4887
0.6227
0.4806
0.5744
0.1889
0.4827
0.6176
0.4748
0.5742
0.1889
0.4368
0.5849
0.4225
0.5413
0.1889
0.4273
0.5812
0.4023
0.5401
0.1889
0.2496
0.5297
0.2597
0.4749
0.1889
0.2496
0.5292
0.2597
0.4749
0.1889
0.2496
0.5292
0.2597
0.4749
0.1889
Rutherford
0.0308
0.4615
0.0308
0.4493
0.0333
0.2968
0.6714
0.3111
0.6630
0.0326
0.3740
0.6726
0.3805
0.6637
0.0293
0.5555
0.7046
0.5581
0.6947
0.0293
0.5584
0.7070
0.5606
0.6950
0.0293
0.6163
0.7237
0.6156
0.7144
0.0293
0.6218
0.7239
0.6166
0.7146
0.0293
0.6686
0.7378
0.6702
0.7344
0.0599
0.7043
0.7495
0.7068
0.7474
0.3996
0.7366
0.7442
0.7371
0.7415
0.6244
0.7367
0.7546
0.7370
0.7521
0.6238
0.7346
0.7458
0.7353
0.7418
0.4707
0.7346
0.7458
0.7353
0.7418
0.4707
0.7299
0.7451
0.7308
0.7410
0.3884
0.6906
0.7296
0.6904
0.7211
0.2717
0.6201
0.7285
0.6207
0.7186
0.2190
0.6118
0.6733
0.6106
0.6421
0.1979
0.4887
0.6227
0.4806
0.5744
0.1889
0.4827
0.6176
0.4748
0.5742
0.1889
0.4368
0.5849
0.4225
0.5413
0.1889
0.4273
0.5812
0.4023
0.5401
0.1889
0.2496
0.5297
0.2597
0.4749
0.1889
0.2496
0.5292
0.2597
0.4749
0.1889
0.2496
0.5292
0.2597
0.4749
0.1889
Softball
0.0308
0.4615
0.0308
0.4493
0.0333
0.2968
0.6714
0.3111
0.6630
0.0326
0.3740
0.6726
0.3805
0.6637
0.0293
0.5555
0.7046
0.5581
0.6947
0.0293
0.5584
0.7070
0.5606
0.6950
0.0293
0.6163
0.7237
0.6156
0.7144
0.0293
0.6218
0.7239
0.6166
0.7146
0.0293
0.6686
0.7378
0.6702
0.7344
0.0599
0.7043
0.7495
0.7068
0.7474
0.3996
0.7366
0.7442
0.7371
0.7415
0.6244
0.7367
0.7546
0.7370
0.7521
0.6238
0.7346
0.7458
0.7353
0.7418
0.4707
0.7346
0.7458
0.7353
0.7418
0.4707
0.7299
0.7451
0.7308
0.7410
0.3884
0.6906
0.7296
0.6904
0.7211
0.2717
0.6201
0.7285
0.6207
0.7186
0.2190
0.6118
0.6733
0.6106
0.6421
0.1979
0.4887
0.6227
0.4806
0.5744
0.1889
0.4827
0.6176
0.4748
0.5742
0.1889
0.4368
0.5849
0.4225
0.5413
0.1889
0.4273
0.5812
0.4023
0.5401
0.1889
0.2496
0.5297
0.2597
0.4749
0.1889
0.2496
0.5292
0.2597
0.4749
0.1889
0.2496
0.5292
0.2597
0.4749
0.1889
Ezell
0.0308
0.4615
0.0308
0.4493
0.0333
0.2968
0.6714
0.3111
0.6630
0.0326
0.3740
0.6726
0.3805
0.6637
0.0293
0.5555
0.7046
0.5581
0.6947
0.0293
0.5584
0.7070
0.5606
0.6950
0.0293
0.6163
0.7237
0.6156
0.7144
0.0293
0.6218
0.7239
0.6166
0.7146
0.0293
0.6686
0.7378
0.6702
0.7344
0.0599
0.7043
0.7495
0.7068
0.7474
0.3996
0.7366
0.7442
0.7371
0.7415
0.6244
0.7367
0.7546
0.7370
0.7521
0.6238
0.7346
0.7458
0.7353
0.7418
0.4707
0.7346
0.7458
0.7353
0.7418
0.4707
0.7299
0.7451
0.7308
0.7410
0.3884
0.6906
0.7296
0.6904
0.7211
0.2717
0.6201
0.7285
0.6207
0.7186
0.2190
0.6118
0.6733
0.6106
0.6421
0.1979
0.4887
0.6227
0.4806
0.5744
0.1889
0.4827
0.6176
0.4748
0.5742
0.1889
0.4368
0.5849
0.4225
0.5413
0.1889
0.4273
0.5812
0.4023
0.5401
0.1889
0.2496
0.5297
0.2597
0.4749
0.1889
0.2496
0.5292
0.2597
0.4749
0.1889
0.2496
0.5292
0.2597
0.4749
0.1889
MtsuBlvdG
0.0308
0.4615
0.0308
0.4493
0.0333
0.2968
0.6714
0.3111
0.6630
0.0326
0.3740
0.6726
0.3805
0.6637
0.0293
0.5555
0.7046
0.5581
0.6947
0.0293
0.5584
0.7070
0.5606
0.6950
0.0293
0.6163
0.7237
0.6156
0.7144
0.0293
0.6218
0.7239
0.6166
0.7146
0.0293
0.6686
0.7378
0.6702
0.7344
0.0599
0.7043
0.7495
0.7068
0.7474
0.3996
0.7366
0.7442
0.7371
0.7415
0.6244
0.7367
0.7546
0.7370
0.7521
0.6238
0.7346
0.7458
0.7353
0.7418
0.4707
0.7346
0.7458
0.7353
0.7418
0.4707
0.7299
0.7451
0.7308
0.7410
0.3884
0.6906
0.7296
0.6904
0.7211
0.2717
0.6201
0.7285
0.6207
0.7186
0.2190
0.6118
0.6733
0.6106
0.6421
0.1979
0.4887
0.6227
0.4806
0.5744
0.1889
0.4827
0.6176
0.4748
0.5742
0.1889
0.4368
0.5849
0.4225
0.5413
0.1889
0.4273
0.5812
0.4023
0.5401
0.1889
0.2496
0.5297
0.2597
0.4749
0.1889
0.2496
0.5292
0.2597
0.4749
0.1889
0.2496
0.5292
0.2597
0.4749
0.1889
Rec
0.0308
0.4615
0.0308
0.4493
0.0333
0.2968
0.6714
0.3111
0.6630
0.0326
0.3740
0.6726
0.3805
0.6637
0.0293
0.5555
0.7046
0.5581
0.6947
0.0293
0.5584
0.7070
0.5606
0.6950
0.0293
0.6163
0.7237
0.6156
0.7144
0.0293
0.6218
0.7239
0.6166
0.7146
0.0293
0.6686
0.7378
0.6702
0.7344
0.0599
0.7043
0.7495
0.7068
0.7474
0.3996
0.7366
0.7442
0.7371
0.7415
0.6244
0.7367
0.7546
0.7370
0.7521
0.6238
0.7346
0.7458
0.7353
0.7418
0.4707
0.7346
0.7458
0.7353
0.7418
0.4707
0.7299
0.7451
0.7308
0.7410
0.3884
0.6906
0.7296
0.6904
0.7211
0.2717
0.6201
0.7285
0.6207
0.7186
0.2190
0.6118
0.6733
0.6106
0.6421
0.1979
0.4887
0.6227
0.4806
0.5744
0.1889
0.4827
0.6176
0.4748
0.5742
0.1889
0.4368
0.5849
0.4225
0.5413
0.1889
0.4273
0.5812
0.4023
0.5401
0.1889
0.2496
0.5297
0.2597
0.4749
0.1889
0.2496
0.5292
0.2597
0.4749
0.1889
0.2496
0.5292
0.2597
0.4749
0.1889
Abernathy
0.0308
0.4615
0.0308
0.4493
0.0333
0.2968
0.6714
0.3111
0.6630
0.0326
0.3740
0.6726
0.3805
0.6637
0.0293
0.5555
0.7046
0.5581
0.6947
0.0293
0.5584
0.7070
0.5606
0.6950
0.0293
0.6163
0.7237
0.6156
0.7144
0.0293
0.6218
0.7239
0.6166
0.7146
0.0293
0.6686
0.7378
0.6702
0.7344
0.0599
0.7043
0.7495
0.7068
0.7474
0.3996
0.7366
0.7442
0.7371
0.7415
0.6244
0.7367
0.7546
0.7370
0.7521
0.6238
0.7346
0.7458
0.7353
0.7418
0.4707
0.7346
0.7458
0.7353
0.7418
0.4707
0.7299
0.7451
0.7308
0.7410
0.3884
0.6906
0.7296
0.6904
0.7211
0.2717
0.6201
0.7285
0.6207
0.7186
0.2190
0.6118
0.6733
0.6106
0.6421
0.1979
0.4887
0.6227
0.4806
0.5744
0.1889
0.4827
0.6176
0.4748
0.5742
0.1889
0.4368
0.5849
0.4225
0.5413
0.1889
0.4273
0.5812
0.4023
0.5401
0.1889
0.2496
0.5297
0.2597
0.4749
0.1889
0.2496
0.5292
0.2597
0.4749
0.1889
0.2496
0.5292
0.2597
0.4749
0.1889
MTSU
0.0308
0.4615
0.0308
0.4493
0.0333
0.2968
0.6714
0.3111
0.6630
0.0326
0.3740
0.6726
0.3805
0.6637
0.0293
0.5555
0.7046
0.5581
0.6947
0.0293
0.5584
0.7070
0.5606
0.6950
0.0293
0.6163
0.7237
0.6156
0.7144
0.0293
0.6218
0.7239
0.6166
0.7146
0.0293
0.6686
0.7378
0.6702
0.7344
0.0599
0.7043
0.7495
0.7068
0.7474
0.3996
0.7366
0.7442
0.7371
0.7415
0.6244
0.7367
0.7546
0.7370
0.7521
0.6238
0.7346
0.7458
0.7353
0.7418
0.4707
0.7346
0.7458
0.7353
0.7418
0.4707
0.7299
0.7451
0.7308
0.7410
0.3884
0.6906
0.7296
0.6904
0.7211
0.2717
0.6201
0.7285
0.6207
0.7186
0.2190
0.6118
0.6733
0.6106
0.6421
0.1979
0.4887
0.6227
0.4806
0.5744
0.1889
0.4827
0.6176
0.4748
0.5742
0.1889
0.4368
0.5849
0.4225
0.5413
0.1889
0.4273
0.5812
0.4023
0.5401
0.1889
0.2496
0.5297
0.2597
0.4749
0.1889
0.2496
0.5292
0.2597
0.4749
0.1889
0.2496
0.5292
0.2597
0.4749
0.1889
Highland
0.0308
0.4615
0.0308
0.4493
0.0333
0.2968
0.6714
0.3111
0.6630
0.0326
0.3740
0.6726
0.3805
0.6637
0.0293
0.5555
0.7046
0.5581
0.6947
0.0293
0.5584
0.7070
0.5606
0.6950
0.0293
0.6163
0.7237
0.6156
0.7144
0.0293
0.6218
0.7239
0.6166
0.7146
0.0293
0.6686
0.7378
0.6702
0.7344
0.0599
0.7043
0.7495
0.7068
0.7474
0.3996
0.7366
0.7442
0.7371
0.7415
0.6244
0.7367
0.7546
0.7370
0.7521
0.6238
0.7346
0.7458
0.7353
0.7418
0.4707
0.7346
0.7458
0.7353
0.7418
0.4707
0.7299
0.7451
0.7308
0.7410
0.3884
0.6906
0.7296
0.6904
0.7211
0.2717
0.6201
0.7285
0.6207
0.7186
0.2190
0.6118
0.6733
0.6106
0.6421
0.1979
0.4887
0.6227
0.4806
0.5744
0.1889
0.4827
0.6176
0.4748
0.5742
0.1889
0.4368
0.5849
0.4225
0.5413
0.1889
0.4273
0.5812
0.4023
0.5401
0.1889
0.2496
0.5297
0.2597
0.4749
0.1889
0.2496
0.5292
0.2597
0.4749
0.1889
0.2496
0.5292
0.2597
0.4749
0.1889
MEC
0.0308
0.4615
0.0308
0.4493
0.0333
0.2968
0.6714
0.3111
0.6630
0.0326
0.3740
0.6726
0.3805
0.6637
0.0293
0.5555
0.7046
0.5581
0.6947
0.0293
0.5584
0.7070
0.5606
0.6950
0.0293
0.6163
0.7237
0.6156
0.7144
0.0293
0.6218
0.7239
0.6166
0.7146
0.0293
0.6686
0.7378
0.6702
0.7344
0.0599
0.7043
0.7495
0.7068
0.7474
0.3996
0.7366
0.7442
0.7371
0.7415
0.6244
0.7367
0.7546
0.7370
0.7521
0.6238
0.7346
0.7458
0.7353
0.7418
0.4707
0.7346
0.7458
0.7353
0.7418
0.4707
0.7299
0.7451
0.7308
0.7410
0.3884
0.6906
0.7296
0.6904
0.7211
0.2717
0.6201
0.7285
0.6207
0.7186
0.2190
0.6118
0.6733
0.6106
0.6421
0.1979
0.4887
0.6227
0.4806
0.5744
0.1889
0.4827
0.6176
0.4748
0.5742
0.1889
0.4368
0.5849
0.4225
0.5413
0.1889
0.4273
0.5812
0.4023
0.5401
0.1889
0.2496
0.5297
0.2597
0.4749
0.1889
0.2496
0.5292
0.2597
0.4749
0.1889
0.2496
0.5292
0.2597
0.4749
0.1889
Jackson
0.0308
0.4615
0.0308
0.4493
0.0333
0.2968
0.6714
0.3111
0.6630
0.0326
0.3740
0.6726
0.3805
0.6637
0.0293
0.5555
0.7046
0.5581
0.6947
0.0293
0.5584
0.7070
0.5606
0.6950
0.0293
0.6163
0.7237
0.6156
0.7144
0.0293
0.6218
0.7239
0.6166
0.7146
0.0293
0.6686
0.7378
0.6702
0.7344
0.0599
0.7043
0.7495
0.7068
0.7474
0.3996
0.7366
0.7442
0.7371
0.7415
0.6244
0.7367
0.7546
0.7370
0.7521
0.6238
0.7346
0.7458
0.7353
0.7418
0.4707
0.7346
0.7458
0.7353
0.7418
0.4707
0.7299
0.7451
0.7308
0.7410
0.3884
0.6906
0.7296
0.6904
0.7211
0.2717
0.6201
0.7285
0.6207
0.7186
0.2190
0.6118
0.6733
0.6106
0.6421
0.1979
0.4887
0.6227
0.4806
0.5744
0.1889
0.4827
0.6176
0.4748
0.5742
0.1889
0.4368
0.5849
0.4225
0.5413
0.1889
0.4273
0.5812
0.4023
0.5401
0.1889
0.2496
0.5297
0.2597
0.4749
0.1889
0.2496
0.5292
0.2597
0.4749
0.1889
0.2496
0.5292
0.2597
0.4749
0.1889
Livestock
0.0308
0.4615
0.0308
0.4493
0.0333
0.2968
0.6714
0.3111
0.6630
0.0326
0.3740
0.6726
0.3805
0.6637
0.0293
0.5555
0.7046
0.5581
0.6947
0.0293
0.5584
0.7070
0.5606
0.6950
0.0293
0.6163
0.7237
0.6156
0.7144
0.0293
0.6218
0.7239
0.6166
0.7146
0.0293
0.6686
0.7378
0.6702
0.7344
0.0599
0.7043
0.7495
0.7068
0.7474
0.3996
0.7366
0.7442
0.7371
0.7415
0.6244
0.7367
0.7546
0.7370
0.7521
0.6238
0.7346
0.7458
0.7353
0.7418
0.4707
0.7346
0.7458
0.7353
0.7418
0.4707
0.7299
0.7451
0.7308
0.7410
0.3884
0.6906
0.7296
0.6904
0.7211
0.2717
0.6201
0.7285
0.6207
0.7186
0.2190
0.6118
0.6733
0.6106
0.6421
0.1979
0.4887
0.6227
0.4806
0.5744
0.1889
0.4827
0.6176
0.4748
0.5742
0.1889
0.4368
0.5849
0.4225
0.5413
0.1889
0.4273
0.5812
0.4023
0.5401
0.1889
0.2496
0.5297
0.2597
0.4749
0.1889
0.2496
0.5292
0.2597
0.4749
0.1889
0.2496
0.5292
0.2597
0.4749
0.1889
Greenhouse
0.0308
0.4615
0.0308
0.4493
0.0333
0.2968
0.6714
0.3111
0.6630
0.0326
0.3740
0.6726
0.3805
0.6637
0.0293
0.5555
0.7046
0.5581
0.6947
0.0293
0.5584
0.7070
0.5606
0.6950
0.0293
0.6163
0.7237
0.6156
0.7144
0.0293
0.6218
0.7239
0.6166
0.7146
0.0293
0.6686
0.7378
0.6702
0.7344
0.0599
0.7043
0.7495
0.7068
0.7474
0.3996
0.7366
0.7442
0.7371
0.7415
0.6244
0.7367
0.7546
0.7370
0.7521
0.6238
0.7346
0.7458
0.7353
0.7418
0.4707
0.7346
0.7458
0.7353
0.7418
0.4707
0.7299
0.7451
0.7308
0.7410
0.3884
0.6906
0.7296
0.6904
0.7211
0.2717
0.6201
0.7285
0.6207
0.7186
0.2190
0.6118
0.6733
0.6106
0.6421
0.1979
0.4887
0.6227
0.4806
0.5744
0.1889
0.4827
0.6176
0.4748
0.5742
0.1889
0.4368
0.5849
0.4225
0.5413
0.1889
0.4273
0.5812
0.4023
0.5401
0.1889
0.2496
0.5297
0.2597
0.4749
0.1889
0.2496
0.5292
0.2597
0.4749
0.1889
0.2496
0.5292
0.2597
0.4749
0.1889
ChampionWayG
0.0308
0.4615
0.0308
0.4493
0.0333
0.2968
0.6714
0.3111
0.6630
0.0326
0.3740
0.6726
0.3805
0.6637
0.0293
0.5555
0.7046
0.5581
0.6947
0.0293
0.5584
0.7070
0.5606
0.6950
0.0293
0.6163
0.7237
0.6156
0.7144
0.0293
0.6218
0.7239
0.6166
0.7146
0.0293
0.6686
0.7378
0.6702
0.7344
0.0599
0.7043
0.7495
0.7068
0.7474
0.3996
0.7366
0.7442
0.7371
0.7415
0.6244
0.7367
0.7546
0.7370
0.7521
0.6238
0.7346
0.7458
0.7353
0.7418
0.4707
0.7346
0.7458
0.7353
0.7418
0.4707
0.7299
0.7451
0.7308
0.7410
0.3884
0.6906
0.7296
0.6904
0.7211
0.2717
0.6201
0.7285
0.6207
0.7186
0.2190
0.6118
0.6733
0.6106
0.6421
0.1979
0.4887
0.6227
0.4806
0.5744
0.1889
0.4827
0.6176
0.4748
0.5742
0.1889
0.4368
0.5849
0.4225
0.5413
0.1889
0.4273
0.5812
0.4023
0.5401
0.1889
0.2496
0.5297
0.2597
0.4749
0.1889
0.2496
0.5292
0.2597
0.4749
0.1889
0.2496
0.5292
0.2597
0.4749
0.1889
Greenland
0.0308
0.4615
0.0308
0.4493
0.0333
0.2968
0.6714
0.3111
0.6630
0.0326
0.3740
0.6726
0.3805
0.6637
0.0293
0.5555
0.7046
0.5581
0.6947
0.0293
0.5584
0.7070
0.5606
0.6950
0.0293
0.6163
0.7237
0.6156
0.7144
0.0293
0.6218
0.7239
0.6166
0.7146
0.0293
0.6686
0.7378
0.6702
0.7344
0.0599
0.7043
0.7495
0.7068
0.7474
0.3996
0.7366
0.7442
0.7371
0.7415
0.6244
0.7367
0.7546
0.7370
0.7521
0.6238
0.7346
0.7458
0.7353
0.7418
0.4707
0.7346
0.7458
0.7353
0.7418
0.4707
0.7299
0.7451
0.7308
0.7410
0.3884
0.6906
0.7296
0.6904
0.7211
0.2717
0.6201
0.7285
0.6207
0.7186
0.2190
0.6118
0.6733
0.6106
0.6421
0.1979
0.4887
0.6227
0.4806
0.5744
0.1889
0.4827
0.6176
0.4748
0.5742
0.1889
0.4368
0.5849
0.4225
0.5413
0.1889
0.4273
0.5812
0.4023
0.5401
0.1889
0.2496
0.5297
0.2597
0.4749
0.1889
0.2496
0.5292
0.2597
0.4749
0.1889
0.2496
0.5292
0.2597
0.4749
0.1889
MiddleTN
0.0308
0.4615
0.0308
0.4493
0.0333
0.2968
0.6714
0.3111
0.6630
0.0326
0.3740
0.6726
0.3805
0.6637
0.0293
0.5555
0.7046
0.5581
0.6947
0.0293
0.5584
0.7070
0.5606
0.6950
0.0293
0.6163
0.7237
0.6156
0.7144
0.0293
0.6218
0.7239
0.6166
0.7146
0.0293
0.6686
0.7378
0.6702
0.7344
0.0599
0.7043
0.7495
0.7068
0.7474
0.3996
0.7366
0.7442
0.7371
0.7415
0.6244
0.7367
0.7546
0.7370
0.7521
0.6238
0.7346
0.7458
0.7353
0.7418
0.4707
0.7346
0.7458
0.7353
0.7418
0.4707
0.7299
0.7451
0.7308
0.7410
0.3884
0.6906
0.7296
0.6904
0.7211
0.2717
0.6201
0.7285
0.6207
0.7186
0.2190
0.6118
0.6733
0.6106
0.6421
0.1979
0.4887
0.6227
0.4806
0.5744
0.1889
0.4827
0.6176
0.4748
0.5742
0.1889
0.4368
0.5849
0.4225
0.5413
0.1889
0.4273
0.5812
0.4023
0.5401
0.1889
0.2496
0.5297
0.2597
0.4749
0.1889
0.2496
0.5292
0.2597
0.4749
0.1889
0.2496
0.5292
0.2597
0.4749
0.1889
