Rose
0.0
0.1603
0.0
0.1466
0.0
0.0475
0.5437
0.052
0.5137
0.0
0.0774
0.5479
0.0801
0.5162
0.0
0.2837
0.6418
0.2877
0.6224
0.0
0.288
0.6463
0.2915
0.6229
0.0
0.3855
0.6824
0.3843
0.6611
0.0
0.3959
0.6831
0.3861
0.6616
0.0
0.5338
0.7409
0.5395
0.728
0.0
0.6412
0.7813
0.646
0.7746
0.0919
0.7361
0.7639
0.7382
0.7543
0.4008
0.7364
0.7967
0.7377
0.7892
0.3997
0.7284
0.7689
0.7309
0.7553
0.1707
0.7284
0.7689
0.7309
0.7553
0.1707
0.709
0.7667
0.7126
0.7524
0.0837
0.6099
0.7076
0.609
0.6745
0.0402
0.3926
0.7027
0.3938
0.6695
0.028
0.3773
0.5496
0.3751
0.4369
0.0239
0.1925
0.3977
0.1825
0.3132
0.0224
0.1852
0.3881
0.1757
0.3129
0.0224
0.1329
0.3304
0.1163
0.2628
0.0224
0.1217
0.3243
0.0947
0.261
0.0224
0.0347
0.2463
0.0371
0.176
0.0224
0.0347
0.2457
0.0371
0.176
0.0224
0.0347
0.2457
0.0371
0.176
0.0224
FairView
0.0564
0.195
0.0563
0.1839
0.0564
0.0993
0.5144
0.1036
0.4871
0.0564
0.1262
0.5182
0.1283
0.4895
0.0563
0.294
0.6031
0.2973
0.5858
0.0563
0.2976
0.607
0.3004
0.5862
0.0563
0.3759
0.6402
0.3749
0.6205
0.0563
0.3842
0.6409
0.3764
0.621
0.0563
0.5054
0.6957
0.5105
0.6835
0.0554
0.6027
0.7342
0.6069
0.7278
0.1374
0.6913
0.7176
0.6933
0.7085
0.388
0.6917
0.7488
0.6929
0.7417
0.3873
0.6841
0.7223
0.6864
0.7094
0.2031
0.6841
0.7223
0.6864
0.7094
0.2031
0.6656
0.7202
0.6691
0.7067
0.1309
0.5749
0.6639
0.5742
0.633
0.0927
0.3815
0.6592
0.3824
0.6283
0.0813
0.3692
0.5194
0.3674
0.4172
0.0776
0.221
0.3856
0.2128
0.318
0.0761
0.2151
0.378
0.2073
0.3178
0.0761
0.173
0.3318
0.1587
0.2776
0.0761
0.1635
0.3269
0.1402
0.2762
0.0761
0.0875
0.264
0.0898
0.2078
0.0761
0.0875
0.2635
0.0898
0.2078
0.0761
0.0875
0.2635
0.0898
0.2078
0.0761
Bell
0.3315
0.431
0.3314
0.4318
0.3306
0.3936
0.4612
0.3982
0.448
0.3308
0.4181
0.4631
0.4181
0.4491
0.332
0.4221
0.4992
0.4222
0.4949
0.332
0.4219
0.5
0.4219
0.495
0.332
0.4158
0.5136
0.4158
0.5049
0.332
0.4151
0.5138
0.4156
0.5051
0.332
0.4562
0.5449
0.458
0.5377
0.3449
0.4993
0.5675
0.4998
0.5637
0.418
0.5426
0.5578
0.5436
0.5525
0.4138
0.5432
0.5759
0.5436
0.5719
0.4145
0.5386
0.5604
0.5398
0.553
0.4284
0.5386
0.5604
0.5398
0.553
0.4284
0.5281
0.5592
0.5298
0.5514
0.4173
0.4914
0.5262
0.4907
0.5104
0.3868
0.4148
0.5235
0.4143
0.5085
0.3746
0.416
0.4624
0.4156
0.4132
0.3708
0.429
0.4162
0.4284
0.4221
0.3692
0.4295
0.4169
0.4288
0.4221
0.3692
0.4321
0.4211
0.4265
0.426
0.3692
0.4287
0.4215
0.4201
0.426
0.3692
0.3813
0.4251
0.3836
0.4306
0.3692
0.3813
0.4252
0.3836
0.4306
0.3692
0.3813
0.4252
0.3836
0.4306
0.3692
IngramN
0.4523
0.5527
0.4522
0.5583
0.4507
0.5342
0.4621
0.5394
0.4553
0.4511
0.5609
0.4631
0.5602
0.4558
0.4533
0.4995
0.4767
0.4983
0.4789
0.4533
0.4978
0.4761
0.4967
0.4788
0.4533
0.4571
0.4795
0.4575
0.4766
0.4533
0.4528
0.4796
0.4567
0.4767
0.4533
0.459
0.4977
0.4594
0.4933
0.4773
0.477
0.5114
0.4758
0.5092
0.5574
0.4964
0.5056
0.4969
0.5024
0.4494
0.4969
0.5165
0.497
0.5141
0.4506
0.4941
0.507
0.4947
0.5026
0.5457
0.4941
0.507
0.4947
0.5026
0.5457
0.4878
0.5063
0.4888
0.5017
0.5584
0.4784
0.4863
0.4778
0.4784
0.5264
0.4535
0.4846
0.4524
0.4779
0.5125
0.4602
0.4618
0.4604
0.4366
0.5081
0.5391
0.4537
0.5418
0.4896
0.5064
0.5423
0.4579
0.5446
0.4898
0.5064
0.5631
0.4827
0.5608
0.5116
0.5064
0.562
0.4852
0.5589
0.5122
0.5064
0.5202
0.5163
0.5228
0.5469
0.5064
0.5202
0.5166
0.5228
0.5469
0.5064
0.5202
0.5166
0.5228
0.5469
0.5064
IngramS
0.4478
0.646
0.4477
0.6495
0.4444
0.5906
0.5937
0.5985
0.5877
0.4453
0.6356
0.5946
0.6363
0.5882
0.4498
0.6116
0.6025
0.6109
0.6081
0.4498
0.6105
0.601
0.6098
0.608
0.4498
0.5845
0.5971
0.5847
0.5987
0.4498
0.5817
0.597
0.5842
0.5986
0.4498
0.591
0.602
0.5913
0.6006
0.5006
0.6029
0.6064
0.6009
0.6057
0.6385
0.6018
0.6046
0.6019
0.6036
0.5792
0.6022
0.608
0.602
0.6073
0.5801
0.6012
0.6049
0.6013
0.6036
0.6409
0.6012
0.6049
0.6013
0.6036
0.6409
0.5994
0.6047
0.5995
0.6034
0.6367
0.6081
0.5983
0.6075
0.5977
0.5784
0.582
0.5978
0.5812
0.5982
0.5567
0.5864
0.5935
0.5863
0.5713
0.5498
0.6373
0.5826
0.6386
0.6058
0.547
0.6394
0.5853
0.6405
0.6059
0.547
0.6521
0.6013
0.6466
0.62
0.547
0.6487
0.6029
0.64
0.6204
0.547
0.5685
0.6224
0.5727
0.6424
0.547
0.5685
0.6226
0.5727
0.6424
0.547
0.5685
0.6226
0.5727
0.6424
0.547
ParkingServ
0.734
0.7632
0.7339
0.7815
0.732
0.816
0.3662
0.8205
0.3735
0.7326
0.8339
0.3652
0.8306
0.3728
0.7352
0.5943
0.3314
0.5897
0.3459
0.7352
0.5886
0.3279
0.5845
0.3456
0.7352
0.4574
0.3136
0.4591
0.3208
0.7352
0.4434
0.3133
0.4566
0.3206
0.7352
0.3674
0.3113
0.3648
0.3113
0.7651
0.3321
0.3116
0.3277
0.3116
0.8181
0.3116
0.3115
0.3114
0.3115
0.435
0.3119
0.3115
0.3116
0.3116
0.4374
0.3118
0.3113
0.3116
0.3114
0.7449
0.3118
0.3113
0.3116
0.3114
0.7449
0.312
0.3113
0.3118
0.3115
0.8249
0.352
0.311
0.3516
0.3162
0.8092
0.4469
0.3111
0.4446
0.3181
0.7971
0.468
0.3629
0.4701
0.3905
0.7933
0.7193
0.4442
0.7309
0.5584
0.7917
0.7294
0.4572
0.7402
0.5588
0.7917
0.7982
0.5358
0.8063
0.6275
0.7917
0.8041
0.5441
0.8181
0.6298
0.7917
0.8037
0.6472
0.806
0.7432
0.7917
0.8037
0.6481
0.806
0.7432
0.7917
0.8037
0.6481
0.806
0.7432
0.7917
MainSt
0.8394
0.7817
0.8393
0.806
0.8384
0.8835
0.2496
0.886
0.2614
0.8386
0.8868
0.2479
0.8816
0.2604
0.84
0.5591
0.2005
0.553
0.2172
0.84
0.5516
0.1965
0.5462
0.2169
0.84
0.3783
0.1802
0.3807
0.1883
0.84
0.3599
0.1799
0.3774
0.1881
0.84
0.2521
0.1787
0.2485
0.1784
0.8555
0.2012
0.1798
0.1962
0.1797
0.8627
0.1788
0.1794
0.1787
0.1792
0.3492
0.1791
0.18
0.1789
0.18
0.3521
0.1789
0.1793
0.1788
0.1791
0.7583
0.1789
0.1793
0.1788
0.1791
0.7583
0.1786
0.1793
0.1785
0.1791
0.8731
0.2254
0.1778
0.2251
0.1831
0.8798
0.3647
0.1777
0.3619
0.1852
0.8732
0.3925
0.2453
0.3955
0.2901
0.8711
0.7238
0.3607
0.7396
0.5113
0.8703
0.7371
0.3778
0.7519
0.5118
0.8703
0.8283
0.4814
0.8424
0.6023
0.8703
0.8382
0.4924
0.8619
0.6052
0.8703
0.8768
0.629
0.878
0.7553
0.8703
0.8768
0.6301
0.878
0.7553
0.8703
0.8768
0.6301
0.878
0.7553
0.8703
PublicSafety
0.7101
0.9763
0.71
0.9891
0.7039
0.9376
0.6853
0.9486
0.6938
0.7056
1.0
0.6841
1.0
0.6931
0.7138
0.8579
0.6388
0.8547
0.661
0.7138
0.8539
0.6335
0.851
0.6605
0.7138
0.7619
0.6024
0.7631
0.6197
0.7138
0.7521
0.6018
0.7613
0.6193
0.7138
0.6872
0.5694
0.6846
0.5762
0.8076
0.6397
0.548
0.6337
0.5516
1.0
0.5722
0.5573
0.571
0.5624
0.746
0.5722
0.5397
0.5714
0.5438
0.7478
0.5764
0.5544
0.575
0.5618
0.9634
0.5764
0.5544
0.575
0.5618
0.9634
0.5868
0.5556
0.5848
0.5634
1.0
0.6678
0.5869
0.6676
0.6088
0.9202
0.7545
0.5895
0.7529
0.613
0.8896
0.7694
0.6821
0.7708
0.7145
0.8796
0.9457
0.7524
0.9537
0.8328
0.8756
0.9528
0.7615
0.9602
0.833
0.8756
1.0
0.8167
1.0
0.8813
0.8756
1.0
0.8225
1.0
0.8828
0.8756
0.9062
0.8946
0.9121
0.9623
0.8756
0.9062
0.8953
0.9121
0.9623
0.8756
0.9062
0.8953
0.9121
0.9623
0.8756
CollegeHeights
1.0
0.8317
1.0
0.8646
1.0
1.0
0.1016
1.0
0.1207
1.0
0.9852
0.0989
0.9775
0.1191
1.0
0.5314
0.0294
0.5231
0.0505
1.0
0.5211
0.0244
0.5138
0.05
1.0
0.2868
0.0033
0.2904
0.0139
1.0
0.2619
0.0029
0.2859
0.0137
1.0
0.1065
0.0
0.1016
0.0
1.0
0.0301
0.0
0.0241
0.0
0.9507
0.0
0.0
0.0
0.0
0.2485
0.0
0.0
0.0
0.0
0.252
0.0
0.0
0.0
0.0
0.8015
0.0
0.0
0.0
0.0
0.8015
0.0
0.0
0.0
0.0
0.9656
0.0613
0.0
0.0614
0.0072
1.0
0.2688
0.0
0.2655
0.0099
1.0
0.3062
0.0962
0.3108
0.1681
1.0
0.7534
0.2628
0.7756
0.4658
1.0
0.7713
0.2858
0.7923
0.4664
1.0
0.895
0.4256
0.9177
0.5884
1.0
0.9105
0.4405
0.948
0.5924
1.0
1.0
0.626
1.0
0.7959
1.0
1.0
0.6276
1.0
0.7959
1.0
1.0
0.6276
1.0
0.7959
1.0
SportsPlex
0.501
1.0
0.5008
1.0
0.4917
0.8417
1.0
0.8579
1.0
0.4942
0.9447
1.0
0.9489
1.0
0.5064
1.0
0.9782
1.0
0.9984
0.5064
1.0
0.9736
1.0
0.9979
0.5064
1.0
0.9412
1.0
0.9598
0.5064
1.0
0.9406
1.0
0.9594
0.5064
1.0
0.898
1.0
0.9074
0.6469
0.979
0.8685
0.9742
0.8734
0.9669
0.9015
0.8812
0.9001
0.8881
1.0
0.9009
0.8573
0.9003
0.8627
1.0
0.9066
0.8776
0.905
0.8874
1.0
0.9066
0.8776
0.905
0.8874
1.0
0.9204
0.8792
0.918
0.8894
0.9566
1.0
0.9221
1.0
0.948
0.8151
1.0
0.9256
1.0
0.9524
0.7689
1.0
1.0
1.0
1.0
0.7536
1.0
1.0
1.0
1.0
0.7475
1.0
1.0
1.0
1.0
0.7475
0.9979
1.0
0.985
1.0
0.7475
0.9885
1.0
0.9663
1.0
0.7475
0.7938
1.0
0.8028
1.0
0.7475
0.7938
1.0
0.8028
1.0
0.7475
0.7938
1.0
0.8028
1.0
0.7475
CityView
0.441
0.8362
0.4409
0.8357
0.434
0.7066
0.8606
0.7196
0.8563
0.4359
0.789
0.8612
0.7921
0.8567
0.4452
0.8401
0.8577
0.8403
0.8708
0.4452
0.8402
0.8547
0.8404
0.8704
0.4452
0.8433
0.8354
0.8434
0.8463
0.4452
0.8437
0.8351
0.8434
0.8461
0.4452
0.8593
0.8133
0.8602
0.8181
0.5514
0.8582
0.7983
0.8552
0.8007
0.8068
0.8149
0.8047
0.8144
0.8082
0.8441
0.8145
0.7927
0.8143
0.7953
0.8439
0.8173
0.803
0.8166
0.8078
0.8367
0.8173
0.803
0.8166
0.8078
0.8367
0.824
0.8037
0.823
0.8088
0.7981
0.8699
0.8256
0.8698
0.8394
0.6853
0.8436
0.8273
0.8437
0.8419
0.6481
0.8431
0.8617
0.8431
0.8455
0.6358
0.8371
0.844
0.8369
0.841
0.6309
0.8368
0.8437
0.8367
0.841
0.6309
0.8334
0.8418
0.8223
0.8393
0.6309
0.8252
0.8416
0.806
0.8393
0.6309
0.6681
0.8393
0.6754
0.8367
0.6309
0.6681
0.8393
0.6754
0.8367
0.6309
0.6681
0.8393
0.6754
0.8367
0.6309
GreekRow
0.347
0.6315
0.3469
0.6294
0.3425
0.5279
0.7121
0.5372
0.7016
0.3437
0.5877
0.7135
0.5899
0.7025
0.3496
0.6506
0.7351
0.6513
0.7389
0.3496
0.6512
0.7342
0.6519
0.7388
0.3496
0.6663
0.7314
0.6662
0.7326
0.3496
0.668
0.7314
0.6665
0.7326
0.3496
0.7088
0.735
0.711
0.7341
0.4168
0.7351
0.7375
0.7345
0.737
0.6016
0.7344
0.7364
0.7348
0.7357
0.6692
0.734
0.7387
0.7344
0.738
0.6687
0.7333
0.737
0.7337
0.7357
0.6335
0.7333
0.737
0.7337
0.7357
0.6335
0.7315
0.7367
0.7321
0.7354
0.5942
0.7348
0.7327
0.7345
0.7318
0.5122
0.6676
0.7323
0.6679
0.732
0.4852
0.6651
0.7147
0.6649
0.6752
0.4762
0.6362
0.6687
0.635
0.6549
0.4726
0.6351
0.6671
0.634
0.6549
0.4726
0.6257
0.6581
0.6156
0.647
0.4726
0.6183
0.6571
0.6008
0.6468
0.4726
0.4997
0.6456
0.5051
0.6339
0.4726
0.4997
0.6455
0.5051
0.6339
0.4726
0.4997
0.6455
0.5051
0.6339
0.4726
Rutherford
0.289
0.7239
0.2889
0.7166
0.2822
0.5553
0.9138
0.5687
0.902
0.284
0.6424
0.9155
0.647
0.903
0.293
0.7901
0.9376
0.7922
0.9441
0.293
0.7924
0.9361
0.7942
0.9439
0.293
0.8446
0.9264
0.8439
0.9319
0.293
0.8502
0.9262
0.8449
0.9318
0.293
0.9101
0.915
0.9126
0.9175
0.3964
0.9377
0.9072
0.9364
0.9084
0.6671
0.9157
0.9105
0.9155
0.9123
0.8532
0.9153
0.9043
0.9153
0.9056
0.8523
0.9167
0.9097
0.9164
0.9121
0.73
0.9167
0.9097
0.9164
0.9121
0.73
0.92
0.9101
0.9196
0.9125
0.655
0.9395
0.9214
0.9393
0.9284
0.5333
0.8486
0.9223
0.8493
0.9296
0.4952
0.8402
0.9168
0.8392
0.872
0.4825
0.7409
0.8509
0.736
0.8053
0.4775
0.737
0.8457
0.7323
0.8052
0.4775
0.7076
0.8147
0.6908
0.7781
0.4775
0.6956
0.8114
0.6671
0.7772
0.4775
0.5157
0.7702
0.5232
0.732
0.4775
0.5157
0.7699
0.5232
0.732
0.4775
0.5157
0.7699
0.5232
0.732
0.4775
Softball
0.3182
0.5162
0.3181
0.5146
0.3154
0.44
0.596
0.4467
0.5831
0.3162
0.483
0.5979
0.4841
0.5842
0.3197
0.531
0.6306
0.5315
0.6297
0.3197
0.5314
0.6309
0.532
0.6297
0.3197
0.543
0.6373
0.543
0.6331
0.3197
0.5443
0.6375
0.5433
0.6332
0.3197
0.5921
0.6561
0.5948
0.6519
0.3604
0.6305
0.6692
0.631
0.6669
0.4926
0.6542
0.6635
0.6552
0.6603
0.5454
0.6539
0.6744
0.6547
0.6717
0.5449
0.6512
0.6654
0.6522
0.6606
0.5179
0.6512
0.6654
0.6522
0.6606
0.5179
0.6443
0.6645
0.6457
0.6595
0.4868
0.6241
0.6452
0.6239
0.6357
0.4285
0.544
0.6434
0.5444
0.6345
0.4088
0.5421
0.5992
0.542
0.5504
0.4021
0.5197
0.5451
0.519
0.5342
0.3995
0.5189
0.5438
0.5182
0.5342
0.3995
0.5116
0.5369
0.5035
0.5281
0.3995
0.5056
0.5362
0.4915
0.5279
0.3995
0.4193
0.5275
0.4233
0.5182
0.3995
0.4193
0.5274
0.4233
0.5182
0.3995
0.4193
0.5274
0.4233
0.5182
0.3995
Ezell
0.6569
0.4109
0.657
0.4313
0.6601
0.5531
0.0
0.5487
0.0
0.6592
0.5185
0.0
0.5114
0.0
0.6548
0.2248
0.0
0.2196
0.0
0.6548
0.2183
0.0
0.2139
0.0
0.6548
0.0722
0.0131
0.0749
0.004
0.6548
0.0569
0.0134
0.0721
0.0042
0.6548
0.0
0.0577
0.0
0.0474
0.6038
0.0
0.0895
0.0
0.0841
0.4914
0.0536
0.0758
0.0557
0.0681
0.0499
0.0534
0.102
0.0548
0.0957
0.0513
0.0467
0.0801
0.049
0.0688
0.3943
0.0467
0.0801
0.049
0.0688
0.3943
0.0306
0.0781
0.0339
0.0663
0.5017
0.0
0.0314
0.0
0.0097
0.5591
0.0615
0.0273
0.06
0.0075
0.5699
0.0844
0.0
0.0878
0.0
0.5732
0.3618
0.0575
0.3767
0.1825
0.5745
0.3728
0.0715
0.387
0.1829
0.5745
0.4502
0.1584
0.4665
0.2584
0.5745
0.4608
0.1676
0.487
0.261
0.5745
0.5639
0.2845
0.5619
0.3885
0.5745
0.5639
0.2854
0.5619
0.3885
0.5745
0.5639
0.2854
0.5619
0.3885
0.5745
MtsuBlvdG
0.3975
0.4256
0.3974
0.4303
0.3973
0.4249
0.368
0.4271
0.3574
0.3973
0.4374
0.3695
0.4356
0.3583
0.3974
0.382
0.3991
0.3809
0.3958
0.3974
0.3804
0.3999
0.3796
0.3959
0.3974
0.3461
0.413
0.3469
0.4045
0.3974
0.3426
0.4133
0.3463
0.4047
0.3974
0.3648
0.4471
0.3671
0.4394
0.3985
0.399
0.471
0.4
0.467
0.4344
0.444
0.4607
0.4456
0.4549
0.3414
0.4438
0.4805
0.4449
0.4756
0.3415
0.4388
0.464
0.4405
0.4555
0.4221
0.4388
0.464
0.4405
0.4555
0.4221
0.4266
0.4625
0.4291
0.4535
0.4341
0.3912
0.4273
0.391
0.4098
0.4205
0.3438
0.4242
0.3436
0.4077
0.4132
0.349
0.3705
0.35
0.3305
0.4105
0.4138
0.3432
0.4176
0.3718
0.4095
0.4163
0.3464
0.4201
0.3719
0.4095
0.4338
0.3667
0.4337
0.3895
0.4095
0.4333
0.3689
0.4322
0.3901
0.4095
0.417
0.3968
0.4186
0.4204
0.4095
0.417
0.397
0.4186
0.4204
0.4095
0.417
0.397
0.4186
0.4204
0.4095
Rec
0.5243
0.4445
0.5243
0.4565
0.5253
0.504
0.2233
0.5038
0.2181
0.525
0.4984
0.224
0.4945
0.2186
0.5236
0.3359
0.2374
0.3329
0.2367
0.5236
0.3321
0.2375
0.3296
0.2367
0.5236
0.2467
0.2486
0.2484
0.241
0.5236
0.2378
0.2489
0.2468
0.2412
0.5236
0.2218
0.2842
0.2229
0.276
0.5064
0.2374
0.3094
0.2377
0.305
0.4853
0.2809
0.2985
0.2826
0.2924
0.234
0.2806
0.3193
0.2818
0.3142
0.2346
0.2753
0.3019
0.2772
0.2929
0.4352
0.2753
0.3019
0.2772
0.2929
0.4352
0.2625
0.3003
0.2651
0.2909
0.4895
0.2345
0.2632
0.2344
0.2458
0.5036
0.2406
0.26
0.2398
0.2439
0.503
0.2539
0.2245
0.256
0.2051
0.5026
0.4157
0.2383
0.4246
0.3109
0.5024
0.4222
0.2464
0.4307
0.3112
0.5024
0.4669
0.2972
0.474
0.3553
0.5024
0.4713
0.3026
0.4821
0.3568
0.5024
0.5031
0.3711
0.5034
0.4315
0.5024
0.5031
0.3716
0.5034
0.4315
0.5024
0.5031
0.3716
0.5034
0.4315
0.5024
Abernathy
0.8209
0.6044
0.821
0.6309
0.8227
0.7619
0.0389
0.7593
0.0479
0.8222
0.7354
0.0376
0.7279
0.0471
0.8198
0.3627
0.005
0.356
0.0149
0.8198
0.3543
0.0027
0.3486
0.0146
0.8198
0.1651
0.0
0.1683
0.0
0.8198
0.1452
0.0
0.1648
0.0
0.8198
0.0413
0.0227
0.0392
0.0172
0.7914
0.0053
0.0399
0.0026
0.0369
0.7049
0.0204
0.0325
0.0216
0.0283
0.1354
0.0201
0.0468
0.021
0.0432
0.1376
0.0165
0.0349
0.0178
0.0287
0.5817
0.0165
0.0349
0.0178
0.0287
0.5817
0.0076
0.0338
0.0095
0.0273
0.7171
0.0195
0.0085
0.0196
0.0
0.7653
0.151
0.0063
0.1488
0.0
0.7715
0.1809
0.0367
0.185
0.0705
0.7734
0.5409
0.146
0.5597
0.3087
0.7741
0.5553
0.1643
0.5732
0.3093
0.7741
0.6553
0.2769
0.6752
0.4073
0.7741
0.6685
0.2889
0.7006
0.4106
0.7741
0.768
0.4397
0.7669
0.5755
0.7741
0.768
0.4409
0.7669
0.5755
0.7741
0.768
0.4409
0.7669
0.5755
0.7741
MTSU
0.2086
0.4439
0.2086
0.4372
0.2059
0.3364
0.6459
0.3436
0.6277
0.2066
0.3844
0.6485
0.3867
0.6292
0.2102
0.505
0.6991
0.5069
0.6937
0.2102
0.5071
0.7004
0.5089
0.6938
0.2102
0.5551
0.713
0.5546
0.7053
0.2102
0.5604
0.7132
0.5556
0.7055
0.2102
0.6402
0.7383
0.644
0.7327
0.251
0.6988
0.7558
0.7004
0.7528
0.3993
0.7359
0.7482
0.7371
0.744
0.5634
0.7356
0.7627
0.7365
0.7591
0.5624
0.7321
0.7507
0.7333
0.7444
0.4497
0.7321
0.7507
0.7333
0.7444
0.4497
0.7231
0.7495
0.725
0.743
0.391
0.6856
0.7239
0.6852
0.7101
0.324
0.5589
0.7216
0.5597
0.7081
0.3029
0.5512
0.6503
0.5503
0.5814
0.2957
0.4595
0.5615
0.4551
0.519
0.293
0.4559
0.5566
0.4517
0.5189
0.293
0.4292
0.528
0.4167
0.4939
0.293
0.4203
0.525
0.399
0.493
0.293
0.3142
0.4872
0.3185
0.4515
0.293
0.3142
0.4869
0.3185
0.4515
0.293
0.3142
0.4869
0.3185
0.4515
0.293
Highland
0.1471
0.6109
0.147
0.5973
0.1408
0.4092
0.9513
0.4231
0.9324
0.1425
0.499
0.954
0.5051
0.934
0.151
0.7331
1.0
0.737
1.0
0.151
0.7374
1.0
0.7407
1.0
0.151
0.834
1.0
0.8325
1.0
0.151
0.8443
1.0
0.8344
1.0
0.151
0.9449
1.0
0.9484
1.0
0.2484
1.0
1.0
1.0
1.0
0.5279
1.0
1.0
1.0
1.0
0.8489
1.0
1.0
1.0
1.0
0.8479
1.0
1.0
1.0
1.0
0.6211
1.0
1.0
1.0
1.0
0.6211
1.0
1.0
1.0
1.0
0.514
0.9931
1.0
0.9925
1.0
0.387
0.841
1.0
0.842
1.0
0.3485
0.8258
0.9551
0.8235
0.8838
0.3359
0.6429
0.8457
0.6328
0.7623
0.331
0.6357
0.8362
0.626
0.762
0.331
0.5828
0.7791
0.5605
0.7123
0.331
0.5675
0.773
0.5306
0.7106
0.331
0.3694
0.6957
0.3769
0.6263
0.331
0.3694
0.695
0.3769
0.6263
0.331
0.3694
0.695
0.3769
0.6263
0.331
MEC
0.1304
0.5446
0.1303
0.5313
0.125
0.3585
0.8848
0.371
0.8644
0.1264
0.4387
0.8876
0.4442
0.8661
0.1336
0.6643
0.9401
0.6681
0.9373
0.1336
0.6686
0.9407
0.6718
0.9374
0.1336
0.7632
0.946
0.7618
0.9429
0.1336
0.7733
0.9461
0.7636
0.943
0.1336
0.8779
0.9548
0.8816
0.9529
0.2158
0.94
0.9609
0.9407
0.9599
0.465
0.9541
0.9583
0.9544
0.9568
0.7778
0.9542
0.9632
0.9543
0.9621
0.7768
0.953
0.959
0.9533
0.957
0.5545
0.953
0.959
0.9533
0.957
0.5545
0.95
0.9587
0.9506
0.9565
0.4522
0.9297
0.9498
0.9291
0.9449
0.3387
0.77
0.9491
0.771
0.9441
0.3044
0.7551
0.8888
0.7529
0.8122
0.2932
0.576
0.7748
0.5661
0.693
0.2888
0.5689
0.7655
0.5594
0.6927
0.2888
0.5172
0.7095
0.496
0.6441
0.2888
0.5027
0.7036
0.4677
0.6424
0.2888
0.3231
0.6277
0.3298
0.5598
0.2888
0.3231
0.6271
0.3298
0.5598
0.2888
0.3231
0.6271
0.3298
0.5598
0.2888
Jackson
0.115
0.5499
0.1149
0.5356
0.1094
0.3537
0.9125
0.3667
0.8916
0.1109
0.4375
0.9154
0.4434
0.8933
0.1184
0.6788
0.9694
0.6829
0.9666
0.1184
0.6834
0.9701
0.6869
0.9667
0.1184
0.7852
0.975
0.7837
0.9721
0.1184
0.7961
0.9751
0.7856
0.9722
0.1184
0.9055
0.9825
0.9093
0.9809
0.2049
0.9693
0.9877
0.97
0.9868
0.4656
0.9819
0.9855
0.9822
0.9842
0.801
0.9819
0.9897
0.9821
0.9887
0.7999
0.9809
0.9861
0.9812
0.9844
0.5607
0.9809
0.9861
0.9812
0.9844
0.5607
0.9784
0.9858
0.9789
0.984
0.4519
0.9586
0.9783
0.958
0.9739
0.3331
0.7926
0.9777
0.7937
0.9733
0.2974
0.7766
0.9168
0.7742
0.8379
0.2857
0.5837
0.7976
0.5731
0.7096
0.2811
0.576
0.7877
0.5659
0.7093
0.2811
0.5205
0.7274
0.4981
0.6569
0.2811
0.5052
0.721
0.4684
0.6551
0.2811
0.3168
0.6394
0.3238
0.5662
0.2811
0.3168
0.6388
0.3238
0.5662
0.2811
0.3168
0.6388
0.3238
0.5662
0.2811
Livestock
0.0824
0.0691
0.0825
0.062
0.085
0.0335
0.3113
0.0332
0.2837
0.0843
0.0324
0.3152
0.0319
0.286
0.0808
0.1329
0.406
0.135
0.3843
0.0808
0.1351
0.4109
0.137
0.3849
0.0808
0.1855
0.4537
0.1849
0.4282
0.0808
0.1909
0.4545
0.1858
0.4288
0.0808
0.3026
0.5276
0.308
0.5114
0.041
0.4052
0.5787
0.4107
0.5702
0.035
0.5213
0.5567
0.5242
0.5446
0.1938
0.5215
0.5984
0.5232
0.5887
0.193
0.5114
0.5632
0.5146
0.5457
0.0749
0.5114
0.5632
0.5146
0.5457
0.0749
0.4865
0.5602
0.4912
0.5419
0.0319
0.3721
0.4852
0.3713
0.4442
0.0337
0.1893
0.4789
0.1901
0.438
0.0341
0.1813
0.3169
0.1803
0.2133
0.034
0.0855
0.1919
0.0807
0.1478
0.034
0.0817
0.1869
0.0772
0.1476
0.034
0.0547
0.1569
0.0466
0.1215
0.034
0.0491
0.1538
0.0355
0.1207
0.034
0.0338
0.114
0.0338
0.0771
0.034
0.0338
0.1137
0.0338
0.0771
0.034
0.0338
0.1137
0.0338
0.0771
0.034
Greenhouse
0.2661
0.138
0.2661
0.1404
0.2695
0.1742
0.1579
0.1712
0.1387
0.2686
0.155
0.1607
0.1517
0.1403
0.2639
0.1155
0.2252
0.1148
0.209
0.2639
0.1146
0.229
0.1142
0.2094
0.2639
0.0967
0.2653
0.0971
0.2432
0.2639
0.0949
0.2661
0.0968
0.2437
0.2639
0.1521
0.3356
0.156
0.32
0.2096
0.2248
0.3844
0.2289
0.3762
0.1459
0.3296
0.3633
0.3324
0.3517
0.0946
0.3297
0.4033
0.3314
0.3939
0.0944
0.3198
0.3696
0.3229
0.3528
0.1366
0.3198
0.3696
0.3229
0.3528
0.1366
0.2958
0.3667
0.3004
0.3491
0.1481
0.2004
0.2951
0.1998
0.257
0.1782
0.0956
0.2889
0.0955
0.2516
0.185
0.0982
0.1619
0.0988
0.0897
0.1871
0.1317
0.0953
0.1339
0.1097
0.1879
0.1331
0.0968
0.1352
0.1098
0.1879
0.1423
0.1074
0.1435
0.1189
0.1879
0.1428
0.1085
0.1442
0.1192
0.1879
0.1812
0.1234
0.1799
0.1352
0.1879
0.1812
0.1235
0.1799
0.1352
0.1879
0.1812
0.1235
0.1799
0.1352
0.1879
ChampionWayG
0.179
0.0
0.179
0.0
0.1839
0.0414
0.0886
0.0367
0.0643
0.1826
0.0108
0.092
0.0073
0.0663
0.176
0.0
0.176
0.0
0.1532
0.176
0.0
0.1812
0.0
0.1537
0.176
0.0
0.229
0.0
0.2003
0.176
0.0
0.2299
0.0
0.201
0.176
0.0809
0.3159
0.0855
0.2967
0.0989
0.1755
0.3763
0.181
0.3663
0.0
0.3086
0.3502
0.3119
0.336
0.0
0.3091
0.3993
0.311
0.388
0.0
0.2971
0.3576
0.3008
0.3373
0.0
0.2971
0.3576
0.3008
0.3373
0.0
0.2679
0.3541
0.2733
0.3328
0.0032
0.143
0.2655
0.1421
0.2182
0.0486
0.0
0.258
0.0
0.2113
0.0606
0.0
0.0926
0.0
0.0019
0.0645
0.0
0.0
0.0
0.0
0.066
0.0
0.0
0.0
0.0
0.066
0.0
0.0
0.0
0.0
0.066
0.0
0.0
0.0
0.0
0.066
0.054
0.0
0.0515
0.0
0.066
0.054
0.0
0.0515
0.0
0.066
0.054
0.0
0.0515
0.0
0.066
Greenland
0.048
0.0445
0.048
0.0358
0.0506
0.0
0.3238
0.0
0.2945
0.0499
0.0
0.3279
0.0
0.297
0.0464
0.1222
0.4241
0.1247
0.4009
0.0464
0.1249
0.4293
0.1271
0.4015
0.0464
0.1864
0.4743
0.1856
0.4476
0.0464
0.1929
0.4752
0.1867
0.4482
0.0464
0.3142
0.5507
0.3198
0.5339
0.0055
0.4234
0.6036
0.4291
0.5948
0.0032
0.5444
0.5808
0.5473
0.5683
0.196
0.5449
0.6238
0.5465
0.6139
0.1953
0.5344
0.5873
0.5377
0.5695
0.051
0.5344
0.5873
0.5377
0.5695
0.051
0.509
0.5843
0.5137
0.5657
0.0
0.3887
0.5068
0.3879
0.4644
0.0
0.1908
0.5003
0.1916
0.458
0.0
0.1811
0.329
0.1798
0.2195
0.0
0.0648
0.1938
0.0585
0.1408
0.0
0.0602
0.1879
0.0542
0.1406
0.0
0.0273
0.1515
0.0177
0.1091
0.0
0.0209
0.1477
0.0051
0.108
0.0
0.0
0.0985
0.0
0.0544
0.0
0.0
0.0981
0.0
0.0544
0.0
0.0
0.0981
0.0
0.0544
0.0
MiddleTN
0.0146
0.1318
0.0146
0.1195
0.0153
0.0373
0.4858
0.0408
0.4561
0.0151
0.0595
0.49
0.0615
0.4586
0.0142
0.2425
0.5841
0.2461
0.5638
0.0142
0.2464
0.5887
0.2495
0.5643
0.0142
0.3338
0.627
0.3327
0.6044
0.0142
0.3431
0.6278
0.3343
0.6049
0.0142
0.476
0.69
0.4817
0.6762
0.0036
0.5835
0.7336
0.5885
0.7263
0.0708
0.6849
0.7148
0.6872
0.7045
0.3475
0.6853
0.7502
0.6866
0.7421
0.3466
0.6767
0.7202
0.6793
0.7056
0.1411
0.6767
0.7202
0.6793
0.7056
0.1411
0.6557
0.7178
0.6597
0.7024
0.064
0.5515
0.654
0.5507
0.6187
0.032
0.3401
0.6487
0.3412
0.6133
0.0229
0.3264
0.4915
0.3245
0.3801
0.02
0.1608
0.3447
0.1518
0.269
0.0188
0.1542
0.3361
0.1457
0.2687
0.0188
0.1073
0.2844
0.0927
0.2238
0.0188
0.0975
0.279
0.0735
0.2223
0.0188
0.0279
0.2089
0.0297
0.146
0.0188
0.0279
0.2084
0.0297
0.146
0.0188
0.0279
0.2084
0.0297
0.146
0.0188
