Rose
0.0381
0.1714
0.0382
0.1669
0.0423
0.1111
0.3233
0.1157
0.3144
0.0411
0.1375
0.3246
0.1400
0.3151
0.0357
0.2098
0.3586
0.2110
0.3479
0.0357
0.2111
0.3612
0.2121
0.3482
0.0357
0.2657
0.3808
0.2651
0.3691
0.0357
0.2715
0.3812
0.2661
0.3694
0.0357
0.3202
0.4142
0.3219
0.4060
0.0332
0.3583
0.4437
0.3610
0.4384
0.1475
0.4115
0.4303
0.4127
0.4234
0.2740
0.4120
0.4569
0.4126
0.4504
0.2735
0.4068
0.4340
0.4084
0.4242
0.1748
0.4068
0.4340
0.4084
0.4242
0.1748
0.3958
0.4325
0.3977
0.4223
0.1430
0.3438
0.3945
0.3437
0.3765
0.1035
0.2695
0.3919
0.2702
0.3739
0.0889
0.2611
0.3252
0.2599
0.2924
0.0836
0.1819
0.2725
0.1786
0.2234
0.0814
0.1795
0.2673
0.1764
0.2232
0.0814
0.1624
0.2341
0.1568
0.2037
0.0814
0.1588
0.2304
0.1485
0.2031
0.0814
0.0972
0.1987
0.1001
0.1766
0.0814
0.0972
0.1986
0.1001
0.1766
0.0814
0.0972
0.1986
0.1001
0.1766
0.0814
FairView
0.0381
0.1714
0.0382
0.1669
0.0423
0.1111
0.3233
0.1157
0.3144
0.0411
0.1375
0.3246
0.1400
0.3151
0.0357
0.2098
0.3586
0.2110
0.3479
0.0357
0.2111
0.3612
0.2121
0.3482
0.0357
0.2657
0.3808
0.2651
0.3691
0.0357
0.2715
0.3812
0.2661
0.3694
0.0357
0.3202
0.4142
0.3219
0.4060
0.0332
0.3583
0.4437
0.3610
0.4384
0.1475
0.4115
0.4303
0.4127
0.4234
0.2740
0.4120
0.4569
0.4126
0.4504
0.2735
0.4068
0.4340
0.4084
0.4242
0.1748
0.4068
0.4340
0.4084
0.4242
0.1748
0.3958
0.4325
0.3977
0.4223
0.1430
0.3438
0.3945
0.3437
0.3765
0.1035
0.2695
0.3919
0.2702
0.3739
0.0889
0.2611
0.3252
0.2599
0.2924
0.0836
0.1819
0.2725
0.1786
0.2234
0.0814
0.1795
0.2673
0.1764
0.2232
0.0814
0.1624
0.2341
0.1568
0.2037
0.0814
0.1588
0.2304
0.1485
0.2031
0.0814
0.0972
0.1987
0.1001
0.1766
0.0814
0.0972
0.1986
0.1001
0.1766
0.0814
0.0972
0.1986
0.1001
0.1766
0.0814
Bell
0.0381
0.1714
0.0382
0.1669
0.0423
0.1111
0.3233
0.1157
0.3144
0.0411
0.1375
0.3246
0.1400
0.3151
0.0357
0.2098
0.3586
0.2110
0.3479
0.0357
0.2111
0.3612
0.2121
0.3482
0.0357
0.2657
0.3808
0.2651
0.3691
0.0357
0.2715
0.3812
0.2661
0.3694
0.0357
0.3202
0.4142
0.3219
0.4060
0.0332
0.3583
0.4437
0.3610
0.4384
0.1475
0.4115
0.4303
0.4127
0.4234
0.2740
0.4120
0.4569
0.4126
0.4504
0.2735
0.4068
0.4340
0.4084
0.4242
0.1748
0.4068
0.4340
0.4084
0.4242
0.1748
0.3958
0.4325
0.3977
0.4223
0.1430
0.3438
0.3945
0.3437
0.3765
0.1035
0.2695
0.3919
0.2702
0.3739
0.0889
0.2611
0.3252
0.2599
0.2924
0.0836
0.1819
0.2725
0.1786
0.2234
0.0814
0.1795
0.2673
0.1764
0.2232
0.0814
0.1624
0.2341
0.1568
0.2037
0.0814
0.1588
0.2304
0.1485
0.2031
0.0814
0.0972
0.1987
0.1001
0.1766
0.0814
0.0972
0.1986
0.1001
0.1766
0.0814
0.0972
0.1986
0.1001
0.1766
0.0814
IngramN
0.0381
0.1714
0.0382
0.1669
0.0423
0.1111
0.3233
0.1157
0.3144
0.0411
0.1375
0.3246
0.1400
0.3151
0.0357
0.2098
0.3586
0.2110
0.3479
0.0357
0.2111
0.3612
0.2121
0.3482
0.0357
0.2657
0.3808
0.2651
0.3691
0.0357
0.2715
0.3812
0.2661
0.3694
0.0357
0.3202
0.4142
0.3219
0.4060
0.0332
0.3583
0.4437
0.3610
0.4384
0.1475
0.4115
0.4303
0.4127
0.4234
0.2740
0.4120
0.4569
0.4126
0.4504
0.2735
0.4068
0.4340
0.4084
0.4242
0.1748
0.4068
0.4340
0.4084
0.4242
0.1748
0.3958
0.4325
0.3977
0.4223
0.1430
0.3438
0.3945
0.3437
0.3765
0.1035
0.2695
0.3919
0.2702
0.3739
0.0889
0.2611
0.3252
0.2599
0.2924
0.0836
0.1819
0.2725
0.1786
0.2234
0.0814
0.1795
0.2673
0.1764
0.2232
0.0814
0.1624
0.2341
0.1568
0.2037
0.0814
0.1588
0.2304
0.1485
0.2031
0.0814
0.0972
0.1987
0.1001
0.1766
0.0814
0.0972
0.1986
0.1001
0.1766
0.0814
0.0972
0.1986
0.1001
0.1766
0.0814
IngramS
0.0381
0.1714
0.0382
0.1669
0.0423
0.1111
0.3233
0.1157
0.3144
0.0411
0.1375
0.3246
0.1400
0.3151
0.0357
0.2098
0.3586
0.2110
0.3479
0.0357
0.2111
0.3612
0.2121
0.3482
0.0357
0.2657
0.3808
0.2651
0.3691
0.0357
0.2715
0.3812
0.2661
0.3694
0.0357
0.3202
0.4142
0.3219
0.4060
0.0332
0.3583
0.4437
0.3610
0.4384
0.1475
0.4115
0.4303
0.4127
0.4234
0.2740
0.4120
0.4569
0.4126
0.4504
0.2735
0.4068
0.4340
0.4084
0.4242
0.1748
0.4068
0.4340
0.4084
0.4242
0.1748
0.3958
0.4325
0.3977
0.4223
0.1430
0.3438
0.3945
0.3437
0.3765
0.1035
0.2695
0.3919
0.2702
0.3739
0.0889
0.2611
0.3252
0.2599
0.2924
0.0836
0.1819
0.2725
0.1786
0.2234
0.0814
0.1795
0.2673
0.1764
0.2232
0.0814
0.1624
0.2341
0.1568
0.2037
0.0814
0.1588
0.2304
0.1485
0.2031
0.0814
0.0972
0.1987
0.1001
0.1766
0.0814
0.0972
0.1986
0.1001
0.1766
0.0814
0.0972
0.1986
0.1001
0.1766
0.0814
ParkingServ
0.0381
0.1714
0.0382
0.1669
0.0423
0.1111
0.3233
0.1157
0.3144
0.0411
0.1375
0.3246
0.1400
0.3151
0.0357
0.2098
0.3586
0.2110
0.3479
0.0357
0.2111
0.3612
0.2121
0.3482
0.0357
0.2657
0.3808
0.2651
0.3691
0.0357
0.2715
0.3812
0.2661
0.3694
0.0357
0.3202
0.4142
0.3219
0.4060
0.0332
0.3583
0.4437
0.3610
0.4384
0.1475
0.4115
0.4303
0.4127
0.4234
0.2740
0.4120
0.4569
0.4126
0.4504
0.2735
0.4068
0.4340
0.4084
0.4242
0.1748
0.4068
0.4340
0.4084
0.4242
0.1748
0.3958
0.4325
0.3977
0.4223
0.1430
0.3438
0.3945
0.3437
0.3765
0.1035
0.2695
0.3919
0.2702
0.3739
0.0889
0.2611
0.3252
0.2599
0.2924
0.0836
0.1819
0.2725
0.1786
0.2234
0.0814
0.1795
0.2673
0.1764
0.2232
0.0814
0.1624
0.2341
0.1568
0.2037
0.0814
0.1588
0.2304
0.1485
0.2031
0.0814
0.0972
0.1987
0.1001
0.1766
0.0814
0.0972
0.1986
0.1001
0.1766
0.0814
0.0972
0.1986
0.1001
0.1766
0.0814
MainSt
0.0381
0.1714
0.0382
0.1669
0.0423
0.1111
0.3233
0.1157
0.3144
0.0411
0.1375
0.3246
0.1400
0.3151
0.0357
0.2098
0.3586
0.2110
0.3479
0.0357
0.2111
0.3612
0.2121
0.3482
0.0357
0.2657
0.3808
0.2651
0.3691
0.0357
0.2715
0.3812
0.2661
0.3694
0.0357
0.3202
0.4142
0.3219
0.4060
0.0332
0.3583
0.4437
0.3610
0.4384
0.1475
0.4115
0.4303
0.4127
0.4234
0.2740
0.4120
0.4569
0.4126
0.4504
0.2735
0.4068
0.4340
0.4084
0.4242
0.1748
0.4068
0.4340
0.4084
0.4242
0.1748
0.3958
0.4325
0.3977
0.4223
0.1430
0.3438
0.3945
0.3437
0.3765
0.1035
0.2695
0.3919
0.2702
0.3739
0.0889
0.2611
0.3252
0.2599
0.2924
0.0836
0.1819
0.2725
0.1786
0.2234
0.0814
0.1795
0.2673
0.1764
0.2232
0.0814
0.1624
0.2341
0.1568
0.2037
0.0814
0.1588
0.2304
0.1485
0.2031
0.0814
0.0972
0.1987
0.1001
0.1766
0.0814
0.0972
0.1986
0.1001
0.1766
0.0814
0.0972
0.1986
0.1001
0.1766
0.0814
PublicSafety
0.0381
0.1714
0.0382
0.1669
0.0423
0.1111
0.3233
0.1157
0.3144
0.0411
0.1375
0.3246
0.1400
0.3151
0.0357
0.2098
0.3586
0.2110
0.3479
0.0357
0.2111
0.3612
0.2121
0.3482
0.0357
0.2657
0.3808
0.2651
0.3691
0.0357
0.2715
0.3812
0.2661
0.3694
0.0357
0.3202
0.4142
0.3219
0.4060
0.0332
0.3583
0.4437
0.3610
0.4384
0.1475
0.4115
0.4303
0.4127
0.4234
0.2740
0.4120
0.4569
0.4126
0.4504
0.2735
0.4068
0.4340
0.4084
0.4242
0.1748
0.4068
0.4340
0.4084
0.4242
0.1748
0.3958
0.4325
0.3977
0.4223
0.1430
0.3438
0.3945
0.3437
0.3765
0.1035
0.2695
0.3919
0.2702
0.3739
0.0889
0.2611
0.3252
0.2599
0.2924
0.0836
0.1819
0.2725
0.1786
0.2234
0.0814
0.1795
0.2673
0.1764
0.2232
0.0814
0.1624
0.2341
0.1568
0.2037
0.0814
0.1588
0.2304
0.1485
0.2031
0.0814
0.0972
0.1987
0.1001
0.1766
0.0814
0.0972
0.1986
0.1001
0.1766
0.0814
0.0972
0.1986
0.1001
0.1766
0.0814
CollegeHeights
0.0381
0.1714
0.0382
0.1669
0.0423
0.1111
0.3233
0.1157
0.3144
0.0411
0.1375
0.3246
0.1400
0.3151
0.0357
0.2098
0.3586
0.2110
0.3479
0.0357
0.2111
0.3612
0.2121
0.3482
0.0357
0.2657
0.3808
0.2651
0.3691
0.0357
0.2715
0.3812
0.2661
0.3694
0.0357
0.3202
0.4142
0.3219
0.4060
0.0332
0.3583
0.4437
0.3610
0.4384
0.1475
0.4115
0.4303
0.4127
0.4234
0.2740
0.4120
0.4569
0.4126
0.4504
0.2735
0.4068
0.4340
0.4084
0.4242
0.1748
0.4068
0.4340
0.4084
0.4242
0.1748
0.3958
0.4325
0.3977
0.4223
0.1430
0.3438
0.3945
0.3437
0.3765
0.1035
0.2695
0.3919
0.2702
0.3739
0.0889
0.2611
0.3252
0.2599
0.2924
0.0836
0.1819
0.2725
0.1786
0.2234
0.0814
0.1795
0.2673
0.1764
0.2232
0.0814
0.1624
0.2341
0.1568
0.2037
0.0814
0.1588
0.2304
0.1485
0.2031
0.0814
0.0972
0.1987
0.1001
0.1766
0.0814
0.0972
0.1986
0.1001
0.1766
0.0814
0.0972
0.1986
0.1001
0.1766
0.0814
SportsPlex
0.0381
0.1714
0.0382
0.1669
0.0423
0.1111
0.3233
0.1157
0.3144
0.0411
0.1375
0.3246
0.1400
0.3151
0.0357
0.2098
0.3586
0.2110
0.3479
0.0357
0.2111
0.3612
0.2121
0.3482
0.0357
0.2657
0.3808
0.2651
0.3691
0.0357
0.2715
0.3812
0.2661
0.3694
0.0357
0.3202
0.4142
0.3219
0.4060
0.0332
0.3583
0.4437
0.3610
0.4384
0.1475
0.4115
0.4303
0.4127
0.4234
0.2740
0.4120
0.4569
0.4126
0.4504
0.2735
0.4068
0.4340
0.4084
0.4242
0.1748
0.4068
0.4340
0.4084
0.4242
0.1748
0.3958
0.4325
0.3977
0.4223
0.1430
0.3438
0.3945
0.3437
0.3765
0.1035
0.2695
0.3919
0.2702
0.3739
0.0889
0.2611
0.3252
0.2599
0.2924
0.0836
0.1819
0.2725
0.1786
0.2234
0.0814
0.1795
0.2673
0.1764
0.2232
0.0814
0.1624
0.2341
0.1568
0.2037
0.0814
0.1588
0.2304
0.1485
0.2031
0.0814
0.0972
0.1987
0.1001
0.1766
0.0814
0.0972
0.1986
0.1001
0.1766
0.0814
0.0972
0.1986
0.1001
0.1766
0.0814
CityView
0.0381
0.1714
0.0382
0.1669
0.0423
0.1111
0.3233
0.1157
0.3144
0.0411
0.1375
0.3246
0.1400
0.3151
0.0357
0.2098
0.3586
0.2110
0.3479
0.0357
0.2111
0.3612
0.2121
0.3482
0.0357
0.2657
0.3808
0.2651
0.3691
0.0357
0.2715
0.3812
0.2661
0.3694
0.0357
0.3202
0.4142
0.3219
0.4060
0.0332
0.3583
0.4437
0.3610
0.4384
0.1475
0.4115
0.4303
0.4127
0.4234
0.2740
0.4120
0.4569
0.4126
0.4504
0.2735
0.4068
0.4340
0.4084
0.4242
0.1748
0.4068
0.4340
0.4084
0.4242
0.1748
0.3958
0.4325
0.3977
0.4223
0.1430
0.3438
0.3945
0.3437
0.3765
0.1035
0.2695
0.3919
0.2702
0.3739
0.0889
0.2611
0.3252
0.2599
0.2924
0.0836
0.1819
0.2725
0.1786
0.2234
0.0814
0.1795
0.2673
0.1764
0.2232
0.0814
0.1624
0.2341
0.1568
0.2037
0.0814
0.1588
0.2304
0.1485
0.2031
0.0814
0.0972
0.1987
0.1001
0.1766
0.0814
0.0972
0.1986
0.1001
0.1766
0.0814
0.0972
0.1986
0.1001
0.1766
0.0814
GreekRow
0.0381
0.1714
0.0382
0.1669
0.0423
0.1111
0.3233
0.1157
0.3144
0.0411
0.1375
0.3246
0.1400
0.3151
0.0357
0.2098
0.3586
0.2110
0.3479
0.0357
0.2111
0.3612
0.2121
0.3482
0.0357
0.2657
0.3808
0.2651
0.3691
0.0357
0.2715
0.3812
0.2661
0.3694
0.0357
0.3202
0.4142
0.3219
0.4060
0.0332
0.3583
0.4437
0.3610
0.4384
0.1475
0.4115
0.4303
0.4127
0.4234
0.2740
0.4120
0.4569
0.4126
0.4504
0.2735
0.4068
0.4340
0.4084
0.4242
0.1748
0.4068
0.4340
0.4084
0.4242
0.1748
0.3958
0.4325
0.3977
0.4223
0.1430
0.3438
0.3945
0.3437
0.3765
0.1035
0.2695
0.3919
0.2702
0.3739
0.0889
0.2611
0.3252
0.2599
0.2924
0.0836
0.1819
0.2725
0.1786
0.2234
0.0814
0.1795
0.2673
0.1764
0.2232
0.0814
0.1624
0.2341
0.1568
0.2037
0.0814
0.1588
0.2304
0.1485
0.2031
0.0814
0.0972
0.1987
0.1001
0.1766
0.0814
0.0972
0.1986
0.1001
0.1766
0.0814
0.0972
0.1986
0.1001
0.1766
0.0814
Rutherford
0.0381
0.1714
0.0382
0.1669
0.0423
0.1111
0.3233
0.1157
0.3144
0.0411
0.1375
0.3246
0.1400
0.3151
0.0357
0.2098
0.3586
0.2110
0.3479
0.0357
0.2111
0.3612
0.2121
0.3482
0.0357
0.2657
0.3808
0.2651
0.3691
0.0357
0.2715
0.3812
0.2661
0.3694
0.0357
0.3202
0.4142
0.3219
0.4060
0.0332
0.3583
0.4437
0.3610
0.4384
0.1475
0.4115
0.4303
0.4127
0.4234
0.2740
0.4120
0.4569
0.4126
0.4504
0.2735
0.4068
0.4340
0.4084
0.4242
0.1748
0.4068
0.4340
0.4084
0.4242
0.1748
0.3958
0.4325
0.3977
0.4223
0.1430
0.3438
0.3945
0.3437
0.3765
0.1035
0.2695
0.3919
0.2702
0.3739
0.0889
0.2611
0.3252
0.2599
0.2924
0.0836
0.1819
0.2725
0.1786
0.2234
0.0814
0.1795
0.2673
0.1764
0.2232
0.0814
0.1624
0.2341
0.1568
0.2037
0.0814
0.1588
0.2304
0.1485
0.2031
0.0814
0.0972
0.1987
0.1001
0.1766
0.0814
0.0972
0.1986
0.1001
0.1766
0.0814
0.0972
0.1986
0.1001
0.1766
0.0814
Softball
0.0381
0.1714
0.0382
0.1669
0.0423
0.1111
0.3233
0.1157
0.3144
0.0411
0.1375
0.3246
0.1400
0.3151
0.0357
0.2098
0.3586
0.2110
0.3479
0.0357
0.2111
0.3612
0.2121
0.3482
0.0357
0.2657
0.3808
0.2651
0.3691
0.0357
0.2715
0.3812
0.2661
0.3694
0.0357
0.3202
0.4142
0.3219
0.4060
0.0332
0.3583
0.4437
0.3610
0.4384
0.1475
0.4115
0.4303
0.4127
0.4234
0.2740
0.4120
0.4569
0.4126
0.4504
0.2735
0.4068
0.4340
0.4084
0.4242
0.1748
0.4068
0.4340
0.4084
0.4242
0.1748
0.3958
0.4325
0.3977
0.4223
0.1430
0.3438
0.3945
0.3437
0.3765
0.1035
0.2695
0.3919
0.2702
0.3739
0.0889
0.2611
0.3252
0.2599
0.2924
0.0836
0.1819
0.2725
0.1786
0.2234
0.0814
0.1795
0.2673
0.1764
0.2232
0.0814
0.1624
0.2341
0.1568
0.2037
0.0814
0.1588
0.2304
0.1485
0.2031
0.0814
0.0972
0.1987
0.1001
0.1766
0.0814
0.0972
0.1986
0.1001
0.1766
0.0814
0.0972
0.1986
0.1001
0.1766
0.0814
Ezell
0.0381
0.1714
0.0382
0.1669
0.0423
0.1111
0.3233
0.1157
0.3144
0.0411
0.1375
0.3246
0.1400
0.3151
0.0357
0.2098
0.3586
0.2110
0.3479
0.0357
0.2111
0.3612
0.2121
0.3482
0.0357
0.2657
0.3808
0.2651
0.3691
0.0357
0.2715
0.3812
0.2661
0.3694
0.0357
0.3202
0.4142
0.3219
0.4060
0.0332
0.3583
0.4437
0.3610
0.4384
0.1475
0.4115
0.4303
0.4127
0.4234
0.2740
0.4120
0.4569
0.4126
0.4504
0.2735
0.4068
0.4340
0.4084
0.4242
0.1748
0.4068
0.4340
0.4084
0.4242
0.1748
0.3958
0.4325
0.3977
0.4223
0.1430
0.3438
0.3945
0.3437
0.3765
0.1035
0.2695
0.3919
0.2702
0.3739
0.0889
0.2611
0.3252
0.2599
0.2924
0.0836
0.1819
0.2725
0.1786
0.2234
0.0814
0.1795
0.2673
0.1764
0.2232
0.0814
0.1624
0.2341
0.1568
0.2037
0.0814
0.1588
0.2304
0.1485
0.2031
0.0814
0.0972
0.1987
0.1001
0.1766
0.0814
0.0972
0.1986
0.1001
0.1766
0.0814
0.0972
0.1986
0.1001
0.1766
0.0814
MtsuBlvdG
0.0381
0.1714
0.0382
0.1669
0.0423
0.1111
0.3233
0.1157
0.3144
0.0411
0.1375
0.3246
0.1400
0.3151
0.0357
0.2098
0.3586
0.2110
0.3479
0.0357
0.2111
0.3612
0.2121
0.3482
0.0357
0.2657
0.3808
0.2651
0.3691
0.0357
0.2715
0.3812
0.2661
0.3694
0.0357
0.3202
0.4142
0.3219
0.4060
0.0332
0.3583
0.4437
0.3610
0.4384
0.1475
0.4115
0.4303
0.4127
0.4234
0.2740
0.4120
0.4569
0.4126
0.4504
0.2735
0.4068
0.4340
0.4084
0.4242
0.1748
0.4068
0.4340
0.4084
0.4242
0.1748
0.3958
0.4325
0.3977
0.4223
0.1430
0.3438
0.3945
0.3437
0.3765
0.1035
0.2695
0.3919
0.2702
0.3739
0.0889
0.2611
0.3252
0.2599
0.2924
0.0836
0.1819
0.2725
0.1786
0.2234
0.0814
0.1795
0.2673
0.1764
0.2232
0.0814
0.1624
0.2341
0.1568
0.2037
0.0814
0.1588
0.2304
0.1485
0.2031
0.0814
0.0972
0.1987
0.1001
0.1766
0.0814
0.0972
0.1986
0.1001
0.1766
0.0814
0.0972
0.1986
0.1001
0.1766
0.0814
Rec
0.0381
0.1714
0.0382
0.1669
0.0423
0.1111
0.3233
0.1157
0.3144
0.0411
0.1375
0.3246
0.1400
0.3151
0.0357
0.2098
0.3586
0.2110
0.3479
0.0357
0.2111
0.3612
0.2121
0.3482
0.0357
0.2657
0.3808
0.2651
0.3691
0.0357
0.2715
0.3812
0.2661
0.3694
0.0357
0.3202
0.4142
0.3219
0.4060
0.0332
0.3583
0.4437
0.3610
0.4384
0.1475
0.4115
0.4303
0.4127
0.4234
0.2740
0.4120
0.4569
0.4126
0.4504
0.2735
0.4068
0.4340
0.4084
0.4242
0.1748
0.4068
0.4340
0.4084
0.4242
0.1748
0.3958
0.4325
0.3977
0.4223
0.1430
0.3438
0.3945
0.3437
0.3765
0.1035
0.2695
0.3919
0.2702
0.3739
0.0889
0.2611
0.3252
0.2599
0.2924
0.0836
0.1819
0.2725
0.1786
0.2234
0.0814
0.1795
0.2673
0.1764
0.2232
0.0814
0.1624
0.2341
0.1568
0.2037
0.0814
0.1588
0.2304
0.1485
0.2031
0.0814
0.0972
0.1987
0.1001
0.1766
0.0814
0.0972
0.1986
0.1001
0.1766
0.0814
0.0972
0.1986
0.1001
0.1766
0.0814
Abernathy
0.0381
0.1714
0.0382
0.1669
0.0423
0.1111
0.3233
0.1157
0.3144
0.0411
0.1375
0.3246
0.1400
0.3151
0.0357
0.2098
0.3586
0.2110
0.3479
0.0357
0.2111
0.3612
0.2121
0.3482
0.0357
0.2657
0.3808
0.2651
0.3691
0.0357
0.2715
0.3812
0.2661
0.3694
0.0357
0.3202
0.4142
0.3219
0.4060
0.0332
0.3583
0.4437
0.3610
0.4384
0.1475
0.4115
0.4303
0.4127
0.4234
0.2740
0.4120
0.4569
0.4126
0.4504
0.2735
0.4068
0.4340
0.4084
0.4242
0.1748
0.4068
0.4340
0.4084
0.4242
0.1748
0.3958
0.4325
0.3977
0.4223
0.1430
0.3438
0.3945
0.3437
0.3765
0.1035
0.2695
0.3919
0.2702
0.3739
0.0889
0.2611
0.3252
0.2599
0.2924
0.0836
0.1819
0.2725
0.1786
0.2234
0.0814
0.1795
0.2673
0.1764
0.2232
0.0814
0.1624
0.2341
0.1568
0.2037
0.0814
0.1588
0.2304
0.1485
0.2031
0.0814
0.0972
0.1987
0.1001
0.1766
0.0814
0.0972
0.1986
0.1001
0.1766
0.0814
0.0972
0.1986
0.1001
0.1766
0.0814
MTSU
0.0381
0.1714
0.0382
0.1669
0.0423
0.1111
0.3233
0.1157
0.3144
0.0411
0.1375
0.3246
0.1400
0.3151
0.0357
0.2098
0.3586
0.2110
0.3479
0.0357
0.2111
0.3612
0.2121
0.3482
0.0357
0.2657
0.3808
0.2651
0.3691
0.0357
0.2715
0.3812
0.2661
0.3694
0.0357
0.3202
0.4142
0.3219
0.4060
0.0332
0.3583
0.4437
0.3610
0.4384
0.1475
0.4115
0.4303
0.4127
0.4234
0.2740
0.4120
0.4569
0.4126
0.4504
0.2735
0.4068
0.4340
0.4084
0.4242
0.1748
0.4068
0.4340
0.4084
0.4242
0.1748
0.3958
0.4325
0.3977
0.4223
0.1430
0.3438
0.3945
0.3437
0.3765
0.1035
0.2695
0.3919
0.2702
0.3739
0.0889
0.2611
0.3252
0.2599
0.2924
0.0836
0.1819
0.2725
0.1786
0.2234
0.0814
0.1795
0.2673
0.1764
0.2232
0.0814
0.1624
0.2341
0.1568
0.2037
0.0814
0.1588
0.2304
0.1485
0.2031
0.0814
0.0972
0.1987
0.1001
0.1766
0.0814
0.0972
0.1986
0.1001
0.1766
0.0814
0.0972
0.1986
0.1001
0.1766
0.0814
Highland
0.0381
0.1714
0.0382
0.1669
0.0423
0.1111
0.3233
0.1157
0.3144
0.0411
0.1375
0.3246
0.1400
0.3151
0.0357
0.2098
0.3586
0.2110
0.3479
0.0357
0.2111
0.3612
0.2121
0.3482
0.0357
0.2657
0.3808
0.2651
0.3691
0.0357
0.2715
0.3812
0.2661
0.3694
0.0357
0.3202
0.4142
0.3219
0.4060
0.0332
0.3583
0.4437
0.3610
0.4384
0.1475
0.4115
0.4303
0.4127
0.4234
0.2740
0.4120
0.4569
0.4126
0.4504
0.2735
0.4068
0.4340
0.4084
0.4242
0.1748
0.4068
0.4340
0.4084
0.4242
0.1748
0.3958
0.4325
0.3977
0.4223
0.1430
0.3438
0.3945
0.3437
0.3765
0.1035
0.2695
0.3919
0.2702
0.3739
0.0889
0.2611
0.3252
0.2599
0.2924
0.0836
0.1819
0.2725
0.1786
0.2234
0.0814
0.1795
0.2673
0.1764
0.2232
0.0814
0.1624
0.2341
0.1568
0.2037
0.0814
0.1588
0.2304
0.1485
0.2031
0.0814
0.0972
0.1987
0.1001
0.1766
0.0814
0.0972
0.1986
0.1001
0.1766
0.0814
0.0972
0.1986
0.1001
0.1766
0.0814
MEC
0.0381
0.1714
0.0382
0.1669
0.0423
0.1111
0.3233
0.1157
0.3144
0.0411
0.1375
0.3246
0.1400
0.3151
0.0357
0.2098
0.3586
0.2110
0.3479
0.0357
0.2111
0.3612
0.2121
0.3482
0.0357
0.2657
0.3808
0.2651
0.3691
0.0357
0.2715
0.3812
0.2661
0.3694
0.0357
0.3202
0.4142
0.3219
0.4060
0.0332
0.3583
0.4437
0.3610
0.4384
0.1475
0.4115
0.4303
0.4127
0.4234
0.2740
0.4120
0.4569
0.4126
0.4504
0.2735
0.4068
0.4340
0.4084
0.4242
0.1748
0.4068
0.4340
0.4084
0.4242
0.1748
0.3958
0.4325
0.3977
0.4223
0.1430
0.3438
0.3945
0.3437
0.3765
0.1035
0.2695
0.3919
0.2702
0.3739
0.0889
0.2611
0.3252
0.2599
0.2924
0.0836
0.1819
0.2725
0.1786
0.2234
0.0814
0.1795
0.2673
0.1764
0.2232
0.0814
0.1624
0.2341
0.1568
0.2037
0.0814
0.1588
0.2304
0.1485
0.2031
0.0814
0.0972
0.1987
0.1001
0.1766
0.0814
0.0972
0.1986
0.1001
0.1766
0.0814
0.0972
0.1986
0.1001
0.1766
0.0814
Jackson
0.0381
0.1714
0.0382
0.1669
0.0423
0.1111
0.3233
0.1157
0.3144
0.0411
0.1375
0.3246
0.1400
0.3151
0.0357
0.2098
0.3586
0.2110
0.3479
0.0357
0.2111
0.3612
0.2121
0.3482
0.0357
0.2657
0.3808
0.2651
0.3691
0.0357
0.2715
0.3812
0.2661
0.3694
0.0357
0.3202
0.4142
0.3219
0.4060
0.0332
0.3583
0.4437
0.3610
0.4384
0.1475
0.4115
0.4303
0.4127
0.4234
0.2740
0.4120
0.4569
0.4126
0.4504
0.2735
0.4068
0.4340
0.4084
0.4242
0.1748
0.4068
0.4340
0.4084
0.4242
0.1748
0.3958
0.4325
0.3977
0.4223
0.1430
0.3438
0.3945
0.3437
0.3765
0.1035
0.2695
0.3919
0.2702
0.3739
0.0889
0.2611
0.3252
0.2599
0.2924
0.0836
0.1819
0.2725
0.1786
0.2234
0.0814
0.1795
0.2673
0.1764
0.2232
0.0814
0.1624
0.2341
0.1568
0.2037
0.0814
0.1588
0.2304
0.1485
0.2031
0.0814
0.0972
0.1987
0.1001
0.1766
0.0814
0.0972
0.1986
0.1001
0.1766
0.0814
0.0972
0.1986
0.1001
0.1766
0.0814
Livestock
0.0381
0.1714
0.0382
0.1669
0.0423
0.1111
0.3233
0.1157
0.3144
0.0411
0.1375
0.3246
0.1400
0.3151
0.0357
0.2098
0.3586
0.2110
0.3479
0.0357
0.2111
0.3612
0.2121
0.3482
0.0357
0.2657
0.3808
0.2651
0.3691
0.0357
0.2715
0.3812
0.2661
0.3694
0.0357
0.3202
0.4142
0.3219
0.4060
0.0332
0.3583
0.4437
0.3610
0.4384
0.1475
0.4115
0.4303
0.4127
0.4234
0.2740
0.4120
0.4569
0.4126
0.4504
0.2735
0.4068
0.4340
0.4084
0.4242
0.1748
0.4068
0.4340
0.4084
0.4242
0.1748
0.3958
0.4325
0.3977
0.4223
0.1430
0.3438
0.3945
0.3437
0.3765
0.1035
0.2695
0.3919
0.2702
0.3739
0.0889
0.2611
0.3252
0.2599
0.2924
0.0836
0.1819
0.2725
0.1786
0.2234
0.0814
0.1795
0.2673
0.1764
0.2232
0.0814
0.1624
0.2341
0.1568
0.2037
0.0814
0.1588
0.2304
0.1485
0.2031
0.0814
0.0972
0.1987
0.1001
0.1766
0.0814
0.0972
0.1986
0.1001
0.1766
0.0814
0.0972
0.1986
0.1001
0.1766
0.0814
Greenhouse
0.0381
0.1714
0.0382
0.1669
0.0423
0.1111
0.3233
0.1157
0.3144
0.0411
0.1375
0.3246
0.1400
0.3151
0.0357
0.2098
0.3586
0.2110
0.3479
0.0357
0.2111
0.3612
0.2121
0.3482
0.0357
0.2657
0.3808
0.2651
0.3691
0.0357
0.2715
0.3812
0.2661
0.3694
0.0357
0.3202
0.4142
0.3219
0.4060
0.0332
0.3583
0.4437
0.3610
0.4384
0.1475
0.4115
0.4303
0.4127
0.4234
0.2740
0.4120
0.4569
0.4126
0.4504
0.2735
0.4068
0.4340
0.4084
0.4242
0.1748
0.4068
0.4340
0.4084
0.4242
0.1748
0.3958
0.4325
0.3977
0.4223
0.1430
0.3438
0.3945
0.3437
0.3765
0.1035
0.2695
0.3919
0.2702
0.3739
0.0889
0.2611
0.3252
0.2599
0.2924
0.0836
0.1819
0.2725
0.1786
0.2234
0.0814
0.1795
0.2673
0.1764
0.2232
0.0814
0.1624
0.2341
0.1568
0.2037
0.0814
0.1588
0.2304
0.1485
0.2031
0.0814
0.0972
0.1987
0.1001
0.1766
0.0814
0.0972
0.1986
0.1001
0.1766
0.0814
0.0972
0.1986
0.1001
0.1766
0.0814
ChampionWayG
0.0381
0.1714
0.0382
0.1669
0.0423
0.1111
0.3233
0.1157
0.3144
0.0411
0.1375
0.3246
0.1400
0.3151
0.0357
0.2098
0.3586
0.2110
0.3479
0.0357
0.2111
0.3612
0.2121
0.3482
0.0357
0.2657
0.3808
0.2651
0.3691
0.0357
0.2715
0.3812
0.2661
0.3694
0.0357
0.3202
0.4142
0.3219
0.4060
0.0332
0.3583
0.4437
0.3610
0.4384
0.1475
0.4115
0.4303
0.4127
0.4234
0.2740
0.4120
0.4569
0.4126
0.4504
0.2735
0.4068
0.4340
0.4084
0.4242
0.1748
0.4068
0.4340
0.4084
0.4242
0.1748
0.3958
0.4325
0.3977
0.4223
0.1430
0.3438
0.3945
0.3437
0.3765
0.1035
0.2695
0.3919
0.2702
0.3739
0.0889
0.2611
0.3252
0.2599
0.2924
0.0836
0.1819
0.2725
0.1786
0.2234
0.0814
0.1795
0.2673
0.1764
0.2232
0.0814
0.1624
0.2341
0.1568
0.2037
0.0814
0.1588
0.2304
0.1485
0.2031
0.0814
0.0972
0.1987
0.1001
0.1766
0.0814
0.0972
0.1986
0.1001
0.1766
0.0814
0.0972
0.1986
0.1001
0.1766
0.0814
Greenland
0.0381
0.1714
0.0382
0.1669
0.0423
0.1111
0.3233
0.1157
0.3144
0.0411
0.1375
0.3246
0.1400
0.3151
0.0357
0.2098
0.3586
0.2110
0.3479
0.0357
0.2111
0.3612
0.2121
0.3482
0.0357
0.2657
0.3808
0.2651
0.3691
0.0357
0.2715
0.3812
0.2661
0.3694
0.0357
0.3202
0.4142
0.3219
0.4060
0.0332
0.3583
0.4437
0.3610
0.4384
0.1475
0.4115
0.4303
0.4127
0.4234
0.2740
0.4120
0.4569
0.4126
0.4504
0.2735
0.4068
0.4340
0.4084
0.4242
0.1748
0.4068
0.4340
0.4084
0.4242
0.1748
0.3958
0.4325
0.3977
0.4223
0.1430
0.3438
0.3945
0.3437
0.3765
0.1035
0.2695
0.3919
0.2702
0.3739
0.0889
0.2611
0.3252
0.2599
0.2924
0.0836
0.1819
0.2725
0.1786
0.2234
0.0814
0.1795
0.2673
0.1764
0.2232
0.0814
0.1624
0.2341
0.1568
0.2037
0.0814
0.1588
0.2304
0.1485
0.2031
0.0814
0.0972
0.1987
0.1001
0.1766
0.0814
0.0972
0.1986
0.1001
0.1766
0.0814
0.0972
0.1986
0.1001
0.1766
0.0814
MiddleTN
0.0381
0.1714
0.0382
0.1669
0.0423
0.1111
0.3233
0.1157
0.3144
0.0411
0.1375
0.3246
0.1400
0.3151
0.0357
0.2098
0.3586
0.2110
0.3479
0.0357
0.2111
0.3612
0.2121
0.3482
0.0357
0.2657
0.3808
0.2651
0.3691
0.0357
0.2715
0.3812
0.2661
0.3694
0.0357
0.3202
0.4142
0.3219
0.4060
0.0332
0.3583
0.4437
0.3610
0.4384
0.1475
0.4115
0.4303
0.4127
0.4234
0.2740
0.4120
0.4569
0.4126
0.4504
0.2735
0.4068
0.4340
0.4084
0.4242
0.1748
0.4068
0.4340
0.4084
0.4242
0.1748
0.3958
0.4325
0.3977
0.4223
0.1430
0.3438
0.3945
0.3437
0.3765
0.1035
0.2695
0.3919
0.2702
0.3739
0.0889
0.2611
0.3252
0.2599
0.2924
0.0836
0.1819
0.2725
0.1786
0.2234
0.0814
0.1795
0.2673
0.1764
0.2232
0.0814
0.1624
0.2341
0.1568
0.2037
0.0814
0.1588
0.2304
0.1485
0.2031
0.0814
0.0972
0.1987
0.1001
0.1766
0.0814
0.0972
0.1986
0.1001
0.1766
0.0814
0.0972
0.1986
0.1001
0.1766
0.0814
