Rose
0.0
0.6292
0.0
0.6193
0.0
0.4857
0.7825
0.499
0.7769
0.0
0.5558
0.7833
0.5614
0.7774
0.0
0.7014
0.8043
0.7034
0.7979
0.0
0.7035
0.8058
0.7052
0.798
0.0
0.745
0.8174
0.7445
0.8106
0.0
0.7488
0.8176
0.7452
0.8107
0.0
0.7806
0.8356
0.7817
0.8319
0.2411
0.8041
0.8438
0.8057
0.8423
0.578
0.8347
0.8401
0.8351
0.8382
0.7506
0.8348
0.8473
0.835
0.8455
0.7502
0.8322
0.8412
0.8331
0.8384
0.6365
0.8322
0.8412
0.8331
0.8384
0.6365
0.8259
0.8407
0.827
0.8378
0.5683
0.7952
0.8253
0.795
0.8149
0.4618
0.7476
0.8238
0.748
0.8133
0.4097
0.7418
0.7838
0.741
0.7628
0.3883
0.6507
0.7494
0.6443
0.7152
0.3814
0.646
0.7459
0.6398
0.7151
0.3814
0.6091
0.7228
0.5972
0.6908
0.3814
0.6012
0.7201
0.5802
0.69
0.3814
0.4401
0.6822
0.45
0.6399
0.3814
0.4401
0.6819
0.45
0.6399
0.3814
0.4401
0.6819
0.45
0.6399
0.3814
FairView
0.133
0.6706
0.1328
0.6625
0.1223
0.5525
0.7969
0.5635
0.7923
0.1251
0.6102
0.7976
0.6149
0.7926
0.1401
0.7301
0.8148
0.7317
0.8095
0.1401
0.7319
0.8161
0.7332
0.8096
0.1401
0.766
0.8256
0.7656
0.8199
0.1401
0.7692
0.8258
0.7662
0.8201
0.1401
0.7953
0.8404
0.7962
0.8375
0.3546
0.8146
0.8458
0.8159
0.8448
0.6283
0.8399
0.8434
0.8402
0.8421
0.7706
0.84
0.848
0.8401
0.8469
0.7703
0.8379
0.844
0.8386
0.8423
0.6766
0.8379
0.844
0.8386
0.8423
0.6766
0.8327
0.8438
0.8336
0.8419
0.6205
0.8074
0.8321
0.8073
0.8235
0.5328
0.7681
0.8308
0.7685
0.8222
0.4899
0.7634
0.7979
0.7627
0.7806
0.4723
0.6884
0.7697
0.6831
0.7415
0.4667
0.6845
0.7668
0.6794
0.7414
0.4667
0.6542
0.7477
0.6443
0.7215
0.4667
0.6477
0.7456
0.6304
0.7208
0.4667
0.515
0.7142
0.5231
0.6795
0.4667
0.515
0.714
0.5231
0.6795
0.4667
0.515
0.714
0.5231
0.6795
0.4667
Bell
0.5066
0.838
0.5061
0.8349
0.4617
0.7933
0.8855
0.7976
0.8837
0.4733
0.815
0.8857
0.8169
0.8838
0.5369
0.8602
0.8921
0.8608
0.8901
0.5369
0.8608
0.8926
0.8614
0.8901
0.5369
0.8737
0.8962
0.8735
0.894
0.5369
0.8749
0.8963
0.8737
0.8941
0.5369
0.8847
0.9012
0.8849
0.9007
0.7238
0.892
0.8978
0.8924
0.8984
0.8214
0.9016
0.8993
0.9014
0.9001
0.8753
0.9016
0.8963
0.9014
0.8971
0.8753
0.901
0.8989
0.9012
0.9001
0.8398
0.901
0.8989
0.9012
0.9001
0.8398
0.899
0.8991
0.8993
0.9003
0.8187
0.8895
0.8986
0.8893
0.8954
0.7858
0.8745
0.8982
0.8745
0.8949
0.7696
0.8727
0.8857
0.8723
0.8792
0.7631
0.8446
0.8753
0.8424
0.8648
0.7611
0.8432
0.8742
0.841
0.8647
0.7611
0.8318
0.8671
0.8278
0.8573
0.7611
0.8293
0.8663
0.8227
0.8571
0.7611
0.7792
0.8543
0.7822
0.8414
0.7611
0.7792
0.8542
0.7822
0.8414
0.7611
0.7792
0.8542
0.7822
0.8414
0.7611
IngramN
0.5933
0.8838
0.5926
0.8819
0.5398
0.8564
0.9126
0.8591
0.9116
0.5536
0.8696
0.9128
0.8708
0.9116
0.6292
0.8971
0.9167
0.8976
0.9154
0.6292
0.8976
0.9169
0.8979
0.9154
0.6292
0.9054
0.9192
0.9053
0.9178
0.6292
0.9062
0.9192
0.9054
0.9179
0.6292
0.9121
0.9218
0.9121
0.9219
0.8163
0.9166
0.9163
0.9168
0.9173
0.8733
0.9224
0.9188
0.9221
0.9201
0.9063
0.9224
0.9139
0.9222
0.9151
0.9063
0.9221
0.9181
0.9222
0.9199
0.8846
0.9221
0.9181
0.9222
0.9199
0.8846
0.921
0.9184
0.9211
0.9203
0.8718
0.9151
0.9206
0.915
0.9187
0.8518
0.9058
0.9204
0.9058
0.9184
0.8419
0.9048
0.9127
0.9045
0.9087
0.838
0.8878
0.9065
0.8863
0.9001
0.8369
0.8869
0.9059
0.8854
0.9001
0.8369
0.88
0.9015
0.8774
0.8956
0.8369
0.8785
0.9011
0.8743
0.8955
0.8369
0.8478
0.8937
0.8497
0.8858
0.8369
0.8478
0.8936
0.8497
0.8858
0.8369
0.8478
0.8936
0.8497
0.8858
0.8369
IngramS
0.5911
0.9067
0.5904
0.9049
0.5357
0.8801
0.9348
0.8827
0.9338
0.55
0.893
0.9349
0.8941
0.9338
0.6282
0.9197
0.9387
0.9201
0.9375
0.6282
0.9202
0.939
0.9205
0.9375
0.6282
0.9278
0.9412
0.9277
0.9399
0.6282
0.9285
0.9412
0.9278
0.9399
0.6282
0.9343
0.9437
0.9344
0.9438
0.8379
0.9387
0.9379
0.9388
0.9389
0.8966
0.9443
0.9405
0.944
0.9418
0.9287
0.9443
0.9353
0.9441
0.9366
0.9287
0.944
0.9397
0.9441
0.9417
0.9075
0.944
0.9397
0.9441
0.9417
0.9075
0.9429
0.9401
0.943
0.9421
0.8951
0.9372
0.9426
0.9371
0.9407
0.8757
0.9282
0.9423
0.9282
0.9404
0.866
0.9272
0.9349
0.9269
0.931
0.8622
0.9106
0.9288
0.9092
0.9226
0.8611
0.9098
0.9282
0.9083
0.9226
0.8611
0.903
0.924
0.9006
0.9182
0.8611
0.9016
0.9235
0.8976
0.9181
0.8611
0.8717
0.9163
0.8736
0.9087
0.8611
0.8717
0.9163
0.8736
0.9087
0.8611
0.8717
0.9163
0.8736
0.9087
0.8611
ParkingServ
0.7227
0.9387
0.722
0.9386
0.6576
0.9366
0.9405
0.937
0.9404
0.6744
0.9374
0.9405
0.9376
0.9404
0.7664
0.9393
0.9407
0.9394
0.9406
0.7664
0.9393
0.9407
0.9394
0.9406
0.7664
0.9399
0.9409
0.9399
0.9408
0.7664
0.94
0.9409
0.9399
0.9408
0.7664
0.9403
0.9402
0.9402
0.9411
0.9415
0.9407
0.9316
0.9406
0.9332
0.9373
0.941
0.9355
0.9406
0.9375
0.9398
0.9409
0.928
0.9407
0.9298
0.9399
0.9412
0.9344
0.9411
0.9373
0.9382
0.9412
0.9344
0.9411
0.9373
0.9382
0.9411
0.9349
0.9411
0.9379
0.9373
0.9407
0.941
0.9406
0.9409
0.9362
0.9399
0.941
0.9398
0.9409
0.9355
0.9398
0.9404
0.9397
0.9402
0.9353
0.9389
0.9403
0.9385
0.9399
0.9355
0.9388
0.9402
0.9385
0.9399
0.9355
0.9384
0.94
0.938
0.9397
0.9355
0.9383
0.94
0.9379
0.9397
0.9355
0.936
0.9393
0.9362
0.9389
0.9355
0.936
0.9393
0.9362
0.9389
0.9355
0.936
0.9393
0.9362
0.9389
0.9355
MainSt
0.7511
0.9426
0.7504
0.9428
0.6842
0.9456
0.9389
0.9455
0.939
0.7015
0.9438
0.9388
0.9438
0.939
0.796
0.9405
0.9383
0.9406
0.9385
0.796
0.9405
0.9383
0.9405
0.9385
0.796
0.9396
0.938
0.9396
0.9382
0.796
0.9395
0.938
0.9396
0.9382
0.796
0.9387
0.9366
0.9386
0.9377
0.9609
0.9382
0.9275
0.9381
0.9291
0.943
0.9375
0.9316
0.937
0.9337
0.9393
0.9374
0.9236
0.9371
0.9255
0.9394
0.9377
0.9305
0.9377
0.9335
0.9417
0.9377
0.9305
0.9377
0.9335
0.9417
0.9379
0.931
0.9378
0.9342
0.9433
0.9386
0.9379
0.9385
0.9381
0.946
0.9395
0.9379
0.9394
0.9381
0.9473
0.9396
0.9388
0.9396
0.9392
0.9478
0.9419
0.9399
0.9418
0.9407
0.9483
0.9421
0.9399
0.942
0.9407
0.9483
0.9429
0.9405
0.943
0.9413
0.9483
0.9431
0.9406
0.9435
0.9413
0.9483
0.9466
0.9413
0.9464
0.9424
0.9483
0.9466
0.9413
0.9464
0.9424
0.9483
0.9466
0.9413
0.9464
0.9424
0.9483
PublicSafety
0.7404
0.9804
0.7396
0.9806
0.6707
0.9835
0.9768
0.9834
0.9769
0.6887
0.9818
0.9767
0.9818
0.9769
0.7871
0.9785
0.9762
0.9785
0.9764
0.7871
0.9785
0.9762
0.9785
0.9764
0.7871
0.9776
0.9759
0.9775
0.9761
0.7871
0.9775
0.9759
0.9775
0.9761
0.7871
0.9767
0.9745
0.9765
0.9756
0.9925
0.9762
0.965
0.9761
0.9667
0.9809
0.9754
0.9693
0.975
0.9715
0.9773
0.9753
0.961
0.9751
0.963
0.9774
0.9757
0.9681
0.9756
0.9713
0.9798
0.9757
0.9681
0.9756
0.9713
0.9798
0.9759
0.9686
0.9758
0.9719
0.9814
0.9765
0.9757
0.9765
0.976
0.984
0.9774
0.9758
0.9774
0.976
0.9852
0.9776
0.9766
0.9775
0.9771
0.9858
0.9799
0.9777
0.9798
0.9785
0.9861
0.98
0.9778
0.9799
0.9785
0.9861
0.9809
0.9783
0.9809
0.9792
0.9861
0.981
0.9784
0.9814
0.9792
0.9861
0.9846
0.9791
0.9843
0.9802
0.9861
0.9846
0.9791
0.9843
0.9802
0.9861
0.9846
0.9791
0.9843
0.9802
0.9861
CollegeHeights
0.7961
0.9505
0.7954
0.9513
0.726
0.9618
0.9381
0.9609
0.9386
0.7442
0.956
0.938
0.9557
0.9385
0.8431
0.9444
0.9363
0.9443
0.9368
0.8431
0.9442
0.9362
0.9441
0.9368
0.8431
0.9409
0.9353
0.941
0.9358
0.8431
0.9406
0.9353
0.9409
0.9358
0.8431
0.9381
0.9328
0.9379
0.9341
0.9936
0.9362
0.9228
0.936
0.9245
0.954
0.9337
0.9273
0.9332
0.9296
0.9404
0.9335
0.9185
0.9333
0.9206
0.9404
0.9341
0.9261
0.934
0.9294
0.9493
0.9341
0.9261
0.934
0.9294
0.9493
0.9346
0.9266
0.9345
0.9301
0.9548
0.937
0.9347
0.937
0.9355
0.9635
0.9407
0.9348
0.9406
0.9356
0.9678
0.9412
0.938
0.9412
0.9396
0.9695
0.9486
0.941
0.949
0.9437
0.9704
0.949
0.9413
0.9494
0.9437
0.9704
0.952
0.9432
0.9528
0.9457
0.9704
0.9527
0.9434
0.9543
0.9458
0.9704
0.9653
0.9464
0.9646
0.9498
0.9704
0.9653
0.9464
0.9646
0.9498
0.9704
0.9653
0.9464
0.9646
0.9498
0.9704
SportsPlex
0.7169
1.0
0.7161
1.0
0.6466
1.0
1.0
1.0
1.0
0.6648
1.0
1.0
1.0
1.0
0.764
1.0
1.0
1.0
1.0
0.764
1.0
1.0
1.0
1.0
0.764
1.0
1.0
1.0
1.0
0.764
1.0
1.0
1.0
1.0
0.764
1.0
0.999
1.0
1.0
1.0
1.0
0.9896
1.0
0.9912
1.0
0.9999
0.9938
0.9995
0.996
1.0
0.9998
0.9856
0.9996
0.9875
1.0
1.0
0.9926
1.0
0.9958
1.0
1.0
0.9926
1.0
0.9958
1.0
1.0
0.9932
1.0
0.9964
1.0
1.0
1.0
1.0
1.0
1.0
1.0
1.0
1.0
1.0
1.0
1.0
1.0
1.0
1.0
1.0
1.0
1.0
1.0
1.0
1.0
1.0
1.0
1.0
1.0
1.0
1.0
1.0
1.0
1.0
1.0
1.0
1.0
1.0
1.0
1.0
1.0
1.0
1.0
1.0
1.0
1.0
1.0
1.0
1.0
1.0
1.0
1.0
1.0
1.0
1.0
CityView
0.6756
0.9557
0.6749
0.955
0.6113
0.9462
0.9658
0.9471
0.9654
0.628
0.9508
0.9658
0.9512
0.9654
0.7186
0.9604
0.9672
0.9606
0.9668
0.7186
0.9606
0.9674
0.9607
0.9668
0.7186
0.9633
0.9681
0.9633
0.9677
0.7186
0.9636
0.9681
0.9633
0.9677
0.7186
0.9657
0.9683
0.9658
0.969
0.9338
0.9672
0.9603
0.9673
0.9617
0.9525
0.9691
0.9639
0.9688
0.9658
0.9637
0.9689
0.9569
0.9688
0.9585
0.9637
0.969
0.9629
0.9691
0.9656
0.9562
0.969
0.9629
0.9691
0.9656
0.9562
0.9686
0.9634
0.9687
0.9661
0.9517
0.9666
0.9687
0.9666
0.9679
0.9446
0.9635
0.9685
0.9635
0.9678
0.9412
0.9631
0.966
0.9631
0.9645
0.9398
0.9571
0.9636
0.9567
0.9613
0.9394
0.9567
0.9634
0.9564
0.9613
0.9394
0.9543
0.9619
0.9536
0.9597
0.9394
0.9538
0.9617
0.9524
0.9596
0.9394
0.9432
0.9593
0.9439
0.9564
0.9394
0.9432
0.9592
0.9439
0.9564
0.9394
0.9432
0.9592
0.9439
0.9564
0.9394
GreekRow
0.6079
0.888
0.6073
0.8863
0.553
0.8633
0.9144
0.8655
0.9134
0.5672
0.8754
0.9145
0.8763
0.9135
0.6446
0.9004
0.9182
0.9008
0.9171
0.6446
0.9008
0.9185
0.9011
0.9171
0.6446
0.9079
0.9204
0.9078
0.9193
0.6446
0.9086
0.9205
0.908
0.9193
0.6446
0.9141
0.9227
0.9143
0.9229
0.8302
0.9181
0.9168
0.9184
0.9178
0.8795
0.9233
0.9194
0.9231
0.9208
0.909
0.9231
0.9143
0.923
0.9155
0.9088
0.9228
0.9188
0.923
0.9207
0.8894
0.9228
0.9188
0.923
0.9207
0.8894
0.9217
0.9191
0.9219
0.9211
0.8776
0.9164
0.9219
0.9164
0.92
0.8591
0.9084
0.9216
0.9085
0.9197
0.8502
0.9074
0.9148
0.9073
0.9111
0.8464
0.8916
0.9088
0.8906
0.9027
0.8454
0.8908
0.9081
0.8898
0.9027
0.8454
0.8844
0.9041
0.8825
0.8985
0.8454
0.8831
0.9037
0.8795
0.8983
0.8454
0.8554
0.8973
0.8571
0.8898
0.8454
0.8554
0.8973
0.8571
0.8898
0.8454
0.8554
0.8973
0.8571
0.8898
0.8454
Rutherford
0.5278
0.918
0.5272
0.9155
0.4746
0.8809
0.9578
0.8842
0.9563
0.4884
0.8991
0.958
0.9005
0.9564
0.5633
0.9368
0.9635
0.9373
0.9618
0.5633
0.9373
0.9639
0.9378
0.9618
0.5633
0.948
0.9668
0.9479
0.9651
0.5633
0.9491
0.9669
0.9481
0.9651
0.5633
0.9573
0.9708
0.9577
0.9706
0.8159
0.9634
0.9657
0.9638
0.9666
0.9051
0.9712
0.968
0.9711
0.9691
0.9496
0.9711
0.9637
0.971
0.9646
0.9494
0.9706
0.9674
0.9708
0.969
0.9201
0.9706
0.9674
0.9708
0.969
0.9201
0.9689
0.9677
0.9692
0.9693
0.9024
0.961
0.9689
0.961
0.9662
0.8747
0.9488
0.9685
0.9489
0.9658
0.8612
0.9473
0.9582
0.9471
0.9527
0.8556
0.9235
0.9492
0.922
0.9402
0.8538
0.9223
0.9483
0.9208
0.9402
0.8538
0.9127
0.9422
0.9098
0.9339
0.8538
0.9107
0.9416
0.9053
0.9336
0.8538
0.869
0.9319
0.8716
0.9207
0.8538
0.869
0.9318
0.8716
0.9207
0.8538
0.869
0.9318
0.8716
0.9207
0.8538
Softball
0.5964
0.8419
0.5959
0.8399
0.5461
0.8129
0.8729
0.8155
0.8718
0.5591
0.8271
0.8731
0.8282
0.8719
0.63
0.8565
0.8774
0.8569
0.8761
0.63
0.8569
0.8777
0.8573
0.8761
0.63
0.8653
0.88
0.8652
0.8787
0.63
0.8661
0.8801
0.8654
0.8787
0.63
0.8726
0.883
0.8729
0.8829
0.7786
0.8773
0.8778
0.8777
0.8787
0.832
0.8834
0.8801
0.8832
0.8813
0.8666
0.8832
0.8757
0.8832
0.8767
0.8664
0.8828
0.8796
0.883
0.8812
0.8436
0.8828
0.8796
0.883
0.8812
0.8436
0.8815
0.8798
0.8818
0.8815
0.8297
0.8753
0.8817
0.8753
0.8795
0.808
0.8659
0.8814
0.866
0.8792
0.7975
0.8647
0.8734
0.8646
0.869
0.7931
0.8461
0.8663
0.845
0.8592
0.792
0.8452
0.8656
0.8441
0.8592
0.792
0.8377
0.8609
0.8354
0.8542
0.792
0.8361
0.8604
0.8319
0.854
0.792
0.8036
0.8529
0.8056
0.844
0.792
0.8036
0.8528
0.8056
0.844
0.792
0.8036
0.8528
0.8056
0.844
0.792
Ezell
0.795
0.8553
0.7944
0.8558
0.7329
0.8616
0.8485
0.861
0.8488
0.749
0.8584
0.8485
0.8582
0.8487
0.8365
0.8519
0.8476
0.8519
0.8479
0.8365
0.8518
0.8475
0.8518
0.8479
0.8365
0.85
0.847
0.8501
0.8473
0.8365
0.8499
0.847
0.8501
0.8473
0.8365
0.8485
0.8452
0.8485
0.8463
0.9003
0.8475
0.8365
0.8474
0.838
0.8578
0.846
0.8404
0.8456
0.8424
0.8499
0.8457
0.8329
0.8456
0.8346
0.8498
0.8461
0.8395
0.8461
0.8423
0.8549
0.8461
0.8395
0.8461
0.8423
0.8549
0.8463
0.8399
0.8463
0.8428
0.8578
0.8477
0.8468
0.8477
0.8471
0.8624
0.8499
0.8469
0.8499
0.8472
0.8648
0.8501
0.8487
0.8502
0.8495
0.8657
0.8541
0.8502
0.8545
0.8515
0.8666
0.8543
0.8503
0.8547
0.8515
0.8666
0.856
0.8514
0.8566
0.8525
0.8666
0.8563
0.8515
0.8573
0.8526
0.8666
0.8634
0.8534
0.8631
0.8549
0.8666
0.8634
0.8534
0.8631
0.8549
0.8666
0.8634
0.8534
0.8631
0.8549
0.8666
MtsuBlvdG
0.6928
0.8188
0.6923
0.8178
0.6393
0.8054
0.833
0.8066
0.8325
0.6531
0.8119
0.8331
0.8124
0.8326
0.7286
0.8254
0.8351
0.8257
0.8345
0.7286
0.8256
0.8353
0.8258
0.8346
0.7286
0.8295
0.8363
0.8295
0.8357
0.7286
0.8299
0.8363
0.8295
0.8357
0.7286
0.8329
0.8372
0.8331
0.8376
0.8086
0.835
0.8307
0.8352
0.8318
0.8144
0.8378
0.8336
0.8375
0.8351
0.8302
0.8375
0.8281
0.8375
0.8293
0.83
0.8375
0.833
0.8376
0.835
0.8196
0.8375
0.833
0.8376
0.835
0.8196
0.8368
0.8333
0.837
0.8354
0.8131
0.834
0.8372
0.834
0.8361
0.803
0.8298
0.837
0.8299
0.8359
0.7983
0.8292
0.8334
0.8292
0.8313
0.7962
0.8206
0.8301
0.8201
0.8267
0.796
0.8201
0.8297
0.8197
0.8266
0.796
0.8167
0.8276
0.8157
0.8243
0.796
0.816
0.8273
0.8141
0.8243
0.796
0.801
0.8241
0.802
0.8197
0.796
0.801
0.824
0.802
0.8197
0.796
0.801
0.824
0.802
0.8197
0.796
Rec
0.757
0.8466
0.7564
0.8465
0.6976
0.8458
0.8474
0.8458
0.8473
0.713
0.8461
0.8474
0.8462
0.8473
0.7966
0.8468
0.8475
0.8469
0.8475
0.7966
0.8468
0.8476
0.8469
0.8475
0.7966
0.847
0.8476
0.8471
0.8475
0.7966
0.8471
0.8476
0.8471
0.8475
0.7966
0.8474
0.8468
0.8474
0.8476
0.871
0.8474
0.8388
0.8475
0.8402
0.8466
0.8475
0.8424
0.8472
0.8442
0.8473
0.8472
0.8356
0.8471
0.8371
0.8471
0.8474
0.8415
0.8475
0.844
0.8467
0.8474
0.8415
0.8475
0.844
0.8467
0.8473
0.842
0.8474
0.8446
0.8461
0.8472
0.8478
0.8472
0.8476
0.8455
0.8471
0.8477
0.8472
0.8476
0.8453
0.847
0.8476
0.8471
0.8473
0.8451
0.8465
0.8474
0.8466
0.8469
0.8456
0.8465
0.8473
0.8466
0.8469
0.8456
0.8463
0.8472
0.8463
0.8468
0.8456
0.8462
0.8472
0.8462
0.8468
0.8456
0.8454
0.8472
0.8455
0.8467
0.8456
0.8454
0.8472
0.8455
0.8467
0.8456
0.8454
0.8472
0.8455
0.8467
0.8456
Abernathy
0.8044
0.9091
0.8038
0.9099
0.7373
0.9197
0.8976
0.9188
0.898
0.7547
0.9143
0.8975
0.914
0.898
0.8493
0.9034
0.896
0.9034
0.8964
0.8493
0.9033
0.8959
0.9032
0.8964
0.8493
0.9002
0.895
0.9003
0.8955
0.8493
0.8999
0.895
0.9002
0.8955
0.8493
0.8976
0.8926
0.8975
0.8938
0.9581
0.8958
0.883
0.8957
0.8846
0.9128
0.8934
0.8873
0.893
0.8895
0.8998
0.8932
0.879
0.893
0.8809
0.8998
0.8937
0.8862
0.8936
0.8893
0.9083
0.8937
0.8862
0.8936
0.8893
0.9083
0.8941
0.8867
0.8941
0.8899
0.9132
0.8964
0.8945
0.8964
0.8952
0.9213
0.9
0.8946
0.9
0.8953
0.9253
0.9004
0.8977
0.9005
0.8991
0.9269
0.9073
0.9003
0.9078
0.9027
0.9278
0.9077
0.9005
0.9081
0.9027
0.9278
0.9104
0.9023
0.9113
0.9045
0.9278
0.911
0.9025
0.9126
0.9046
0.9278
0.923
0.9054
0.9223
0.9084
0.9278
0.923
0.9055
0.9223
0.9084
0.9278
0.923
0.9055
0.9223
0.9084
0.9278
MTSU
0.455
0.7933
0.4546
0.7894
0.4164
0.7372
0.8533
0.7422
0.8511
0.4264
0.7646
0.8536
0.7667
0.8513
0.4807
0.8216
0.8619
0.8223
0.8594
0.4807
0.8224
0.8625
0.8231
0.8595
0.4807
0.8386
0.867
0.8384
0.8644
0.4807
0.8401
0.8671
0.8387
0.8644
0.4807
0.8526
0.8736
0.8531
0.8727
0.6533
0.8618
0.8715
0.8624
0.8718
0.7738
0.8736
0.8724
0.8736
0.8728
0.841
0.8735
0.8708
0.8735
0.8711
0.8407
0.8726
0.8723
0.873
0.8728
0.7964
0.8726
0.8723
0.873
0.8728
0.7964
0.87
0.8724
0.8705
0.8729
0.7696
0.8581
0.8702
0.8581
0.866
0.7277
0.8397
0.8696
0.8399
0.8654
0.7074
0.8374
0.8541
0.8371
0.8457
0.6989
0.8015
0.8404
0.7993
0.8268
0.6964
0.7997
0.839
0.7975
0.8267
0.6964
0.7852
0.8299
0.7808
0.8172
0.6964
0.7822
0.8289
0.774
0.8168
0.6964
0.7192
0.8143
0.7232
0.7974
0.6964
0.7192
0.8142
0.7232
0.7974
0.6964
0.7192
0.8142
0.7232
0.7974
0.6964
Highland
0.2702
0.8799
0.2697
0.8741
0.2342
0.796
0.9695
0.8038
0.9662
0.2435
0.837
0.97
0.8403
0.9665
0.2943
0.9221
0.9822
0.9232
0.9784
0.2943
0.9234
0.9831
0.9243
0.9785
0.2943
0.9476
0.9899
0.9473
0.9859
0.2943
0.9498
0.99
0.9477
0.986
0.2943
0.9684
1.0
0.969
0.9984
0.6363
0.9821
1.0
0.983
1.0
0.8498
1.0
1.0
1.0
1.0
0.9508
1.0
1.0
1.0
1.0
0.9506
0.9986
1.0
0.9991
1.0
0.8841
0.9986
1.0
0.9991
1.0
0.8841
0.9949
1.0
0.9956
1.0
0.8443
0.977
0.9944
0.9769
0.9884
0.7821
0.9491
0.9936
0.9493
0.9875
0.7516
0.9457
0.9702
0.9452
0.9579
0.7391
0.8925
0.9501
0.8887
0.9302
0.7348
0.8898
0.9481
0.8861
0.9301
0.7348
0.8682
0.9346
0.8612
0.916
0.7348
0.8636
0.933
0.8513
0.9154
0.7348
0.7694
0.9108
0.7752
0.8861
0.7348
0.7694
0.9106
0.7752
0.8861
0.7348
0.7694
0.9106
0.7752
0.8861
0.7348
MEC
0.2451
0.8553
0.2446
0.8491
0.2126
0.7658
0.9509
0.7741
0.9473
0.221
0.8095
0.9514
0.813
0.9476
0.2668
0.9003
0.9644
0.9015
0.9604
0.2668
0.9016
0.9654
0.9026
0.9605
0.2668
0.9274
0.9726
0.9271
0.9683
0.2668
0.9298
0.9727
0.9275
0.9684
0.2668
0.9496
0.9835
0.9503
0.9816
0.5983
0.9643
0.9842
0.9652
0.9841
0.8232
0.9834
0.9839
0.9834
0.9837
0.9309
0.9834
0.9846
0.9834
0.9844
0.9307
0.9819
0.984
0.9824
0.9837
0.8597
0.9819
0.984
0.9824
0.9837
0.8597
0.978
0.984
0.9786
0.9837
0.8173
0.9588
0.9775
0.9587
0.971
0.7509
0.9291
0.9765
0.9293
0.97
0.7184
0.9255
0.9516
0.9249
0.9385
0.7051
0.8687
0.9302
0.8646
0.9089
0.7005
0.8658
0.928
0.8618
0.9088
0.7005
0.8428
0.9136
0.8353
0.8937
0.7005
0.8379
0.9119
0.8247
0.8932
0.7005
0.7374
0.8882
0.7435
0.8619
0.7005
0.7374
0.888
0.7435
0.8619
0.7005
0.7374
0.888
0.7435
0.8619
0.7005
Jackson
0.2197
0.8562
0.2193
0.8497
0.1885
0.7623
0.9565
0.771
0.9528
0.1965
0.8081
0.957
0.8118
0.9531
0.2406
0.9034
0.9707
0.9047
0.9665
0.2406
0.9048
0.9717
0.9058
0.9666
0.2406
0.9319
0.9793
0.9315
0.9748
0.2406
0.9344
0.9794
0.932
0.9749
0.2406
0.9552
0.9907
0.9559
0.9888
0.5853
0.9705
0.9919
0.9716
0.9917
0.8225
0.9906
0.9914
0.9906
0.9911
0.9355
0.9906
0.9924
0.9906
0.9922
0.9353
0.989
0.9915
0.9895
0.9911
0.8609
0.989
0.9915
0.9895
0.9911
0.8609
0.9849
0.9915
0.9856
0.991
0.8163
0.9648
0.9844
0.9647
0.9776
0.7467
0.9336
0.9834
0.9339
0.9766
0.7126
0.9298
0.9572
0.9293
0.9435
0.6986
0.8703
0.9348
0.866
0.9124
0.6937
0.8672
0.9325
0.8631
0.9123
0.6937
0.843
0.9173
0.8352
0.8965
0.6937
0.8379
0.9156
0.8241
0.8959
0.6937
0.7325
0.8908
0.7389
0.8631
0.6937
0.7325
0.8905
0.7389
0.8631
0.6937
0.7325
0.8905
0.7389
0.8631
0.6937
Livestock
0.3868
0.169
0.3871
0.1622
0.4052
0.0701
0.2749
0.0791
0.2709
0.4004
0.1184
0.2754
0.1223
0.2713
0.3743
0.2189
0.29
0.2202
0.2855
0.3743
0.2203
0.2911
0.2215
0.2857
0.3743
0.2489
0.299
0.2486
0.2943
0.3743
0.2516
0.2991
0.2491
0.2944
0.3743
0.2736
0.3118
0.2745
0.309
0.0
0.2897
0.3198
0.2909
0.3183
0.1345
0.3108
0.3161
0.3113
0.3142
0.2531
0.3108
0.3233
0.3111
0.3215
0.2526
0.3089
0.3173
0.3095
0.3145
0.1744
0.3089
0.3173
0.3095
0.3145
0.1744
0.3044
0.3169
0.3053
0.3139
0.1272
0.2833
0.3046
0.2833
0.2972
0.0534
0.2508
0.3035
0.2512
0.2961
0.0176
0.2468
0.2761
0.2463
0.2614
0.0027
0.1836
0.2522
0.1796
0.2282
0.0
0.1804
0.2497
0.1764
0.2281
0.0
0.1549
0.2337
0.147
0.2113
0.0
0.1495
0.2319
0.1351
0.2107
0.0
0.0384
0.2061
0.0454
0.1763
0.0
0.0384
0.2058
0.0454
0.1763
0.0
0.0384
0.2058
0.0454
0.1763
0.0
Greenhouse
0.7302
0.5825
0.73
0.5812
0.6948
0.564
0.6024
0.5655
0.6017
0.704
0.5731
0.6025
0.5738
0.6017
0.7538
0.5919
0.6053
0.5922
0.6045
0.7538
0.5922
0.6056
0.5924
0.6045
0.7538
0.5975
0.607
0.5975
0.6061
0.7538
0.598
0.607
0.5976
0.6061
0.7538
0.6023
0.6088
0.6025
0.6088
0.5964
0.6052
0.605
0.6055
0.6056
0.5767
0.6091
0.6067
0.609
0.6075
0.5985
0.6088
0.6036
0.6089
0.6042
0.5983
0.6086
0.6064
0.6088
0.6075
0.5838
0.6086
0.6064
0.6088
0.6075
0.5838
0.6077
0.6066
0.6079
0.6077
0.5748
0.6038
0.6082
0.6038
0.6067
0.5608
0.5979
0.608
0.598
0.6064
0.5541
0.5971
0.603
0.5971
0.6
0.5512
0.5851
0.5983
0.5845
0.5935
0.5516
0.5845
0.5978
0.5839
0.5934
0.5516
0.5797
0.5947
0.5783
0.5902
0.5516
0.5787
0.5944
0.576
0.5901
0.5516
0.5579
0.5899
0.5593
0.5838
0.5516
0.5579
0.5898
0.5593
0.5838
0.5516
0.5579
0.5898
0.5593
0.5838
0.5516
ChampionWayG
1.0
0.0
1.0
0.0
1.0
0.0
0.0
0.0
0.0
1.0
0.0
0.0
0.0
0.0
1.0
0.0
0.0
0.0
0.0
1.0
0.0
0.0
0.0
0.0
1.0
0.0
0.0
0.0
0.0
1.0
0.0
0.0
0.0
0.0
1.0
0.0
0.0
0.0
0.0
0.1679
0.0
0.0
0.0
0.0
0.0
0.0
0.0
0.0
0.0
0.0
0.0
0.0
0.0
0.0
0.0
0.0
0.0
0.0
0.0
0.0
0.0
0.0
0.0
0.0
0.0
0.0
0.0
0.0
0.0
0.0
0.0
0.0
0.0
0.0
0.0
0.0
0.0
0.0
0.0
0.0
0.0
0.0
0.0
0.0
0.0
0.0
0.0
0.0
0.0
0.0036
0.0
0.0
0.0
0.0
0.0036
0.0
0.0
0.0
0.0
0.0036
0.0
0.0
0.0
0.0
0.0036
0.0
0.0
0.0
0.0
0.0036
0.0
0.0
0.0
0.0
0.0036
0.0
0.0
0.0
0.0
0.0036
Greenland
0.1521
0.4038
0.1522
0.395
0.1632
0.2758
0.5407
0.2878
0.5356
0.1603
0.3384
0.5414
0.3434
0.536
0.1447
0.4683
0.56
0.47
0.5543
0.1447
0.4702
0.5614
0.4716
0.5544
0.1447
0.5071
0.5717
0.5067
0.5656
0.1447
0.5106
0.572
0.5073
0.5658
0.1447
0.5389
0.5882
0.5399
0.5847
0.1018
0.5598
0.5969
0.5613
0.5954
0.3581
0.5873
0.593
0.5877
0.5909
0.5121
0.5874
0.6007
0.5876
0.5989
0.5118
0.585
0.5941
0.5858
0.5912
0.4103
0.585
0.5941
0.5858
0.5912
0.4103
0.5794
0.5936
0.5804
0.5906
0.3495
0.552
0.5787
0.5519
0.5695
0.2544
0.5095
0.5774
0.5099
0.5681
0.2079
0.5043
0.5417
0.5036
0.523
0.1889
0.423
0.5111
0.4173
0.4806
0.1837
0.4188
0.5079
0.4133
0.4805
0.1837
0.3859
0.4873
0.3753
0.4589
0.1837
0.3789
0.4849
0.3602
0.4581
0.1837
0.2351
0.451
0.2439
0.4133
0.1837
0.2351
0.4507
0.2439
0.4133
0.1837
0.2351
0.4507
0.2439
0.4133
0.1837
MiddleTN
0.0359
0.5981
0.0359
0.5886
0.0366
0.4594
0.7464
0.4723
0.7409
0.0364
0.5272
0.7472
0.5326
0.7414
0.0354
0.668
0.7674
0.6698
0.7612
0.0354
0.67
0.7689
0.6716
0.7613
0.0354
0.7101
0.7801
0.7096
0.7735
0.0354
0.7138
0.7803
0.7103
0.7736
0.0354
0.7445
0.7977
0.7456
0.7941
0.23
0.7672
0.8057
0.7688
0.8043
0.5486
0.7969
0.8021
0.7973
0.8002
0.7155
0.797
0.8092
0.7972
0.8075
0.7151
0.7945
0.8031
0.7953
0.8004
0.6052
0.7945
0.8031
0.7953
0.8004
0.6052
0.7883
0.8027
0.7894
0.7999
0.5393
0.7586
0.7877
0.7585
0.7776
0.4362
0.7126
0.7862
0.713
0.7761
0.3859
0.707
0.7476
0.7063
0.7273
0.3652
0.6189
0.7144
0.6128
0.6813
0.3587
0.6144
0.711
0.6084
0.6812
0.3587
0.5787
0.6886
0.5672
0.6578
0.3587
0.5711
0.6861
0.5508
0.6569
0.3587
0.4153
0.6494
0.4249
0.6085
0.3587
0.4153
0.6491
0.4249
0.6085
0.3587
0.4153
0.6491
0.4249
0.6085
0.3587
