Rose
0.0
0.6309
0.0
0.6228
0.0
0.5241
0.7749
0.5331
0.7689
0.0
0.5734
0.7758
0.5776
0.7694
0.0
0.6942
0.7986
0.6959
0.7915
0.0
0.6961
0.8003
0.6976
0.7917
0.0
0.7361
0.812
0.7356
0.8056
0.0
0.74
0.8122
0.7363
0.8058
0.0
0.7729
0.821
0.774
0.8189
0.3147
0.7983
0.8287
0.8001
0.8273
0.5898
0.8203
0.8252
0.8206
0.8234
0.7417
0.8204
0.832
0.8205
0.8304
0.7414
0.819
0.8262
0.8194
0.8236
0.6368
0.819
0.8262
0.8194
0.8236
0.6368
0.816
0.8258
0.8166
0.8231
0.5828
0.7886
0.8158
0.7885
0.8104
0.5084
0.7388
0.815
0.7392
0.8086
0.4758
0.733
0.7762
0.7322
0.7542
0.4632
0.649
0.7405
0.6435
0.7071
0.4579
0.645
0.737
0.6397
0.707
0.4579
0.6146
0.7143
0.6051
0.6845
0.4579
0.6083
0.7117
0.5919
0.6837
0.4579
0.4946
0.6764
0.5008
0.6397
0.4579
0.4946
0.6761
0.5008
0.6397
0.4579
0.4946
0.6761
0.5008
0.6397
0.4579
FairView
0.1324
0.6709
0.1323
0.6642
0.1266
0.5822
0.7906
0.5898
0.7856
0.1281
0.6232
0.7913
0.6267
0.786
0.1362
0.7235
0.8102
0.725
0.8043
0.1362
0.7252
0.8116
0.7264
0.8044
0.1362
0.7584
0.8211
0.7579
0.816
0.1362
0.7616
0.8212
0.7585
0.8161
0.1362
0.7888
0.8263
0.7897
0.8251
0.4079
0.81
0.8308
0.8115
0.83
0.6367
0.8259
0.8288
0.8261
0.8277
0.763
0.826
0.8327
0.8261
0.8318
0.7627
0.8253
0.8293
0.8255
0.8279
0.6758
0.8253
0.8293
0.8255
0.8279
0.6758
0.8236
0.8291
0.8239
0.8276
0.6309
0.802
0.8233
0.8019
0.82
0.5692
0.7605
0.8229
0.7608
0.8186
0.5421
0.7558
0.7915
0.755
0.7733
0.5317
0.6861
0.762
0.6814
0.7343
0.5273
0.6827
0.7591
0.6782
0.7342
0.5273
0.6575
0.7402
0.6495
0.7156
0.5273
0.6522
0.7381
0.6386
0.7149
0.5273
0.5578
0.7087
0.5629
0.6783
0.5273
0.5578
0.7084
0.5629
0.6783
0.5273
0.5578
0.7084
0.5629
0.6783
0.5273
Bell
0.5247
0.8288
0.5243
0.826
0.498
0.7912
0.8792
0.7946
0.8771
0.5051
0.8085
0.8795
0.8101
0.8772
0.5417
0.8507
0.8874
0.8514
0.8848
0.5417
0.8515
0.8879
0.852
0.8849
0.5417
0.8655
0.8911
0.8653
0.8898
0.5417
0.8668
0.8911
0.8655
0.8898
0.5417
0.8783
0.8848
0.8785
0.8863
0.7166
0.8872
0.8795
0.8877
0.8805
0.8137
0.8854
0.8819
0.8851
0.8832
0.8672
0.8854
0.8772
0.8852
0.8784
0.8672
0.8864
0.8812
0.886
0.883
0.8304
0.8864
0.8812
0.886
0.883
0.8304
0.8885
0.8815
0.8881
0.8834
0.8116
0.8841
0.8885
0.8839
0.8915
0.7858
0.8663
0.889
0.8663
0.8909
0.7743
0.8643
0.8794
0.8639
0.8717
0.7699
0.8352
0.8672
0.8329
0.8556
0.7681
0.8338
0.866
0.8316
0.8556
0.7681
0.8231
0.8581
0.8195
0.8478
0.7681
0.8209
0.8572
0.815
0.8475
0.7681
0.781
0.8446
0.7831
0.832
0.7681
0.781
0.8445
0.7831
0.832
0.7681
0.781
0.8445
0.7831
0.832
0.7681
IngramN
0.6246
0.8741
0.6241
0.8722
0.5921
0.8492
0.9072
0.8515
0.9058
0.6007
0.8606
0.9074
0.8617
0.9059
0.6452
0.8884
0.9126
0.8889
0.9109
0.6452
0.8889
0.913
0.8893
0.911
0.6452
0.8982
0.9146
0.898
0.9142
0.6452
0.8991
0.9145
0.8981
0.9142
0.6452
0.9065
0.9053
0.9066
0.9075
0.7995
0.9125
0.8975
0.9127
0.8989
0.8638
0.9061
0.901
0.9057
0.9029
0.8992
0.9061
0.8941
0.9058
0.8958
0.8992
0.9075
0.9
0.907
0.9027
0.8749
0.9075
0.9
0.907
0.9027
0.8749
0.9106
0.9005
0.91
0.9032
0.8625
0.9105
0.9107
0.9103
0.9153
0.8456
0.8987
0.9115
0.8986
0.9149
0.838
0.8974
0.9073
0.897
0.9023
0.8352
0.8783
0.8994
0.8766
0.8918
0.834
0.8773
0.8986
0.8758
0.8918
0.834
0.8703
0.8934
0.8678
0.8867
0.834
0.8689
0.8929
0.8649
0.8865
0.834
0.8425
0.8844
0.8439
0.8762
0.834
0.8425
0.8844
0.8439
0.8762
0.834
0.8425
0.8844
0.8439
0.8762
0.834
IngramS
0.6252
0.8976
0.6246
0.8956
0.5905
0.8715
0.9323
0.8738
0.9309
0.5997
0.8834
0.9325
0.8845
0.931
0.6472
0.9126
0.938
0.9131
0.9362
0.6472
0.9131
0.9384
0.9135
0.9363
0.6472
0.9229
0.9401
0.9227
0.9397
0.6472
0.9238
0.94
0.9228
0.9397
0.6472
0.9317
0.9307
0.9318
0.9329
0.8195
0.9379
0.9228
0.9382
0.9242
0.8869
0.9315
0.9264
0.9311
0.9282
0.924
0.9315
0.9193
0.9312
0.921
0.924
0.9329
0.9253
0.9324
0.928
0.8985
0.9329
0.9253
0.9324
0.928
0.8985
0.9361
0.9258
0.9355
0.9286
0.8855
0.9358
0.9362
0.9356
0.9409
0.8677
0.9234
0.937
0.9234
0.9405
0.8597
0.9221
0.9325
0.9217
0.9272
0.8568
0.9019
0.9241
0.9003
0.9161
0.8555
0.901
0.9233
0.8994
0.9161
0.8555
0.8936
0.9178
0.891
0.9108
0.8555
0.8921
0.9172
0.888
0.9106
0.8555
0.8644
0.9084
0.8659
0.8997
0.8555
0.8644
0.9084
0.8659
0.8997
0.8555
0.8644
0.9084
0.8659
0.8997
0.8555
ParkingServ
0.7838
0.9305
0.7833
0.9303
0.7436
0.9268
0.935
0.9273
0.9348
0.7543
0.9283
0.935
0.9285
0.9348
0.8094
0.9322
0.9357
0.9323
0.9354
0.8094
0.9322
0.9357
0.9323
0.9354
0.8094
0.9336
0.9347
0.9335
0.9359
0.8094
0.9337
0.9345
0.9335
0.9359
0.8094
0.9347
0.9207
0.9345
0.9241
0.9186
0.9356
0.909
0.9355
0.9111
0.9283
0.9219
0.9143
0.9213
0.9171
0.9335
0.9218
0.9039
0.9215
0.9064
0.9336
0.9239
0.9128
0.9233
0.9168
0.93
0.9239
0.9128
0.9233
0.9168
0.93
0.9286
0.9135
0.9277
0.9176
0.9283
0.9354
0.929
0.9354
0.936
0.9262
0.9336
0.9301
0.9335
0.936
0.9252
0.9334
0.9349
0.9333
0.9342
0.9249
0.931
0.9341
0.9305
0.9331
0.9247
0.9309
0.934
0.9304
0.9331
0.9247
0.9299
0.9333
0.9293
0.9324
0.9247
0.9297
0.9332
0.929
0.9324
0.9247
0.9258
0.9319
0.9261
0.9309
0.9247
0.9258
0.9319
0.9261
0.9309
0.9247
0.9258
0.9319
0.9261
0.9309
0.9247
MainSt
0.8217
0.9346
0.8212
0.9347
0.7805
0.9364
0.9315
0.9364
0.9316
0.7915
0.9353
0.9315
0.9353
0.9316
0.8479
0.9329
0.931
0.9329
0.9311
0.8479
0.9329
0.9309
0.9329
0.9311
0.8479
0.9321
0.9293
0.9321
0.9308
0.8479
0.9321
0.9291
0.9321
0.9308
0.8479
0.9313
0.9143
0.9311
0.9178
0.9392
0.9309
0.9016
0.9307
0.9039
0.9345
0.9155
0.9074
0.9149
0.9103
0.9318
0.9154
0.8961
0.915
0.8989
0.9319
0.9176
0.9058
0.917
0.91
0.9337
0.9176
0.9058
0.917
0.91
0.9337
0.9227
0.9065
0.9217
0.9109
0.9348
0.9313
0.9231
0.9312
0.9307
0.9366
0.932
0.9243
0.9319
0.9308
0.9373
0.9322
0.9314
0.932
0.9318
0.9376
0.9341
0.9324
0.9339
0.9332
0.9378
0.9342
0.9325
0.934
0.9332
0.9378
0.9348
0.933
0.9347
0.9337
0.9378
0.9349
0.9331
0.9351
0.9337
0.9378
0.937
0.9336
0.9369
0.9345
0.9378
0.937
0.9336
0.9369
0.9345
0.9378
0.937
0.9336
0.9369
0.9345
0.9378
PublicSafety
0.8108
0.9752
0.8102
0.9751
0.766
0.9732
0.9776
0.9735
0.9775
0.7779
0.9739
0.9776
0.9741
0.9775
0.8392
0.976
0.9779
0.9761
0.9778
0.8392
0.9761
0.9779
0.9761
0.9778
0.8392
0.9768
0.9767
0.9768
0.978
0.8392
0.9769
0.9765
0.9768
0.978
0.8392
0.9774
0.9618
0.9772
0.9653
0.9684
0.9779
0.9492
0.9778
0.9514
0.9738
0.963
0.9549
0.9624
0.9578
0.9767
0.9629
0.9437
0.9626
0.9464
0.9768
0.9651
0.9533
0.9645
0.9575
0.9748
0.9651
0.9533
0.9645
0.9575
0.9748
0.9701
0.954
0.9692
0.9584
0.9739
0.9779
0.9705
0.9778
0.9781
0.9729
0.9768
0.9717
0.9767
0.9781
0.9723
0.9767
0.9775
0.9766
0.9771
0.9722
0.9755
0.9771
0.9751
0.9766
0.9721
0.9754
0.9771
0.9751
0.9766
0.9721
0.9749
0.9767
0.9745
0.9763
0.9721
0.9748
0.9767
0.9744
0.9763
0.9721
0.9727
0.9759
0.9728
0.9754
0.9721
0.9727
0.9759
0.9728
0.9754
0.9721
0.9727
0.9759
0.9728
0.9754
0.9721
CollegeHeights
0.8916
0.9432
0.8911
0.9442
0.8484
0.9552
0.9264
0.9544
0.9272
0.86
0.9494
0.9263
0.949
0.9271
0.9191
0.9355
0.9237
0.9354
0.9245
0.9191
0.9353
0.9235
0.9352
0.9245
0.9191
0.9307
0.9206
0.9308
0.9229
0.9191
0.9303
0.9204
0.9307
0.9229
0.9191
0.9265
0.9036
0.9262
0.9077
0.9782
0.9236
0.8893
0.9233
0.8919
0.9472
0.905
0.8958
0.9043
0.8991
0.93
0.9048
0.8831
0.9045
0.8862
0.93
0.9074
0.8941
0.9066
0.8988
0.9418
0.9074
0.8941
0.9066
0.8988
0.9418
0.913
0.8949
0.912
0.8998
0.9481
0.9248
0.9137
0.9248
0.9223
0.9569
0.9304
0.915
0.9302
0.9226
0.9608
0.9311
0.9263
0.9311
0.9288
0.9623
0.941
0.9307
0.9414
0.9345
0.9629
0.9415
0.9311
0.9419
0.9346
0.9629
0.945
0.9338
0.9459
0.9372
0.9629
0.9457
0.9341
0.9475
0.9373
0.9629
0.9586
0.938
0.9579
0.9423
0.9629
0.9586
0.9381
0.9579
0.9423
0.9629
0.9586
0.9381
0.9579
0.9423
0.9629
SportsPlex
0.833
1.0
0.8323
1.0
0.7853
1.0
1.0
1.0
1.0
0.798
1.0
1.0
1.0
1.0
0.8631
1.0
1.0
1.0
1.0
0.8631
1.0
1.0
1.0
1.0
0.8631
1.0
0.9984
1.0
1.0
0.8631
1.0
0.9982
1.0
1.0
0.8631
1.0
0.9828
1.0
0.9866
1.0
1.0
0.9695
1.0
0.9719
1.0
0.9842
0.9756
0.9836
0.9786
1.0
0.984
0.9638
0.9837
0.9666
1.0
0.9863
0.9739
0.9856
0.9783
1.0
0.9863
0.9739
0.9856
0.9783
1.0
0.9914
0.9746
0.9905
0.9792
1.0
1.0
0.9921
1.0
1.0
1.0
1.0
0.9933
1.0
1.0
1.0
1.0
1.0
1.0
1.0
1.0
1.0
1.0
1.0
1.0
1.0
1.0
1.0
1.0
1.0
1.0
1.0
1.0
1.0
1.0
1.0
1.0
1.0
1.0
1.0
1.0
1.0
1.0
1.0
1.0
1.0
1.0
1.0
1.0
1.0
1.0
1.0
1.0
1.0
1.0
1.0
CityView
0.7967
0.9495
0.7961
0.9493
0.7542
0.9467
0.9532
0.9469
0.9531
0.7655
0.948
0.9532
0.9481
0.9531
0.8235
0.9511
0.9539
0.9512
0.9537
0.8235
0.9512
0.9539
0.9512
0.9537
0.8235
0.9522
0.9527
0.9522
0.954
0.8235
0.9523
0.9526
0.9522
0.954
0.8235
0.9532
0.9384
0.9532
0.9418
0.9415
0.9538
0.9262
0.9539
0.9283
0.9485
0.9396
0.9317
0.9391
0.9345
0.9524
0.9394
0.9209
0.9392
0.9235
0.9523
0.9415
0.9302
0.9409
0.9343
0.9497
0.9415
0.9302
0.9409
0.9343
0.9497
0.9462
0.9309
0.9454
0.9351
0.9482
0.9535
0.9469
0.9535
0.9542
0.9463
0.9523
0.948
0.9523
0.9541
0.9454
0.9521
0.9533
0.9521
0.9527
0.9451
0.9499
0.9524
0.9498
0.9514
0.9449
0.9498
0.9523
0.9497
0.9514
0.9449
0.949
0.9517
0.9488
0.9508
0.9449
0.9488
0.9516
0.9484
0.9508
0.9449
0.9459
0.9507
0.9461
0.9497
0.9449
0.9459
0.9507
0.9461
0.9497
0.9449
0.9459
0.9507
0.9461
0.9497
0.9449
GreekRow
0.732
0.8691
0.7316
0.8685
0.6979
0.8609
0.8802
0.8615
0.8798
0.707
0.8647
0.8803
0.865
0.8798
0.7535
0.874
0.8821
0.8741
0.8816
0.7535
0.8741
0.8823
0.8743
0.8816
0.7535
0.8772
0.8818
0.8772
0.8826
0.7535
0.8775
0.8817
0.8772
0.8826
0.7535
0.8801
0.8697
0.8802
0.8726
0.8454
0.882
0.8593
0.8822
0.8612
0.8662
0.8707
0.864
0.8703
0.8664
0.8778
0.8705
0.8549
0.8703
0.857
0.8776
0.8722
0.8628
0.8718
0.8662
0.8697
0.8722
0.8628
0.8718
0.8662
0.8697
0.8762
0.8634
0.8755
0.8669
0.8654
0.8811
0.877
0.8812
0.883
0.8596
0.8774
0.8779
0.8775
0.8828
0.8572
0.877
0.8805
0.8769
0.8787
0.8561
0.8704
0.8777
0.8701
0.8749
0.8557
0.8701
0.8774
0.8698
0.8749
0.8557
0.8678
0.8756
0.8671
0.8731
0.8557
0.8673
0.8754
0.8661
0.8731
0.8557
0.8585
0.8728
0.8591
0.8698
0.8557
0.8585
0.8728
0.8591
0.8698
0.8557
0.8585
0.8728
0.8591
0.8698
0.8557
Rutherford
0.6233
0.9055
0.6228
0.9035
0.5877
0.8787
0.9418
0.8808
0.9403
0.5972
0.8911
0.942
0.8921
0.9404
0.6458
0.9215
0.9478
0.9219
0.9461
0.6458
0.922
0.9483
0.9224
0.9461
0.6458
0.932
0.95
0.9319
0.9496
0.6458
0.933
0.9499
0.9321
0.9496
0.6458
0.9414
0.9406
0.9417
0.9429
0.8267
0.9477
0.9326
0.9482
0.934
0.8955
0.9414
0.9362
0.9411
0.9381
0.9336
0.9412
0.9291
0.9411
0.9308
0.9334
0.9426
0.9353
0.9422
0.9379
0.9072
0.9426
0.9353
0.9422
0.9379
0.9072
0.9456
0.9357
0.9451
0.9384
0.8935
0.9452
0.9463
0.9452
0.9508
0.8747
0.9328
0.947
0.9329
0.9503
0.8665
0.9313
0.9423
0.9311
0.9367
0.8633
0.91
0.9332
0.9088
0.9246
0.8619
0.909
0.9322
0.9078
0.9246
0.8619
0.9013
0.9265
0.899
0.9189
0.8619
0.8998
0.9259
0.8957
0.9187
0.8619
0.8712
0.9171
0.8728
0.9077
0.8619
0.8712
0.917
0.8728
0.9077
0.8619
0.8712
0.917
0.8728
0.9077
0.8619
Softball
0.7302
0.812
0.7298
0.8116
0.7013
0.8066
0.8192
0.807
0.8189
0.709
0.8091
0.8192
0.8093
0.8189
0.7484
0.8151
0.8204
0.8152
0.8201
0.7484
0.8152
0.8206
0.8153
0.8201
0.7484
0.8172
0.8199
0.8172
0.8208
0.7484
0.8174
0.8197
0.8173
0.8208
0.7484
0.8191
0.8081
0.8192
0.8109
0.797
0.8204
0.7981
0.8205
0.7998
0.8103
0.8091
0.8026
0.8087
0.8049
0.8176
0.8088
0.7938
0.8087
0.7958
0.8175
0.8105
0.8015
0.8101
0.8047
0.8124
0.8105
0.8015
0.8101
0.8047
0.8124
0.8143
0.802
0.8137
0.8053
0.8096
0.8197
0.8152
0.8197
0.821
0.8058
0.8174
0.8161
0.8174
0.8209
0.8042
0.8171
0.8195
0.8171
0.8182
0.8035
0.8128
0.8176
0.8126
0.8157
0.8032
0.8126
0.8174
0.8124
0.8157
0.8032
0.811
0.8162
0.8107
0.8145
0.8032
0.8107
0.8161
0.8099
0.8145
0.8032
0.8051
0.8145
0.8054
0.8124
0.8032
0.8051
0.8145
0.8054
0.8124
0.8032
0.8051
0.8145
0.8054
0.8124
0.8032
Ezell
0.9509
0.8314
0.9505
0.8335
0.9167
0.8587
0.7943
0.8564
0.7959
0.9258
0.8459
0.7941
0.8449
0.7957
0.9726
0.8149
0.7883
0.8145
0.7901
0.9726
0.8143
0.7879
0.8141
0.7901
0.9726
0.8041
0.7833
0.8043
0.7865
0.9726
0.8031
0.783
0.8041
0.7864
0.9726
0.7948
0.7654
0.7945
0.7697
0.9127
0.7882
0.7502
0.7877
0.7529
0.8419
0.7668
0.7571
0.7662
0.7606
0.8028
0.7665
0.7437
0.7662
0.7469
0.8028
0.7692
0.7553
0.7684
0.7603
0.8296
0.7692
0.7553
0.7684
0.7603
0.8296
0.775
0.7561
0.774
0.7613
0.8434
0.7906
0.7761
0.7906
0.7852
0.8625
0.8034
0.7775
0.8033
0.7857
0.8709
0.8049
0.7942
0.8051
0.7997
0.8741
0.8265
0.8034
0.8279
0.8118
0.8755
0.8275
0.8043
0.8289
0.8118
0.8755
0.8353
0.8102
0.8378
0.8176
0.8755
0.837
0.8108
0.8412
0.8178
0.8755
0.866
0.82
0.8646
0.8292
0.8755
0.866
0.8201
0.8646
0.8292
0.8755
0.866
0.8201
0.8646
0.8292
0.8755
MtsuBlvdG
0.8581
0.7824
0.8578
0.7836
0.8297
0.7982
0.7609
0.7969
0.7618
0.8373
0.7909
0.7608
0.7903
0.7617
0.876
0.7729
0.7574
0.7726
0.7585
0.876
0.7725
0.7572
0.7724
0.7585
0.876
0.7666
0.7541
0.7667
0.7564
0.876
0.7661
0.7539
0.7666
0.7564
0.876
0.7612
0.739
0.7611
0.7426
0.8301
0.7574
0.7262
0.7572
0.7284
0.7887
0.7402
0.732
0.7397
0.7349
0.7659
0.74
0.7207
0.7397
0.7233
0.7659
0.7421
0.7305
0.7416
0.7346
0.7815
0.7421
0.7305
0.7416
0.7346
0.7815
0.747
0.7312
0.7462
0.7355
0.7894
0.7587
0.748
0.7587
0.7557
0.8004
0.7662
0.7492
0.7662
0.7559
0.8053
0.7671
0.761
0.7672
0.7641
0.8071
0.7795
0.7662
0.7804
0.7709
0.8079
0.7801
0.7667
0.781
0.7709
0.8079
0.7846
0.7701
0.7861
0.7743
0.8079
0.7856
0.7705
0.7881
0.7744
0.8079
0.8025
0.7759
0.8016
0.7811
0.8079
0.8025
0.7759
0.8016
0.7811
0.8079
0.8025
0.7759
0.8016
0.7811
0.8079
Rec
0.9202
0.819
0.9199
0.8207
0.8876
0.8423
0.7874
0.8403
0.7887
0.8963
0.8314
0.7872
0.8306
0.7886
0.9409
0.8049
0.7822
0.8046
0.7838
0.9409
0.8045
0.7819
0.8043
0.7838
0.9409
0.7957
0.7778
0.7959
0.7807
0.9409
0.7949
0.7776
0.7958
0.7806
0.9409
0.7878
0.7608
0.7876
0.7649
0.8886
0.7822
0.7464
0.7818
0.7489
0.828
0.7622
0.7529
0.7616
0.7563
0.7946
0.7619
0.7402
0.7617
0.7432
0.7946
0.7644
0.7513
0.7637
0.7559
0.8176
0.7644
0.7513
0.7637
0.7559
0.8176
0.7699
0.752
0.769
0.7569
0.8293
0.7842
0.771
0.7842
0.7796
0.8455
0.7952
0.7723
0.7951
0.78
0.8527
0.7964
0.7873
0.7966
0.792
0.8554
0.8148
0.7951
0.8161
0.8022
0.8566
0.8157
0.7959
0.8169
0.8022
0.8566
0.8224
0.8009
0.8245
0.8072
0.8566
0.8237
0.8014
0.8274
0.8074
0.8566
0.8486
0.8093
0.8473
0.8171
0.8566
0.8486
0.8094
0.8473
0.8171
0.8566
0.8486
0.8094
0.8473
0.8171
0.8566
Abernathy
0.9387
0.8959
0.9382
0.8976
0.8989
0.9177
0.8661
0.916
0.8673
0.9095
0.9074
0.8659
0.9067
0.8672
0.9639
0.8825
0.8612
0.8822
0.8627
0.9639
0.8821
0.8609
0.8819
0.8626
0.9639
0.8739
0.8568
0.874
0.8598
0.9639
0.8731
0.8566
0.8739
0.8597
0.9639
0.8663
0.8389
0.8661
0.8432
0.9606
0.8611
0.8237
0.8607
0.8264
0.904
0.8403
0.8306
0.8397
0.8341
0.8728
0.8401
0.8172
0.8397
0.8204
0.8728
0.8427
0.8288
0.842
0.8338
0.8942
0.8427
0.8288
0.842
0.8338
0.8942
0.8486
0.8296
0.8476
0.8348
0.9053
0.8631
0.8496
0.8631
0.8588
0.9208
0.8733
0.851
0.8732
0.8592
0.9276
0.8745
0.866
0.8747
0.8704
0.9302
0.8919
0.8735
0.893
0.8802
0.9313
0.8928
0.8742
0.8938
0.8802
0.9313
0.8991
0.8789
0.901
0.8849
0.9313
0.9004
0.8794
0.9037
0.8851
0.9313
0.9237
0.8867
0.9225
0.8942
0.9313
0.9237
0.8868
0.9225
0.8942
0.9313
0.9237
0.8868
0.9225
0.8942
0.9313
MTSU
0.5564
0.7522
0.5562
0.75
0.5358
0.7236
0.7909
0.7259
0.7892
0.5413
0.7368
0.7911
0.7379
0.7894
0.5693
0.7692
0.7973
0.7697
0.7954
0.5693
0.7697
0.7978
0.7701
0.7954
0.5693
0.7804
0.7999
0.7803
0.7991
0.5693
0.7815
0.7999
0.7805
0.7992
0.5693
0.7904
0.7932
0.7908
0.7949
0.6686
0.7971
0.7874
0.7977
0.7884
0.7417
0.7937
0.7901
0.7935
0.7914
0.7821
0.7935
0.785
0.7935
0.7861
0.7819
0.7945
0.7895
0.7943
0.7913
0.754
0.7945
0.7895
0.7943
0.7913
0.754
0.7966
0.7897
0.7963
0.7916
0.7394
0.7943
0.7973
0.7943
0.8004
0.7193
0.7812
0.7978
0.7814
0.7999
0.7107
0.7796
0.7915
0.7794
0.7854
0.7072
0.7569
0.7817
0.7556
0.7725
0.7057
0.7559
0.7807
0.7546
0.7725
0.7057
0.7477
0.7746
0.7453
0.7664
0.7057
0.746
0.7739
0.7417
0.7662
0.7057
0.7156
0.7647
0.7173
0.7545
0.7057
0.7156
0.7646
0.7173
0.7545
0.7057
0.7156
0.7646
0.7173
0.7545
0.7057
Highland
0.2827
0.8702
0.2823
0.8644
0.2561
0.7933
0.9739
0.7998
0.9696
0.2632
0.8288
0.9745
0.8318
0.97
0.2994
0.9158
0.991
0.917
0.9858
0.2994
0.9172
0.9922
0.9183
0.986
0.2994
0.946
1.0
0.9456
0.996
0.2994
0.9488
1.0
0.9461
0.9961
0.2994
0.9724
1.0
0.9732
1.0
0.6424
0.9908
1.0
0.992
1.0
0.8406
1.0
1.0
1.0
1.0
0.95
1.0
1.0
1.0
1.0
0.9497
1.0
1.0
1.0
1.0
0.8744
1.0
1.0
1.0
1.0
0.8744
1.0
1.0
1.0
1.0
0.8355
0.9838
1.0
0.9837
0.9995
0.782
0.9479
1.0
0.9482
0.9982
0.7585
0.9437
0.9748
0.9431
0.9589
0.7494
0.8833
0.9491
0.8792
0.9251
0.7456
0.8804
0.9466
0.8765
0.925
0.7456
0.8584
0.9302
0.8516
0.9088
0.7456
0.8539
0.9284
0.8421
0.9082
0.7456
0.7721
0.9029
0.7765
0.8765
0.7456
0.7721
0.9027
0.7765
0.8765
0.7456
0.7721
0.9027
0.7765
0.8765
0.7456
MEC
0.2549
0.8454
0.2545
0.8393
0.2311
0.7656
0.953
0.7723
0.9485
0.2374
0.8024
0.9536
0.8055
0.9489
0.2699
0.8926
0.9706
0.8939
0.9653
0.2699
0.8941
0.9719
0.8952
0.9654
0.2699
0.924
0.9801
0.9236
0.9759
0.2699
0.9269
0.9801
0.9241
0.976
0.2699
0.9514
0.981
0.9522
0.9808
0.609
0.9704
0.9817
0.9717
0.9816
0.8146
0.9809
0.9814
0.9809
0.9812
0.9281
0.9809
0.9821
0.9809
0.9819
0.9279
0.9808
0.9815
0.9808
0.9812
0.8498
0.9808
0.9815
0.9808
0.9812
0.8498
0.9805
0.9814
0.9805
0.9812
0.8094
0.9632
0.9805
0.9631
0.9795
0.7539
0.9259
0.9804
0.9262
0.9781
0.7295
0.9216
0.9538
0.921
0.9374
0.7201
0.8589
0.9273
0.8547
0.9023
0.7161
0.8559
0.9246
0.8519
0.9022
0.7161
0.8332
0.9076
0.826
0.8854
0.7161
0.8285
0.9057
0.8162
0.8848
0.7161
0.7436
0.8793
0.7482
0.852
0.7161
0.7436
0.8791
0.7482
0.852
0.7161
0.7436
0.8791
0.7482
0.852
0.7161
Jackson
0.2286
0.8461
0.2282
0.8397
0.2051
0.7622
0.9592
0.7693
0.9545
0.2114
0.801
0.9599
0.8042
0.9549
0.2434
0.8958
0.9778
0.8972
0.9722
0.2434
0.8973
0.9791
0.8985
0.9723
0.2434
0.9287
0.9878
0.9283
0.9833
0.2434
0.9318
0.9878
0.9288
0.9834
0.2434
0.9576
0.9894
0.9584
0.989
0.5978
0.9776
0.9907
0.9789
0.9905
0.8139
0.9892
0.9901
0.9893
0.9898
0.9331
0.9892
0.9913
0.9893
0.991
0.9328
0.989
0.9903
0.9891
0.9898
0.8507
0.989
0.9903
0.9891
0.9898
0.8507
0.9885
0.9902
0.9886
0.9897
0.8083
0.97
0.9885
0.9698
0.9871
0.75
0.9308
0.9883
0.9311
0.9856
0.7244
0.9263
0.9602
0.9256
0.9429
0.7144
0.8604
0.9322
0.856
0.906
0.7103
0.8572
0.9294
0.853
0.9059
0.7103
0.8333
0.9116
0.8258
0.8882
0.7103
0.8284
0.9096
0.8154
0.8875
0.7103
0.7391
0.8818
0.744
0.853
0.7103
0.7391
0.8816
0.744
0.853
0.7103
0.7391
0.8816
0.744
0.853
0.7103
Livestock
0.4676
0.0
0.4682
0.0
0.5171
0.0
0.0
0.0
0.0
0.5039
0.0
0.0
0.0
0.0
0.4364
0.0
0.0
0.0
0.0
0.4364
0.0
0.0
0.0
0.0
0.4364
0.0
0.0
0.0
0.0
0.4364
0.0
0.0
0.0
0.0
0.4364
0.0
0.0
0.0
0.0
0.0
0.0
0.0
0.0
0.0
0.0
0.0
0.0
0.0
0.0
0.0
0.0
0.0
0.0
0.0
0.0
0.0
0.0
0.0
0.0
0.0
0.0
0.0
0.0
0.0
0.0
0.0
0.0
0.0
0.0
0.0
0.0
0.0
0.0
0.0
0.0
0.0
0.0
0.0
0.0
0.0
0.0
0.0
0.0
0.0
0.0
0.0
0.0
0.0
0.0
0.0
0.0
0.0
0.0
0.0
0.0
0.0
0.0
0.0
0.0
0.0
0.0
0.0
0.0
0.0
0.0
0.0
0.0
0.0
0.0
0.0
0.0
0.0
0.0
0.0
0.0
0.0
0.0
0.0
0.0
0.0
Greenhouse
1.0
0.4438
1.0
0.448
1.0
0.5003
0.3675
0.4955
0.3707
1.0
0.4742
0.367
0.472
0.3704
1.0
0.4102
0.355
0.4093
0.3587
1.0
0.4092
0.3541
0.4084
0.3587
1.0
0.388
0.3466
0.3882
0.3512
1.0
0.3859
0.3464
0.3879
0.3512
1.0
0.3686
0.3297
0.368
0.3337
0.6118
0.3551
0.3153
0.3542
0.3178
0.4657
0.3312
0.3218
0.3305
0.3251
0.3852
0.3309
0.3091
0.3306
0.3121
0.3853
0.3333
0.3201
0.3326
0.3248
0.4407
0.3333
0.3201
0.3326
0.3248
0.4407
0.3389
0.3209
0.3379
0.3257
0.4693
0.3601
0.3398
0.3602
0.3487
0.5085
0.3866
0.3411
0.3864
0.3496
0.5258
0.3896
0.367
0.3901
0.3785
0.5325
0.434
0.3858
0.437
0.4033
0.5353
0.4361
0.3876
0.439
0.4033
0.5353
0.4523
0.3997
0.4573
0.4152
0.5353
0.4556
0.401
0.4643
0.4157
0.5353
0.5158
0.4199
0.5126
0.439
0.5353
0.5158
0.42
0.5126
0.439
0.5353
0.5158
0.42
0.5126
0.439
0.5353
ChampionWayG
0.8811
0.1313
0.8812
0.1355
0.9117
0.1873
0.0554
0.1827
0.0585
0.9035
0.1614
0.0549
0.1592
0.0583
0.8619
0.0979
0.0428
0.0969
0.0465
0.8619
0.0969
0.0418
0.096
0.0464
0.8619
0.0759
0.035
0.076
0.0391
0.8619
0.0738
0.0349
0.0756
0.039
0.8619
0.0563
0.0231
0.0555
0.026
0.2956
0.043
0.0131
0.0419
0.015
0.152
0.0242
0.0176
0.0237
0.0201
0.0725
0.0243
0.0085
0.0239
0.0109
0.0729
0.0261
0.0161
0.0255
0.0197
0.1277
0.0261
0.0161
0.0255
0.0197
0.1277
0.0302
0.0167
0.0294
0.0204
0.1564
0.0485
0.0298
0.0485
0.0366
0.1958
0.0744
0.0308
0.074
0.0375
0.2128
0.0775
0.0541
0.0778
0.0661
0.2196
0.1219
0.0732
0.1245
0.0912
0.2224
0.124
0.0751
0.1265
0.0913
0.2224
0.14
0.0871
0.1448
0.1032
0.2224
0.1433
0.0884
0.1518
0.1037
0.2224
0.2031
0.1066
0.1996
0.1265
0.2224
0.2031
0.1067
0.1996
0.1265
0.2224
0.2031
0.1067
0.1996
0.1265
0.2224
Greenland
0.1427
0.4563
0.1428
0.4506
0.1562
0.3812
0.5576
0.3876
0.5534
0.1526
0.4159
0.5582
0.4188
0.5537
0.1342
0.5008
0.5742
0.502
0.5692
0.1342
0.5022
0.5753
0.5032
0.5693
0.1342
0.5303
0.5836
0.5299
0.5791
0.1342
0.533
0.5837
0.5304
0.5792
0.1342
0.5561
0.5898
0.5568
0.5883
0.2332
0.574
0.5951
0.5752
0.5941
0.4271
0.5893
0.5927
0.5895
0.5915
0.5341
0.5894
0.5973
0.5895
0.5962
0.5339
0.5885
0.5932
0.5888
0.5916
0.4603
0.5885
0.5932
0.5888
0.5916
0.4603
0.5865
0.593
0.5869
0.5912
0.4224
0.5673
0.586
0.5672
0.5825
0.3702
0.5321
0.5855
0.5324
0.5812
0.3472
0.5281
0.5582
0.5275
0.5429
0.3384
0.4691
0.5332
0.4651
0.51
0.3347
0.4663
0.5308
0.4624
0.5099
0.3347
0.4449
0.5148
0.4381
0.4941
0.3347
0.4405
0.513
0.4289
0.4935
0.3347
0.3605
0.488
0.3648
0.4625
0.3347
0.3605
0.4878
0.3648
0.4625
0.3347
0.3605
0.4878
0.3648
0.4625
0.3347
MiddleTN
0.0359
0.6055
0.0359
0.5979
0.0376
0.5057
0.7402
0.5142
0.7346
0.0372
0.5518
0.741
0.5557
0.7351
0.0348
0.6647
0.7623
0.6663
0.7557
0.0348
0.6665
0.7639
0.6679
0.7558
0.0348
0.7039
0.7749
0.7035
0.7689
0.0348
0.7075
0.775
0.7041
0.769
0.0348
0.7382
0.783
0.7393
0.7811
0.3097
0.7621
0.79
0.7637
0.7888
0.5671
0.7823
0.7868
0.7826
0.7852
0.7091
0.7825
0.793
0.7826
0.7916
0.7088
0.7813
0.7877
0.7816
0.7854
0.611
0.7813
0.7877
0.7816
0.7854
0.611
0.7786
0.7873
0.779
0.785
0.5605
0.753
0.7782
0.7529
0.7734
0.491
0.7064
0.7776
0.7067
0.7717
0.4605
0.701
0.7413
0.7002
0.7207
0.4488
0.6225
0.708
0.6173
0.6768
0.4438
0.6188
0.7047
0.6137
0.6767
0.4438
0.5903
0.6835
0.5814
0.6557
0.4438
0.5844
0.6811
0.5691
0.6549
0.4438
0.4781
0.648
0.4839
0.6138
0.4438
0.4781
0.6477
0.4839
0.6138
0.4438
0.4781
0.6477
0.4839
0.6138
0.4438
