Rose
0.0261
0.1066
0.0261
0.1020
0.0279
0.0532
0.3206
0.0567
0.3098
0.0274
0.0745
0.3222
0.0766
0.3107
0.0249
0.1840
0.3643
0.1870
0.3509
0.0249
0.1871
0.3675
0.1897
0.3513
0.0249
0.2527
0.3925
0.2520
0.3776
0.0249
0.2592
0.3931
0.2531
0.3779
0.0249
0.3169
0.4363
0.3189
0.4254
0.0001
0.3639
0.4742
0.3673
0.4687
0.0830
0.4325
0.4578
0.4341
0.4485
0.2622
0.4331
0.4875
0.4339
0.4810
0.2616
0.4264
0.4629
0.4284
0.4496
0.1097
0.4264
0.4629
0.4284
0.4496
0.1097
0.4118
0.4607
0.4144
0.4470
0.0791
0.3458
0.4102
0.3455
0.3870
0.0474
0.2571
0.4068
0.2578
0.3836
0.0367
0.2473
0.3229
0.2460
0.2837
0.0329
0.1164
0.2605
0.1133
0.2050
0.0314
0.1142
0.2545
0.1113
0.2048
0.0314
0.0969
0.2168
0.0913
0.1693
0.0314
0.0931
0.2127
0.0839
0.1680
0.0314
0.0427
0.1568
0.0448
0.1115
0.0314
0.0427
0.1564
0.0448
0.1115
0.0314
0.0427
0.1564
0.0448
0.1115
0.0314
FairView
0.0261
0.1066
0.0261
0.1020
0.0279
0.0532
0.3206
0.0567
0.3098
0.0274
0.0745
0.3222
0.0766
0.3107
0.0249
0.1840
0.3643
0.1870
0.3509
0.0249
0.1871
0.3675
0.1897
0.3513
0.0249
0.2527
0.3925
0.2520
0.3776
0.0249
0.2592
0.3931
0.2531
0.3779
0.0249
0.3169
0.4363
0.3189
0.4254
0.0001
0.3639
0.4742
0.3673
0.4687
0.0830
0.4325
0.4578
0.4341
0.4485
0.2622
0.4331
0.4875
0.4339
0.4810
0.2616
0.4264
0.4629
0.4284
0.4496
0.1097
0.4264
0.4629
0.4284
0.4496
0.1097
0.4118
0.4607
0.4144
0.4470
0.0791
0.3458
0.4102
0.3455
0.3870
0.0474
0.2571
0.4068
0.2578
0.3836
0.0367
0.2473
0.3229
0.2460
0.2837
0.0329
0.1164
0.2605
0.1133
0.2050
0.0314
0.1142
0.2545
0.1113
0.2048
0.0314
0.0969
0.2168
0.0913
0.1693
0.0314
0.0931
0.2127
0.0839
0.1680
0.0314
0.0427
0.1568
0.0448
0.1115
0.0314
0.0427
0.1564
0.0448
0.1115
0.0314
0.0427
0.1564
0.0448
0.1115
0.0314
Bell
0.0261
0.1066
0.0261
0.1020
0.0279
0.0532
0.3206
0.0567
0.3098
0.0274
0.0745
0.3222
0.0766
0.3107
0.0249
0.1840
0.3643
0.1870
0.3509
0.0249
0.1871
0.3675
0.1897
0.3513
0.0249
0.2527
0.3925
0.2520
0.3776
0.0249
0.2592
0.3931
0.2531
0.3779
0.0249
0.3169
0.4363
0.3189
0.4254
0.0001
0.3639
0.4742
0.3673
0.4687
0.0830
0.4325
0.4578
0.4341
0.4485
0.2622
0.4331
0.4875
0.4339
0.4810
0.2616
0.4264
0.4629
0.4284
0.4496
0.1097
0.4264
0.4629
0.4284
0.4496
0.1097
0.4118
0.4607
0.4144
0.4470
0.0791
0.3458
0.4102
0.3455
0.3870
0.0474
0.2571
0.4068
0.2578
0.3836
0.0367
0.2473
0.3229
0.2460
0.2837
0.0329
0.1164
0.2605
0.1133
0.2050
0.0314
0.1142
0.2545
0.1113
0.2048
0.0314
0.0969
0.2168
0.0913
0.1693
0.0314
0.0931
0.2127
0.0839
0.1680
0.0314
0.0427
0.1568
0.0448
0.1115
0.0314
0.0427
0.1564
0.0448
0.1115
0.0314
0.0427
0.1564
0.0448
0.1115
0.0314
IngramN
0.0261
0.1066
0.0261
0.1020
0.0279
0.0532
0.3206
0.0567
0.3098
0.0274
0.0745
0.3222
0.0766
0.3107
0.0249
0.1840
0.3643
0.1870
0.3509
0.0249
0.1871
0.3675
0.1897
0.3513
0.0249
0.2527
0.3925
0.2520
0.3776
0.0249
0.2592
0.3931
0.2531
0.3779
0.0249
0.3169
0.4363
0.3189
0.4254
0.0001
0.3639
0.4742
0.3673
0.4687
0.0830
0.4325
0.4578
0.4341
0.4485
0.2622
0.4331
0.4875
0.4339
0.4810
0.2616
0.4264
0.4629
0.4284
0.4496
0.1097
0.4264
0.4629
0.4284
0.4496
0.1097
0.4118
0.4607
0.4144
0.4470
0.0791
0.3458
0.4102
0.3455
0.3870
0.0474
0.2571
0.4068
0.2578
0.3836
0.0367
0.2473
0.3229
0.2460
0.2837
0.0329
0.1164
0.2605
0.1133
0.2050
0.0314
0.1142
0.2545
0.1113
0.2048
0.0314
0.0969
0.2168
0.0913
0.1693
0.0314
0.0931
0.2127
0.0839
0.1680
0.0314
0.0427
0.1568
0.0448
0.1115
0.0314
0.0427
0.1564
0.0448
0.1115
0.0314
0.0427
0.1564
0.0448
0.1115
0.0314
IngramS
0.0261
0.1066
0.0261
0.1020
0.0279
0.0532
0.3206
0.0567
0.3098
0.0274
0.0745
0.3222
0.0766
0.3107
0.0249
0.1840
0.3643
0.1870
0.3509
0.0249
0.1871
0.3675
0.1897
0.3513
0.0249
0.2527
0.3925
0.2520
0.3776
0.0249
0.2592
0.3931
0.2531
0.3779
0.0249
0.3169
0.4363
0.3189
0.4254
0.0001
0.3639
0.4742
0.3673
0.4687
0.0830
0.4325
0.4578
0.4341
0.4485
0.2622
0.4331
0.4875
0.4339
0.4810
0.2616
0.4264
0.4629
0.4284
0.4496
0.1097
0.4264
0.4629
0.4284
0.4496
0.1097
0.4118
0.4607
0.4144
0.4470
0.0791
0.3458
0.4102
0.3455
0.3870
0.0474
0.2571
0.4068
0.2578
0.3836
0.0367
0.2473
0.3229
0.2460
0.2837
0.0329
0.1164
0.2605
0.1133
0.2050
0.0314
0.1142
0.2545
0.1113
0.2048
0.0314
0.0969
0.2168
0.0913
0.1693
0.0314
0.0931
0.2127
0.0839
0.1680
0.0314
0.0427
0.1568
0.0448
0.1115
0.0314
0.0427
0.1564
0.0448
0.1115
0.0314
0.0427
0.1564
0.0448
0.1115
0.0314
ParkingServ
0.0261
0.1066
0.0261
0.1020
0.0279
0.0532
0.3206
0.0567
0.3098
0.0274
0.0745
0.3222
0.0766
0.3107
0.0249
0.1840
0.3643
0.1870
0.3509
0.0249
0.1871
0.3675
0.1897
0.3513
0.0249
0.2527
0.3925
0.2520
0.3776
0.0249
0.2592
0.3931
0.2531
0.3779
0.0249
0.3169
0.4363
0.3189
0.4254
0.0001
0.3639
0.4742
0.3673
0.4687
0.0830
0.4325
0.4578
0.4341
0.4485
0.2622
0.4331
0.4875
0.4339
0.4810
0.2616
0.4264
0.4629
0.4284
0.4496
0.1097
0.4264
0.4629
0.4284
0.4496
0.1097
0.4118
0.4607
0.4144
0.4470
0.0791
0.3458
0.4102
0.3455
0.3870
0.0474
0.2571
0.4068
0.2578
0.3836
0.0367
0.2473
0.3229
0.2460
0.2837
0.0329
0.1164
0.2605
0.1133
0.2050
0.0314
0.1142
0.2545
0.1113
0.2048
0.0314
0.0969
0.2168
0.0913
0.1693
0.0314
0.0931
0.2127
0.0839
0.1680
0.0314
0.0427
0.1568
0.0448
0.1115
0.0314
0.0427
0.1564
0.0448
0.1115
0.0314
0.0427
0.1564
0.0448
0.1115
0.0314
MainSt
0.0261
0.1066
0.0261
0.1020
0.0279
0.0532
0.3206
0.0567
0.3098
0.0274
0.0745
0.3222
0.0766
0.3107
0.0249
0.1840
0.3643
0.1870
0.3509
0.0249
0.1871
0.3675
0.1897
0.3513
0.0249
0.2527
0.3925
0.2520
0.3776
0.0249
0.2592
0.3931
0.2531
0.3779
0.0249
0.3169
0.4363
0.3189
0.4254
0.0001
0.3639
0.4742
0.3673
0.4687
0.0830
0.4325
0.4578
0.4341
0.4485
0.2622
0.4331
0.4875
0.4339
0.4810
0.2616
0.4264
0.4629
0.4284
0.4496
0.1097
0.4264
0.4629
0.4284
0.4496
0.1097
0.4118
0.4607
0.4144
0.4470
0.0791
0.3458
0.4102
0.3455
0.3870
0.0474
0.2571
0.4068
0.2578
0.3836
0.0367
0.2473
0.3229
0.2460
0.2837
0.0329
0.1164
0.2605
0.1133
0.2050
0.0314
0.1142
0.2545
0.1113
0.2048
0.0314
0.0969
0.2168
0.0913
0.1693
0.0314
0.0931
0.2127
0.0839
0.1680
0.0314
0.0427
0.1568
0.0448
0.1115
0.0314
0.0427
0.1564
0.0448
0.1115
0.0314
0.0427
0.1564
0.0448
0.1115
0.0314
PublicSafety
0.0261
0.1066
0.0261
0.1020
0.0279
0.0532
0.3206
0.0567
0.3098
0.0274
0.0745
0.3222
0.0766
0.3107
0.0249
0.1840
0.3643
0.1870
0.3509
0.0249
0.1871
0.3675
0.1897
0.3513
0.0249
0.2527
0.3925
0.2520
0.3776
0.0249
0.2592
0.3931
0.2531
0.3779
0.0249
0.3169
0.4363
0.3189
0.4254
0.0001
0.3639
0.4742
0.3673
0.4687
0.0830
0.4325
0.4578
0.4341
0.4485
0.2622
0.4331
0.4875
0.4339
0.4810
0.2616
0.4264
0.4629
0.4284
0.4496
0.1097
0.4264
0.4629
0.4284
0.4496
0.1097
0.4118
0.4607
0.4144
0.4470
0.0791
0.3458
0.4102
0.3455
0.3870
0.0474
0.2571
0.4068
0.2578
0.3836
0.0367
0.2473
0.3229
0.2460
0.2837
0.0329
0.1164
0.2605
0.1133
0.2050
0.0314
0.1142
0.2545
0.1113
0.2048
0.0314
0.0969
0.2168
0.0913
0.1693
0.0314
0.0931
0.2127
0.0839
0.1680
0.0314
0.0427
0.1568
0.0448
0.1115
0.0314
0.0427
0.1564
0.0448
0.1115
0.0314
0.0427
0.1564
0.0448
0.1115
0.0314
CollegeHeights
0.0261
0.1066
0.0261
0.1020
0.0279
0.0532
0.3206
0.0567
0.3098
0.0274
0.0745
0.3222
0.0766
0.3107
0.0249
0.1840
0.3643
0.1870
0.3509
0.0249
0.1871
0.3675
0.1897
0.3513
0.0249
0.2527
0.3925
0.2520
0.3776
0.0249
0.2592
0.3931
0.2531
0.3779
0.0249
0.3169
0.4363
0.3189
0.4254
0.0001
0.3639
0.4742
0.3673
0.4687
0.0830
0.4325
0.4578
0.4341
0.4485
0.2622
0.4331
0.4875
0.4339
0.4810
0.2616
0.4264
0.4629
0.4284
0.4496
0.1097
0.4264
0.4629
0.4284
0.4496
0.1097
0.4118
0.4607
0.4144
0.4470
0.0791
0.3458
0.4102
0.3455
0.3870
0.0474
0.2571
0.4068
0.2578
0.3836
0.0367
0.2473
0.3229
0.2460
0.2837
0.0329
0.1164
0.2605
0.1133
0.2050
0.0314
0.1142
0.2545
0.1113
0.2048
0.0314
0.0969
0.2168
0.0913
0.1693
0.0314
0.0931
0.2127
0.0839
0.1680
0.0314
0.0427
0.1568
0.0448
0.1115
0.0314
0.0427
0.1564
0.0448
0.1115
0.0314
0.0427
0.1564
0.0448
0.1115
0.0314
SportsPlex
0.0261
0.1066
0.0261
0.1020
0.0279
0.0532
0.3206
0.0567
0.3098
0.0274
0.0745
0.3222
0.0766
0.3107
0.0249
0.1840
0.3643
0.1870
0.3509
0.0249
0.1871
0.3675
0.1897
0.3513
0.0249
0.2527
0.3925
0.2520
0.3776
0.0249
0.2592
0.3931
0.2531
0.3779
0.0249
0.3169
0.4363
0.3189
0.4254
0.0001
0.3639
0.4742
0.3673
0.4687
0.0830
0.4325
0.4578
0.4341
0.4485
0.2622
0.4331
0.4875
0.4339
0.4810
0.2616
0.4264
0.4629
0.4284
0.4496
0.1097
0.4264
0.4629
0.4284
0.4496
0.1097
0.4118
0.4607
0.4144
0.4470
0.0791
0.3458
0.4102
0.3455
0.3870
0.0474
0.2571
0.4068
0.2578
0.3836
0.0367
0.2473
0.3229
0.2460
0.2837
0.0329
0.1164
0.2605
0.1133
0.2050
0.0314
0.1142
0.2545
0.1113
0.2048
0.0314
0.0969
0.2168
0.0913
0.1693
0.0314
0.0931
0.2127
0.0839
0.1680
0.0314
0.0427
0.1568
0.0448
0.1115
0.0314
0.0427
0.1564
0.0448
0.1115
0.0314
0.0427
0.1564
0.0448
0.1115
0.0314
CityView
0.0261
0.1066
0.0261
0.1020
0.0279
0.0532
0.3206
0.0567
0.3098
0.0274
0.0745
0.3222
0.0766
0.3107
0.0249
0.1840
0.3643
0.1870
0.3509
0.0249
0.1871
0.3675
0.1897
0.3513
0.0249
0.2527
0.3925
0.2520
0.3776
0.0249
0.2592
0.3931
0.2531
0.3779
0.0249
0.3169
0.4363
0.3189
0.4254
0.0001
0.3639
0.4742
0.3673
0.4687
0.0830
0.4325
0.4578
0.4341
0.4485
0.2622
0.4331
0.4875
0.4339
0.4810
0.2616
0.4264
0.4629
0.4284
0.4496
0.1097
0.4264
0.4629
0.4284
0.4496
0.1097
0.4118
0.4607
0.4144
0.4470
0.0791
0.3458
0.4102
0.3455
0.3870
0.0474
0.2571
0.4068
0.2578
0.3836
0.0367
0.2473
0.3229
0.2460
0.2837
0.0329
0.1164
0.2605
0.1133
0.2050
0.0314
0.1142
0.2545
0.1113
0.2048
0.0314
0.0969
0.2168
0.0913
0.1693
0.0314
0.0931
0.2127
0.0839
0.1680
0.0314
0.0427
0.1568
0.0448
0.1115
0.0314
0.0427
0.1564
0.0448
0.1115
0.0314
0.0427
0.1564
0.0448
0.1115
0.0314
GreekRow
0.0261
0.1066
0.0261
0.1020
0.0279
0.0532
0.3206
0.0567
0.3098
0.0274
0.0745
0.3222
0.0766
0.3107
0.0249
0.1840
0.3643
0.1870
0.3509
0.0249
0.1871
0.3675
0.1897
0.3513
0.0249
0.2527
0.3925
0.2520
0.3776
0.0249
0.2592
0.3931
0.2531
0.3779
0.0249
0.3169
0.4363
0.3189
0.4254
0.0001
0.3639
0.4742
0.3673
0.4687
0.0830
0.4325
0.4578
0.4341
0.4485
0.2622
0.4331
0.4875
0.4339
0.4810
0.2616
0.4264
0.4629
0.4284
0.4496
0.1097
0.4264
0.4629
0.4284
0.4496
0.1097
0.4118
0.4607
0.4144
0.4470
0.0791
0.3458
0.4102
0.3455
0.3870
0.0474
0.2571
0.4068
0.2578
0.3836
0.0367
0.2473
0.3229
0.2460
0.2837
0.0329
0.1164
0.2605
0.1133
0.2050
0.0314
0.1142
0.2545
0.1113
0.2048
0.0314
0.0969
0.2168
0.0913
0.1693
0.0314
0.0931
0.2127
0.0839
0.1680
0.0314
0.0427
0.1568
0.0448
0.1115
0.0314
0.0427
0.1564
0.0448
0.1115
0.0314
0.0427
0.1564
0.0448
0.1115
0.0314
Rutherford
0.0261
0.1066
0.0261
0.1020
0.0279
0.0532
0.3206
0.0567
0.3098
0.0274
0.0745
0.3222
0.0766
0.3107
0.0249
0.1840
0.3643
0.1870
0.3509
0.0249
0.1871
0.3675
0.1897
0.3513
0.0249
0.2527
0.3925
0.2520
0.3776
0.0249
0.2592
0.3931
0.2531
0.3779
0.0249
0.3169
0.4363
0.3189
0.4254
0.0001
0.3639
0.4742
0.3673
0.4687
0.0830
0.4325
0.4578
0.4341
0.4485
0.2622
0.4331
0.4875
0.4339
0.4810
0.2616
0.4264
0.4629
0.4284
0.4496
0.1097
0.4264
0.4629
0.4284
0.4496
0.1097
0.4118
0.4607
0.4144
0.4470
0.0791
0.3458
0.4102
0.3455
0.3870
0.0474
0.2571
0.4068
0.2578
0.3836
0.0367
0.2473
0.3229
0.2460
0.2837
0.0329
0.1164
0.2605
0.1133
0.2050
0.0314
0.1142
0.2545
0.1113
0.2048
0.0314
0.0969
0.2168
0.0913
0.1693
0.0314
0.0931
0.2127
0.0839
0.1680
0.0314
0.0427
0.1568
0.0448
0.1115
0.0314
0.0427
0.1564
0.0448
0.1115
0.0314
0.0427
0.1564
0.0448
0.1115
0.0314
Softball
0.0261
0.1066
0.0261
0.1020
0.0279
0.0532
0.3206
0.0567
0.3098
0.0274
0.0745
0.3222
0.0766
0.3107
0.0249
0.1840
0.3643
0.1870
0.3509
0.0249
0.1871
0.3675
0.1897
0.3513
0.0249
0.2527
0.3925
0.2520
0.3776
0.0249
0.2592
0.3931
0.2531
0.3779
0.0249
0.3169
0.4363
0.3189
0.4254
0.0001
0.3639
0.4742
0.3673
0.4687
0.0830
0.4325
0.4578
0.4341
0.4485
0.2622
0.4331
0.4875
0.4339
0.4810
0.2616
0.4264
0.4629
0.4284
0.4496
0.1097
0.4264
0.4629
0.4284
0.4496
0.1097
0.4118
0.4607
0.4144
0.4470
0.0791
0.3458
0.4102
0.3455
0.3870
0.0474
0.2571
0.4068
0.2578
0.3836
0.0367
0.2473
0.3229
0.2460
0.2837
0.0329
0.1164
0.2605
0.1133
0.2050
0.0314
0.1142
0.2545
0.1113
0.2048
0.0314
0.0969
0.2168
0.0913
0.1693
0.0314
0.0931
0.2127
0.0839
0.1680
0.0314
0.0427
0.1568
0.0448
0.1115
0.0314
0.0427
0.1564
0.0448
0.1115
0.0314
0.0427
0.1564
0.0448
0.1115
0.0314
Ezell
0.0261
0.1066
0.0261
0.1020
0.0279
0.0532
0.3206
0.0567
0.3098
0.0274
0.0745
0.3222
0.0766
0.3107
0.0249
0.1840
0.3643
0.1870
0.3509
0.0249
0.1871
0.3675
0.1897
0.3513
0.0249
0.2527
0.3925
0.2520
0.3776
0.0249
0.2592
0.3931
0.2531
0.3779
0.0249
0.3169
0.4363
0.3189
0.4254
0.0001
0.3639
0.4742
0.3673
0.4687
0.0830
0.4325
0.4578
0.4341
0.4485
0.2622
0.4331
0.4875
0.4339
0.4810
0.2616
0.4264
0.4629
0.4284
0.4496
0.1097
0.4264
0.4629
0.4284
0.4496
0.1097
0.4118
0.4607
0.4144
0.4470
0.0791
0.3458
0.4102
0.3455
0.3870
0.0474
0.2571
0.4068
0.2578
0.3836
0.0367
0.2473
0.3229
0.2460
0.2837
0.0329
0.1164
0.2605
0.1133
0.2050
0.0314
0.1142
0.2545
0.1113
0.2048
0.0314
0.0969
0.2168
0.0913
0.1693
0.0314
0.0931
0.2127
0.0839
0.1680
0.0314
0.0427
0.1568
0.0448
0.1115
0.0314
0.0427
0.1564
0.0448
0.1115
0.0314
0.0427
0.1564
0.0448
0.1115
0.0314
MtsuBlvdG
0.0261
0.1066
0.0261
0.1020
0.0279
0.0532
0.3206
0.0567
0.3098
0.0274
0.0745
0.3222
0.0766
0.3107
0.0249
0.1840
0.3643
0.1870
0.3509
0.0249
0.1871
0.3675
0.1897
0.3513
0.0249
0.2527
0.3925
0.2520
0.3776
0.0249
0.2592
0.3931
0.2531
0.3779
0.0249
0.3169
0.4363
0.3189
0.4254
0.0001
0.3639
0.4742
0.3673
0.4687
0.0830
0.4325
0.4578
0.4341
0.4485
0.2622
0.4331
0.4875
0.4339
0.4810
0.2616
0.4264
0.4629
0.4284
0.4496
0.1097
0.4264
0.4629
0.4284
0.4496
0.1097
0.4118
0.4607
0.4144
0.4470
0.0791
0.3458
0.4102
0.3455
0.3870
0.0474
0.2571
0.4068
0.2578
0.3836
0.0367
0.2473
0.3229
0.2460
0.2837
0.0329
0.1164
0.2605
0.1133
0.2050
0.0314
0.1142
0.2545
0.1113
0.2048
0.0314
0.0969
0.2168
0.0913
0.1693
0.0314
0.0931
0.2127
0.0839
0.1680
0.0314
0.0427
0.1568
0.0448
0.1115
0.0314
0.0427
0.1564
0.0448
0.1115
0.0314
0.0427
0.1564
0.0448
0.1115
0.0314
Rec
0.0261
0.1066
0.0261
0.1020
0.0279
0.0532
0.3206
0.0567
0.3098
0.0274
0.0745
0.3222
0.0766
0.3107
0.0249
0.1840
0.3643
0.1870
0.3509
0.0249
0.1871
0.3675
0.1897
0.3513
0.0249
0.2527
0.3925
0.2520
0.3776
0.0249
0.2592
0.3931
0.2531
0.3779
0.0249
0.3169
0.4363
0.3189
0.4254
0.0001
0.3639
0.4742
0.3673
0.4687
0.0830
0.4325
0.4578
0.4341
0.4485
0.2622
0.4331
0.4875
0.4339
0.4810
0.2616
0.4264
0.4629
0.4284
0.4496
0.1097
0.4264
0.4629
0.4284
0.4496
0.1097
0.4118
0.4607
0.4144
0.4470
0.0791
0.3458
0.4102
0.3455
0.3870
0.0474
0.2571
0.4068
0.2578
0.3836
0.0367
0.2473
0.3229
0.2460
0.2837
0.0329
0.1164
0.2605
0.1133
0.2050
0.0314
0.1142
0.2545
0.1113
0.2048
0.0314
0.0969
0.2168
0.0913
0.1693
0.0314
0.0931
0.2127
0.0839
0.1680
0.0314
0.0427
0.1568
0.0448
0.1115
0.0314
0.0427
0.1564
0.0448
0.1115
0.0314
0.0427
0.1564
0.0448
0.1115
0.0314
Abernathy
0.0261
0.1066
0.0261
0.1020
0.0279
0.0532
0.3206
0.0567
0.3098
0.0274
0.0745
0.3222
0.0766
0.3107
0.0249
0.1840
0.3643
0.1870
0.3509
0.0249
0.1871
0.3675
0.1897
0.3513
0.0249
0.2527
0.3925
0.2520
0.3776
0.0249
0.2592
0.3931
0.2531
0.3779
0.0249
0.3169
0.4363
0.3189
0.4254
0.0001
0.3639
0.4742
0.3673
0.4687
0.0830
0.4325
0.4578
0.4341
0.4485
0.2622
0.4331
0.4875
0.4339
0.4810
0.2616
0.4264
0.4629
0.4284
0.4496
0.1097
0.4264
0.4629
0.4284
0.4496
0.1097
0.4118
0.4607
0.4144
0.4470
0.0791
0.3458
0.4102
0.3455
0.3870
0.0474
0.2571
0.4068
0.2578
0.3836
0.0367
0.2473
0.3229
0.2460
0.2837
0.0329
0.1164
0.2605
0.1133
0.2050
0.0314
0.1142
0.2545
0.1113
0.2048
0.0314
0.0969
0.2168
0.0913
0.1693
0.0314
0.0931
0.2127
0.0839
0.1680
0.0314
0.0427
0.1568
0.0448
0.1115
0.0314
0.0427
0.1564
0.0448
0.1115
0.0314
0.0427
0.1564
0.0448
0.1115
0.0314
MTSU
0.0261
0.1066
0.0261
0.1020
0.0279
0.0532
0.3206
0.0567
0.3098
0.0274
0.0745
0.3222
0.0766
0.3107
0.0249
0.1840
0.3643
0.1870
0.3509
0.0249
0.1871
0.3675
0.1897
0.3513
0.0249
0.2527
0.3925
0.2520
0.3776
0.0249
0.2592
0.3931
0.2531
0.3779
0.0249
0.3169
0.4363
0.3189
0.4254
0.0001
0.3639
0.4742
0.3673
0.4687
0.0830
0.4325
0.4578
0.4341
0.4485
0.2622
0.4331
0.4875
0.4339
0.4810
0.2616
0.4264
0.4629
0.4284
0.4496
0.1097
0.4264
0.4629
0.4284
0.4496
0.1097
0.4118
0.4607
0.4144
0.4470
0.0791
0.3458
0.4102
0.3455
0.3870
0.0474
0.2571
0.4068
0.2578
0.3836
0.0367
0.2473
0.3229
0.2460
0.2837
0.0329
0.1164
0.2605
0.1133
0.2050
0.0314
0.1142
0.2545
0.1113
0.2048
0.0314
0.0969
0.2168
0.0913
0.1693
0.0314
0.0931
0.2127
0.0839
0.1680
0.0314
0.0427
0.1568
0.0448
0.1115
0.0314
0.0427
0.1564
0.0448
0.1115
0.0314
0.0427
0.1564
0.0448
0.1115
0.0314
Highland
0.0261
0.1066
0.0261
0.1020
0.0279
0.0532
0.3206
0.0567
0.3098
0.0274
0.0745
0.3222
0.0766
0.3107
0.0249
0.1840
0.3643
0.1870
0.3509
0.0249
0.1871
0.3675
0.1897
0.3513
0.0249
0.2527
0.3925
0.2520
0.3776
0.0249
0.2592
0.3931
0.2531
0.3779
0.0249
0.3169
0.4363
0.3189
0.4254
0.0001
0.3639
0.4742
0.3673
0.4687
0.0830
0.4325
0.4578
0.4341
0.4485
0.2622
0.4331
0.4875
0.4339
0.4810
0.2616
0.4264
0.4629
0.4284
0.4496
0.1097
0.4264
0.4629
0.4284
0.4496
0.1097
0.4118
0.4607
0.4144
0.4470
0.0791
0.3458
0.4102
0.3455
0.3870
0.0474
0.2571
0.4068
0.2578
0.3836
0.0367
0.2473
0.3229
0.2460
0.2837
0.0329
0.1164
0.2605
0.1133
0.2050
0.0314
0.1142
0.2545
0.1113
0.2048
0.0314
0.0969
0.2168
0.0913
0.1693
0.0314
0.0931
0.2127
0.0839
0.1680
0.0314
0.0427
0.1568
0.0448
0.1115
0.0314
0.0427
0.1564
0.0448
0.1115
0.0314
0.0427
0.1564
0.0448
0.1115
0.0314
MEC
0.0261
0.1066
0.0261
0.1020
0.0279
0.0532
0.3206
0.0567
0.3098
0.0274
0.0745
0.3222
0.0766
0.3107
0.0249
0.1840
0.3643
0.1870
0.3509
0.0249
0.1871
0.3675
0.1897
0.3513
0.0249
0.2527
0.3925
0.2520
0.3776
0.0249
0.2592
0.3931
0.2531
0.3779
0.0249
0.3169
0.4363
0.3189
0.4254
0.0001
0.3639
0.4742
0.3673
0.4687
0.0830
0.4325
0.4578
0.4341
0.4485
0.2622
0.4331
0.4875
0.4339
0.4810
0.2616
0.4264
0.4629
0.4284
0.4496
0.1097
0.4264
0.4629
0.4284
0.4496
0.1097
0.4118
0.4607
0.4144
0.4470
0.0791
0.3458
0.4102
0.3455
0.3870
0.0474
0.2571
0.4068
0.2578
0.3836
0.0367
0.2473
0.3229
0.2460
0.2837
0.0329
0.1164
0.2605
0.1133
0.2050
0.0314
0.1142
0.2545
0.1113
0.2048
0.0314
0.0969
0.2168
0.0913
0.1693
0.0314
0.0931
0.2127
0.0839
0.1680
0.0314
0.0427
0.1568
0.0448
0.1115
0.0314
0.0427
0.1564
0.0448
0.1115
0.0314
0.0427
0.1564
0.0448
0.1115
0.0314
Jackson
0.0261
0.1066
0.0261
0.1020
0.0279
0.0532
0.3206
0.0567
0.3098
0.0274
0.0745
0.3222
0.0766
0.3107
0.0249
0.1840
0.3643
0.1870
0.3509
0.0249
0.1871
0.3675
0.1897
0.3513
0.0249
0.2527
0.3925
0.2520
0.3776
0.0249
0.2592
0.3931
0.2531
0.3779
0.0249
0.3169
0.4363
0.3189
0.4254
0.0001
0.3639
0.4742
0.3673
0.4687
0.0830
0.4325
0.4578
0.4341
0.4485
0.2622
0.4331
0.4875
0.4339
0.4810
0.2616
0.4264
0.4629
0.4284
0.4496
0.1097
0.4264
0.4629
0.4284
0.4496
0.1097
0.4118
0.4607
0.4144
0.4470
0.0791
0.3458
0.4102
0.3455
0.3870
0.0474
0.2571
0.4068
0.2578
0.3836
0.0367
0.2473
0.3229
0.2460
0.2837
0.0329
0.1164
0.2605
0.1133
0.2050
0.0314
0.1142
0.2545
0.1113
0.2048
0.0314
0.0969
0.2168
0.0913
0.1693
0.0314
0.0931
0.2127
0.0839
0.1680
0.0314
0.0427
0.1568
0.0448
0.1115
0.0314
0.0427
0.1564
0.0448
0.1115
0.0314
0.0427
0.1564
0.0448
0.1115
0.0314
Livestock
0.0261
0.1066
0.0261
0.1020
0.0279
0.0532
0.3206
0.0567
0.3098
0.0274
0.0745
0.3222
0.0766
0.3107
0.0249
0.1840
0.3643
0.1870
0.3509
0.0249
0.1871
0.3675
0.1897
0.3513
0.0249
0.2527
0.3925
0.2520
0.3776
0.0249
0.2592
0.3931
0.2531
0.3779
0.0249
0.3169
0.4363
0.3189
0.4254
0.0001
0.3639
0.4742
0.3673
0.4687
0.0830
0.4325
0.4578
0.4341
0.4485
0.2622
0.4331
0.4875
0.4339
0.4810
0.2616
0.4264
0.4629
0.4284
0.4496
0.1097
0.4264
0.4629
0.4284
0.4496
0.1097
0.4118
0.4607
0.4144
0.4470
0.0791
0.3458
0.4102
0.3455
0.3870
0.0474
0.2571
0.4068
0.2578
0.3836
0.0367
0.2473
0.3229
0.2460
0.2837
0.0329
0.1164
0.2605
0.1133
0.2050
0.0314
0.1142
0.2545
0.1113
0.2048
0.0314
0.0969
0.2168
0.0913
0.1693
0.0314
0.0931
0.2127
0.0839
0.1680
0.0314
0.0427
0.1568
0.0448
0.1115
0.0314
0.0427
0.1564
0.0448
0.1115
0.0314
0.0427
0.1564
0.0448
0.1115
0.0314
Greenhouse
0.0261
0.1066
0.0261
0.1020
0.0279
0.0532
0.3206
0.0567
0.3098
0.0274
0.0745
0.3222
0.0766
0.3107
0.0249
0.1840
0.3643
0.1870
0.3509
0.0249
0.1871
0.3675
0.1897
0.3513
0.0249
0.2527
0.3925
0.2520
0.3776
0.0249
0.2592
0.3931
0.2531
0.3779
0.0249
0.3169
0.4363
0.3189
0.4254
0.0001
0.3639
0.4742
0.3673
0.4687
0.0830
0.4325
0.4578
0.4341
0.4485
0.2622
0.4331
0.4875
0.4339
0.4810
0.2616
0.4264
0.4629
0.4284
0.4496
0.1097
0.4264
0.4629
0.4284
0.4496
0.1097
0.4118
0.4607
0.4144
0.4470
0.0791
0.3458
0.4102
0.3455
0.3870
0.0474
0.2571
0.4068
0.2578
0.3836
0.0367
0.2473
0.3229
0.2460
0.2837
0.0329
0.1164
0.2605
0.1133
0.2050
0.0314
0.1142
0.2545
0.1113
0.2048
0.0314
0.0969
0.2168
0.0913
0.1693
0.0314
0.0931
0.2127
0.0839
0.1680
0.0314
0.0427
0.1568
0.0448
0.1115
0.0314
0.0427
0.1564
0.0448
0.1115
0.0314
0.0427
0.1564
0.0448
0.1115
0.0314
ChampionWayG
0.0261
0.1066
0.0261
0.1020
0.0279
0.0532
0.3206
0.0567
0.3098
0.0274
0.0745
0.3222
0.0766
0.3107
0.0249
0.1840
0.3643
0.1870
0.3509
0.0249
0.1871
0.3675
0.1897
0.3513
0.0249
0.2527
0.3925
0.2520
0.3776
0.0249
0.2592
0.3931
0.2531
0.3779
0.0249
0.3169
0.4363
0.3189
0.4254
0.0001
0.3639
0.4742
0.3673
0.4687
0.0830
0.4325
0.4578
0.4341
0.4485
0.2622
0.4331
0.4875
0.4339
0.4810
0.2616
0.4264
0.4629
0.4284
0.4496
0.1097
0.4264
0.4629
0.4284
0.4496
0.1097
0.4118
0.4607
0.4144
0.4470
0.0791
0.3458
0.4102
0.3455
0.3870
0.0474
0.2571
0.4068
0.2578
0.3836
0.0367
0.2473
0.3229
0.2460
0.2837
0.0329
0.1164
0.2605
0.1133
0.2050
0.0314
0.1142
0.2545
0.1113
0.2048
0.0314
0.0969
0.2168
0.0913
0.1693
0.0314
0.0931
0.2127
0.0839
0.1680
0.0314
0.0427
0.1568
0.0448
0.1115
0.0314
0.0427
0.1564
0.0448
0.1115
0.0314
0.0427
0.1564
0.0448
0.1115
0.0314
Greenland
0.0261
0.1066
0.0261
0.1020
0.0279
0.0532
0.3206
0.0567
0.3098
0.0274
0.0745
0.3222
0.0766
0.3107
0.0249
0.1840
0.3643
0.1870
0.3509
0.0249
0.1871
0.3675
0.1897
0.3513
0.0249
0.2527
0.3925
0.2520
0.3776
0.0249
0.2592
0.3931
0.2531
0.3779
0.0249
0.3169
0.4363
0.3189
0.4254
0.0001
0.3639
0.4742
0.3673
0.4687
0.0830
0.4325
0.4578
0.4341
0.4485
0.2622
0.4331
0.4875
0.4339
0.4810
0.2616
0.4264
0.4629
0.4284
0.4496
0.1097
0.4264
0.4629
0.4284
0.4496
0.1097
0.4118
0.4607
0.4144
0.4470
0.0791
0.3458
0.4102
0.3455
0.3870
0.0474
0.2571
0.4068
0.2578
0.3836
0.0367
0.2473
0.3229
0.2460
0.2837
0.0329
0.1164
0.2605
0.1133
0.2050
0.0314
0.1142
0.2545
0.1113
0.2048
0.0314
0.0969
0.2168
0.0913
0.1693
0.0314
0.0931
0.2127
0.0839
0.1680
0.0314
0.0427
0.1568
0.0448
0.1115
0.0314
0.0427
0.1564
0.0448
0.1115
0.0314
0.0427
0.1564
0.0448
0.1115
0.0314
MiddleTN
0.0261
0.1066
0.0261
0.1020
0.0279
0.0532
0.3206
0.0567
0.3098
0.0274
0.0745
0.3222
0.0766
0.3107
0.0249
0.1840
0.3643
0.1870
0.3509
0.0249
0.1871
0.3675
0.1897
0.3513
0.0249
0.2527
0.3925
0.2520
0.3776
0.0249
0.2592
0.3931
0.2531
0.3779
0.0249
0.3169
0.4363
0.3189
0.4254
0.0001
0.3639
0.4742
0.3673
0.4687
0.0830
0.4325
0.4578
0.4341
0.4485
0.2622
0.4331
0.4875
0.4339
0.4810
0.2616
0.4264
0.4629
0.4284
0.4496
0.1097
0.4264
0.4629
0.4284
0.4496
0.1097
0.4118
0.4607
0.4144
0.4470
0.0791
0.3458
0.4102
0.3455
0.3870
0.0474
0.2571
0.4068
0.2578
0.3836
0.0367
0.2473
0.3229
0.2460
0.2837
0.0329
0.1164
0.2605
0.1133
0.2050
0.0314
0.1142
0.2545
0.1113
0.2048
0.0314
0.0969
0.2168
0.0913
0.1693
0.0314
0.0931
0.2127
0.0839
0.1680
0.0314
0.0427
0.1568
0.0448
0.1115
0.0314
0.0427
0.1564
0.0448
0.1115
0.0314
0.0427
0.1564
0.0448
0.1115
0.0314
