Rose
0.0
0.0038
0.0
0.0028
0.0
0.0
0.8094
0.0
0.7881
0.0
0.0
0.8122
0.0
0.7899
0.0
0.2506
0.8746
0.2691
0.8583
0.0
0.2724
0.8775
0.2881
0.8588
0.0
0.6131
0.897
0.6092
0.8859
0.0
0.6412
0.8974
0.6145
0.8861
0.0
0.8028
0.9232
0.8071
0.9175
0.0
0.8741
0.9409
0.8772
0.938
0.0003
0.9211
0.9333
0.922
0.9291
0.6548
0.9213
0.9476
0.9218
0.9443
0.6511
0.9178
0.9355
0.9189
0.9296
0.0048
0.9178
0.9355
0.9189
0.9296
0.0048
0.9094
0.9345
0.9109
0.9283
0.0
0.85
0.9086
0.8497
0.8929
0.0
0.6334
0.9064
0.637
0.8903
0.0
0.5889
0.8141
0.5827
0.7249
0.0
0.0073
0.6432
0.0061
0.3772
0.0
0.0063
0.6175
0.0053
0.3761
0.0
0.002
0.4387
0.0012
0.1117
0.0
0.0014
0.4176
0.0003
0.0999
0.0
0.0
0.0217
0.0
0.0053
0.0
0.0
0.0215
0.0
0.0053
0.0
0.0
0.0215
0.0
0.0053
0.0
FairView
0.0206
0.0224
0.0206
0.0216
0.0206
0.0199
0.7913
0.0199
0.7703
0.0206
0.0196
0.7941
0.0196
0.7722
0.0205
0.2488
0.8554
0.2666
0.8394
0.0205
0.2698
0.8582
0.2848
0.8398
0.0205
0.5984
0.8775
0.5945
0.8665
0.0205
0.626
0.8778
0.5998
0.8667
0.0205
0.7849
0.9032
0.7891
0.8977
0.0203
0.8549
0.9207
0.858
0.9178
0.0196
0.9012
0.9132
0.9021
0.9091
0.6393
0.9015
0.9273
0.9019
0.9241
0.6358
0.898
0.9153
0.8991
0.9095
0.0232
0.898
0.9153
0.8991
0.9095
0.0232
0.8897
0.9144
0.8912
0.9083
0.0195
0.8313
0.8888
0.831
0.8735
0.02
0.6184
0.8867
0.6218
0.8709
0.0201
0.5746
0.7959
0.5686
0.7082
0.0201
0.0252
0.6279
0.0242
0.3702
0.0201
0.0244
0.6027
0.0236
0.3691
0.0201
0.021
0.4291
0.0204
0.1156
0.0201
0.0206
0.4089
0.0198
0.1042
0.0201
0.02
0.0297
0.02
0.0235
0.0201
0.02
0.0298
0.02
0.0235
0.0201
0.02
0.0298
0.02
0.0235
0.0201
Bell
0.1458
0.1417
0.1458
0.1417
0.1459
0.1431
0.6856
0.143
0.6671
0.1459
0.142
0.6881
0.1419
0.6687
0.1458
0.2474
0.7422
0.2605
0.728
0.1458
0.2628
0.7447
0.2738
0.7284
0.1458
0.5152
0.7618
0.5117
0.752
0.1458
0.5395
0.7621
0.5163
0.7522
0.1458
0.6798
0.7847
0.6834
0.7797
0.1446
0.7417
0.8002
0.7444
0.7977
0.1411
0.7829
0.7936
0.7836
0.7899
0.5512
0.7832
0.8061
0.7835
0.8033
0.5481
0.7801
0.7954
0.781
0.7903
0.1413
0.7801
0.7954
0.781
0.7903
0.1413
0.7727
0.7946
0.774
0.7892
0.1415
0.721
0.7718
0.7206
0.7582
0.1434
0.5328
0.77
0.5356
0.7559
0.1438
0.4941
0.6895
0.4885
0.6121
0.1439
0.1419
0.5414
0.1413
0.3367
0.144
0.1418
0.5191
0.1412
0.3359
0.144
0.1417
0.3798
0.1414
0.1502
0.144
0.1417
0.3649
0.1414
0.1419
0.144
0.1436
0.0919
0.1435
0.1418
0.144
0.1436
0.093
0.1435
0.1418
0.144
0.1436
0.093
0.1435
0.1418
0.144
IngramN
0.2323
0.2148
0.2323
0.2162
0.2325
0.2248
0.6058
0.2244
0.5886
0.2324
0.2215
0.6081
0.2212
0.5901
0.2322
0.2312
0.6583
0.2412
0.6451
0.2322
0.2431
0.6607
0.2514
0.6454
0.2322
0.4476
0.6768
0.4442
0.6676
0.2322
0.4702
0.6771
0.4485
0.6678
0.2322
0.6004
0.6984
0.6036
0.6937
0.229
0.6579
0.713
0.6603
0.7106
0.2193
0.6966
0.7067
0.6973
0.7033
0.4809
0.6969
0.7185
0.6972
0.7159
0.4781
0.6941
0.7085
0.6948
0.7036
0.2124
0.6941
0.7085
0.6948
0.7036
0.2124
0.6871
0.7077
0.6883
0.7026
0.2204
0.6386
0.6863
0.6382
0.6734
0.2255
0.4638
0.6845
0.4664
0.6712
0.2266
0.4279
0.6094
0.4227
0.5375
0.227
0.2094
0.472
0.2105
0.2998
0.2271
0.2109
0.4514
0.2117
0.2992
0.2271
0.2175
0.3329
0.2182
0.1569
0.2271
0.2183
0.3215
0.2196
0.1505
0.2271
0.226
0.1171
0.2258
0.2126
0.2271
0.226
0.1189
0.2258
0.2126
0.2271
0.226
0.1189
0.2258
0.2126
0.2271
IngramS
0.2588
0.2934
0.2588
0.2891
0.2585
0.2703
0.6232
0.2711
0.6087
0.2586
0.2754
0.6252
0.2761
0.6099
0.259
0.3185
0.6677
0.3262
0.6566
0.259
0.3276
0.6695
0.3339
0.6569
0.259
0.489
0.6824
0.4861
0.675
0.259
0.5081
0.6826
0.4898
0.6752
0.259
0.6186
0.6996
0.6214
0.6958
0.2633
0.6674
0.7113
0.6693
0.7094
0.278
0.6983
0.7063
0.6988
0.7035
0.5171
0.6985
0.7157
0.6987
0.7136
0.5148
0.6962
0.7076
0.6969
0.7038
0.2973
0.6962
0.7076
0.6969
0.7038
0.2973
0.6907
0.707
0.6917
0.703
0.2768
0.6512
0.6899
0.6508
0.6797
0.2693
0.5027
0.6885
0.5049
0.678
0.2676
0.4723
0.6262
0.4678
0.5652
0.2671
0.3081
0.5096
0.3023
0.3709
0.2669
0.3039
0.4921
0.2991
0.3705
0.2669
0.2856
0.396
0.2821
0.2621
0.2669
0.2834
0.3873
0.2786
0.2572
0.2669
0.2686
0.2336
0.2689
0.2992
0.2669
0.2686
0.2355
0.2689
0.2992
0.2669
0.2686
0.2355
0.2689
0.2992
0.2669
ParkingServ
0.5907
0.4168
0.5907
0.4359
0.5922
0.5266
0.2001
0.523
0.1846
0.5918
0.4984
0.2022
0.4953
0.186
0.5897
0.0
0.2482
0.0
0.2359
0.5897
0.0
0.2508
0.0
0.2363
0.5897
0.0567
0.268
0.0537
0.2582
0.5897
0.0772
0.2684
0.0576
0.2584
0.5897
0.1952
0.2912
0.1982
0.2862
0.5647
0.2475
0.3068
0.2502
0.3042
0.4822
0.2891
0.3001
0.2898
0.2964
0.0871
0.2892
0.3128
0.2896
0.3098
0.0842
0.2862
0.3021
0.2871
0.2968
0.3953
0.2862
0.3021
0.2871
0.2968
0.3953
0.2786
0.3012
0.28
0.2956
0.4897
0.2295
0.2783
0.2292
0.2644
0.5324
0.0715
0.2764
0.074
0.262
0.5419
0.0389
0.2038
0.0343
0.1386
0.5449
0.3502
0.0793
0.3727
0.0
0.5461
0.3689
0.0606
0.3875
0.0
0.5461
0.4514
0.0
0.4652
0.0
0.5461
0.4615
0.0
0.4817
0.0
0.5461
0.5368
0.0276
0.535
0.3905
0.5461
0.5368
0.0327
0.535
0.3905
0.5461
0.5368
0.0327
0.535
0.3905
0.5461
MainSt
0.574
0.4544
0.574
0.4675
0.575
0.5296
0.2543
0.5271
0.2405
0.5748
0.5099
0.2561
0.5077
0.2417
0.5733
0.0877
0.297
0.087
0.2862
0.5733
0.0868
0.2992
0.0862
0.2864
0.5733
0.1267
0.3138
0.1241
0.3054
0.5733
0.145
0.3141
0.1276
0.3056
0.5733
0.2498
0.3335
0.2526
0.3293
0.556
0.2962
0.3468
0.2986
0.3446
0.4992
0.3316
0.3411
0.3322
0.3379
0.154
0.3316
0.3519
0.332
0.3494
0.1513
0.3291
0.3428
0.3299
0.3383
0.4394
0.3291
0.3428
0.3299
0.3383
0.4394
0.3226
0.3421
0.3238
0.3373
0.5039
0.2802
0.3226
0.2799
0.3107
0.5335
0.14
0.321
0.1423
0.3086
0.5402
0.1111
0.2578
0.1071
0.1998
0.5422
0.4084
0.1473
0.4241
0.0828
0.543
0.4212
0.1306
0.4343
0.0829
0.543
0.4777
0.0806
0.4873
0.0931
0.543
0.4846
0.0814
0.4985
0.0936
0.543
0.5366
0.1237
0.5353
0.4363
0.543
0.5366
0.1285
0.5353
0.4363
0.543
0.5366
0.1285
0.5353
0.4363
0.543
PublicSafety
1.0
1.0
1.0
1.0
1.0
1.0
0.0
1.0
0.0
1.0
1.0
0.0
1.0
0.0
1.0
0.3148
0.0
0.2941
0.0
1.0
0.2906
0.0
0.2732
0.0
1.0
0.0
0.0
0.0
0.0
1.0
0.0
0.0
0.0
0.0
1.0
0.0
0.0
0.0
0.0
1.0
0.0
0.0
0.0
0.0
1.0
0.0
0.0
0.0
0.0
0.0
0.0
0.0
0.0
0.0
0.0
0.0
0.0
0.0
0.0
1.0
0.0
0.0
0.0
0.0
1.0
0.0
0.0
0.0
0.0
1.0
0.0
0.0
0.0
0.0
1.0
0.0
0.0
0.0
0.0
1.0
0.0
0.0
0.0
0.0
1.0
1.0
0.0
1.0
0.1741
1.0
1.0
0.0
1.0
0.1753
1.0
1.0
0.1058
1.0
0.4672
1.0
1.0
0.129
1.0
0.4802
1.0
1.0
0.6067
1.0
1.0
1.0
1.0
0.6146
1.0
1.0
1.0
1.0
0.6146
1.0
1.0
1.0
CollegeHeights
0.3742
0.5086
0.3742
0.4934
0.373
0.4219
0.6052
0.4245
0.5971
0.3733
0.4427
0.6063
0.4451
0.5978
0.3748
0.49
0.6302
0.4907
0.6243
0.3748
0.4906
0.631
0.4913
0.6245
0.3748
0.529
0.6362
0.5276
0.6332
0.3748
0.5399
0.6363
0.5296
0.6333
0.3748
0.6025
0.6431
0.6043
0.6416
0.3937
0.6298
0.6478
0.6306
0.647
0.456
0.6423
0.6458
0.6425
0.6446
0.5455
0.6421
0.6496
0.6424
0.6487
0.5437
0.6414
0.6465
0.6417
0.6448
0.5245
0.6414
0.6465
0.6417
0.6448
0.5245
0.639
0.6462
0.6395
0.6444
0.4491
0.6204
0.6394
0.6203
0.6351
0.4174
0.537
0.6388
0.5385
0.6343
0.4105
0.5198
0.6076
0.5175
0.573
0.4081
0.5605
0.5417
0.5428
0.4944
0.4072
0.5456
0.5317
0.5312
0.4943
0.4072
0.4797
0.4966
0.4688
0.4858
0.4072
0.4718
0.4961
0.4557
0.4854
0.4072
0.4141
0.4983
0.4156
0.5294
0.4072
0.4141
0.5007
0.4156
0.5294
0.4072
0.4141
0.5007
0.4156
0.5294
0.4072
SportsPlex
0.1799
0.6335
0.1799
0.5827
0.176
0.3437
1.0
0.3529
1.0
0.1771
0.4158
1.0
0.4238
1.0
0.1823
1.0
0.9989
1.0
1.0
0.1823
1.0
0.9977
1.0
1.0
0.1823
1.0
0.9899
1.0
0.9944
0.1823
1.0
0.9898
1.0
0.9943
0.1823
1.0
0.9794
1.0
0.9817
0.2465
0.9992
0.9724
0.9979
0.9736
0.4581
0.9803
0.9754
0.98
0.9771
1.0
0.9803
0.9697
0.9801
0.971
1.0
0.9817
0.9745
0.9813
0.9769
0.6883
0.9817
0.9745
0.9813
0.9769
0.6883
0.9851
0.9749
0.9845
0.9774
0.4377
1.0
0.9853
1.0
0.9916
0.3288
1.0
0.9861
1.0
0.9926
0.3046
1.0
1.0
1.0
1.0
0.2968
0.809
1.0
0.7486
1.0
0.2938
0.7592
1.0
0.7094
1.0
0.2938
0.5397
1.0
0.5026
1.0
0.2938
0.5131
1.0
0.459
1.0
0.2938
0.3174
1.0
0.3223
0.7029
0.2938
0.3174
1.0
0.3223
0.7029
0.2938
0.3174
1.0
0.3223
0.7029
0.2938
CityView
0.1441
0.5089
0.1441
0.4679
0.1409
0.2755
0.9628
0.2828
0.9586
0.1418
0.3333
0.9633
0.3398
0.9589
0.146
0.8522
0.9748
0.8558
0.9725
0.146
0.8565
0.9745
0.8596
0.9726
0.146
0.9239
0.972
0.9232
0.9734
0.146
0.9295
0.972
0.9242
0.9734
0.146
0.9615
0.9688
0.9624
0.9695
0.1976
0.9749
0.9666
0.9745
0.9669
0.3676
0.969
0.9675
0.9689
0.968
0.9323
0.969
0.9657
0.9689
0.9661
0.9315
0.9694
0.9672
0.9693
0.968
0.5532
0.9694
0.9672
0.9693
0.968
0.5532
0.9705
0.9674
0.9703
0.9681
0.351
0.9707
0.9706
0.9706
0.9725
0.2635
0.928
0.9709
0.9287
0.9729
0.2441
0.9192
0.9638
0.918
0.9462
0.2378
0.6503
0.93
0.6017
0.8771
0.2354
0.6101
0.9249
0.5701
0.8769
0.2354
0.4331
0.8894
0.4032
0.8243
0.2354
0.4116
0.8852
0.368
0.822
0.2354
0.2543
0.8072
0.2583
0.5648
0.2354
0.2543
0.8071
0.2583
0.5648
0.2354
0.2543
0.8071
0.2583
0.5648
0.2354
GreekRow
0.105
0.3798
0.1049
0.3488
0.1025
0.2035
0.9273
0.209
0.9188
0.1032
0.247
0.9285
0.2518
0.9196
0.1064
0.7023
0.9529
0.7098
0.9471
0.1064
0.7111
0.9534
0.7174
0.9472
0.1064
0.8486
0.9564
0.8471
0.9547
0.1064
0.8599
0.9565
0.8492
0.9547
0.1064
0.9248
0.9606
0.9266
0.9597
0.1452
0.9528
0.9633
0.9533
0.9629
0.2731
0.9602
0.9621
0.9604
0.9615
0.8656
0.9602
0.9644
0.9603
0.9639
0.8639
0.9596
0.9625
0.9598
0.9616
0.4136
0.9596
0.9625
0.9598
0.9616
0.4136
0.9582
0.9624
0.9585
0.9613
0.2603
0.9434
0.9583
0.9433
0.9558
0.1946
0.8569
0.9579
0.8584
0.9553
0.18
0.839
0.9295
0.8366
0.8936
0.1752
0.4868
0.8608
0.4502
0.7532
0.1734
0.4563
0.8505
0.4263
0.7527
0.1734
0.3223
0.7783
0.2998
0.6454
0.1734
0.306
0.7698
0.2731
0.6406
0.1734
0.1876
0.6101
0.1906
0.4221
0.1734
0.1876
0.61
0.1906
0.4221
0.1734
0.1876
0.61
0.1906
0.4221
0.1734
Rutherford
0.0953
0.4325
0.0953
0.3945
0.0924
0.2166
0.9814
0.2234
0.9751
0.0932
0.27
0.9822
0.2759
0.9756
0.0971
0.8033
1.0
0.8096
0.996
0.0971
0.8107
1.0
0.8161
0.9961
0.0971
0.923
1.0
0.9219
1.0
0.0971
0.9314
1.0
0.9234
1.0
0.0971
0.9795
1.0
0.9808
1.0
0.1447
1.0
1.0
1.0
1.0
0.3016
1.0
1.0
1.0
1.0
0.9355
1.0
1.0
1.0
1.0
0.9343
1.0
1.0
1.0
1.0
0.4734
1.0
1.0
1.0
1.0
0.4734
1.0
1.0
1.0
1.0
0.2862
0.9934
1.0
0.9933
1.0
0.2056
0.9291
1.0
0.9302
1.0
0.1876
0.9158
0.9829
0.914
0.9564
0.1818
0.5634
0.9321
0.5183
0.8462
0.1796
0.5262
0.9244
0.4891
0.8458
0.1796
0.3623
0.8672
0.3346
0.756
0.1796
0.3424
0.8601
0.3021
0.7521
0.1796
0.1971
0.7246
0.2007
0.4842
0.1796
0.1971
0.7242
0.2007
0.4842
0.1796
0.1971
0.7242
0.2007
0.4842
0.1796
Softball
0.0919
0.317
0.0919
0.2915
0.0899
0.1724
0.9008
0.1768
0.8901
0.0905
0.2079
0.9023
0.2118
0.891
0.093
0.62
0.9333
0.6292
0.9257
0.093
0.6309
0.9342
0.6388
0.9259
0.093
0.8018
0.9401
0.7998
0.9367
0.093
0.816
0.9402
0.8025
0.9368
0.093
0.8976
0.9481
0.8999
0.9464
0.1248
0.9331
0.9535
0.9341
0.9526
0.2294
0.9474
0.9512
0.9477
0.9499
0.8231
0.9474
0.9556
0.9476
0.9545
0.8211
0.9463
0.9519
0.9467
0.95
0.345
0.9463
0.9519
0.9467
0.95
0.345
0.9437
0.9516
0.9442
0.9496
0.2188
0.9211
0.9437
0.9209
0.9389
0.165
0.8122
0.943
0.814
0.938
0.1531
0.7896
0.9035
0.7866
0.8584
0.1492
0.4049
0.8171
0.3749
0.6829
0.1477
0.3799
0.8041
0.3553
0.6823
0.1477
0.2696
0.714
0.2512
0.5495
0.1477
0.2563
0.7035
0.2292
0.5436
0.1477
0.1594
0.5062
0.1618
0.3517
0.1477
0.1594
0.5061
0.1618
0.3517
0.1477
0.1594
0.5061
0.1618
0.3517
0.1477
Ezell
0.1491
0.305
0.1491
0.2872
0.1477
0.2044
0.8033
0.2073
0.7911
0.1481
0.2288
0.8049
0.2315
0.7921
0.1499
0.5107
0.8404
0.5195
0.8315
0.1499
0.521
0.8417
0.5286
0.8318
0.1499
0.6906
0.8501
0.6885
0.8453
0.1499
0.7068
0.8503
0.6915
0.8454
0.1499
0.7996
0.8615
0.8023
0.8591
0.172
0.84
0.8691
0.8415
0.8678
0.2443
0.8604
0.8658
0.8608
0.864
0.7152
0.8603
0.8721
0.8606
0.8705
0.7126
0.8588
0.8669
0.8594
0.8642
0.3249
0.8588
0.8669
0.8594
0.8642
0.3249
0.855
0.8664
0.8557
0.8636
0.2364
0.8261
0.8553
0.8259
0.8483
0.1992
0.7025
0.8543
0.7047
0.8471
0.1911
0.6768
0.8066
0.6736
0.7552
0.1883
0.3659
0.7083
0.3454
0.5702
0.1873
0.3484
0.6934
0.3317
0.5697
0.1873
0.2715
0.6
0.2589
0.4431
0.1873
0.2622
0.59
0.2435
0.4375
0.1873
0.1953
0.4067
0.197
0.329
0.1873
0.1953
0.4073
0.197
0.329
0.1873
0.1953
0.4073
0.197
0.329
0.1873
MtsuBlvdG
0.1042
0.2847
0.1042
0.2641
0.1026
0.1684
0.8576
0.1719
0.8454
0.1031
0.1968
0.8592
0.1999
0.8465
0.1052
0.5478
0.8947
0.5577
0.8858
0.1052
0.5594
0.8959
0.5679
0.8861
0.1052
0.745
0.9039
0.7428
0.8994
0.1052
0.7611
0.9041
0.7459
0.8995
0.1052
0.854
0.9148
0.8566
0.9125
0.1307
0.8944
0.922
0.8958
0.9208
0.2144
0.9138
0.9189
0.9142
0.9172
0.7694
0.9138
0.9249
0.9141
0.9234
0.767
0.9124
0.9199
0.9128
0.9174
0.3075
0.9124
0.9199
0.9128
0.9174
0.3075
0.9087
0.9195
0.9094
0.9168
0.2056
0.8806
0.9088
0.8804
0.9022
0.1626
0.7569
0.9079
0.759
0.9011
0.1531
0.7312
0.8607
0.7279
0.8094
0.1499
0.3552
0.7624
0.3314
0.6149
0.1487
0.3351
0.7476
0.3155
0.6143
0.1487
0.2463
0.6483
0.2316
0.4718
0.1487
0.2356
0.637
0.2138
0.4655
0.1487
0.158
0.4271
0.16
0.3125
0.1487
0.158
0.4272
0.16
0.3125
0.1487
0.158
0.4272
0.16
0.3125
0.1487
Rec
0.1294
0.306
0.1294
0.2858
0.1278
0.1922
0.8345
0.1956
0.8227
0.1282
0.22
0.8361
0.223
0.8238
0.1303
0.5433
0.8705
0.5523
0.8619
0.1303
0.5539
0.8717
0.5616
0.8621
0.1303
0.7255
0.8794
0.7234
0.875
0.1303
0.7411
0.8795
0.7264
0.8751
0.1303
0.8311
0.8898
0.8336
0.8876
0.1553
0.8702
0.8968
0.8715
0.8956
0.2373
0.8888
0.8938
0.8893
0.8921
0.7492
0.8888
0.8995
0.8891
0.8981
0.7468
0.8874
0.8947
0.8879
0.8923
0.3284
0.8874
0.8947
0.8879
0.8923
0.3284
0.8839
0.8943
0.8846
0.8917
0.2286
0.8567
0.8841
0.8566
0.8777
0.1864
0.737
0.8832
0.7391
0.8766
0.1771
0.7121
0.8377
0.709
0.788
0.174
0.3749
0.7425
0.3517
0.6044
0.1728
0.3552
0.7281
0.3362
0.6038
0.1728
0.2684
0.6349
0.254
0.4739
0.1728
0.2578
0.6246
0.2366
0.4682
0.1728
0.182
0.4349
0.1839
0.3332
0.1728
0.182
0.4352
0.1839
0.3332
0.1728
0.182
0.4352
0.1839
0.3332
0.1728
Abernathy
0.1976
0.3886
0.1976
0.3669
0.1959
0.2657
0.7901
0.2694
0.7804
0.1964
0.2957
0.7914
0.299
0.7812
0.1986
0.571
0.8199
0.5771
0.8129
0.1986
0.5781
0.8207
0.5833
0.8131
0.1986
0.6995
0.8263
0.6977
0.8231
0.1986
0.7125
0.8265
0.7002
0.8232
0.1986
0.7871
0.834
0.7893
0.8323
0.2256
0.8195
0.839
0.8205
0.8382
0.3144
0.8331
0.8368
0.8334
0.8356
0.7193
0.833
0.841
0.8333
0.84
0.7172
0.8321
0.8376
0.8324
0.8358
0.4122
0.8321
0.8376
0.8324
0.8358
0.4122
0.8295
0.8373
0.83
0.8354
0.3049
0.8084
0.8299
0.8082
0.8251
0.2594
0.709
0.8292
0.7108
0.8243
0.2493
0.6884
0.7929
0.6858
0.7516
0.246
0.4626
0.714
0.4375
0.612
0.2447
0.4414
0.7021
0.4209
0.6116
0.2447
0.3479
0.6325
0.3325
0.525
0.2447
0.3366
0.6257
0.3138
0.5212
0.2447
0.2546
0.5033
0.2567
0.418
0.2447
0.2546
0.5042
0.2567
0.418
0.2447
0.2546
0.5042
0.2567
0.418
0.2447
MTSU
0.0626
0.2671
0.0625
0.2439
0.0608
0.1355
0.909
0.1395
0.8969
0.0613
0.1677
0.9107
0.1712
0.8979
0.0636
0.5841
0.9459
0.595
0.9371
0.0636
0.597
0.9471
0.6062
0.9374
0.0636
0.7968
0.9547
0.7946
0.9503
0.0636
0.8129
0.9548
0.7976
0.9504
0.0636
0.9054
0.9649
0.9079
0.9627
0.0924
0.9457
0.9718
0.9469
0.9707
0.1872
0.964
0.9689
0.9644
0.9672
0.8209
0.9641
0.9745
0.9643
0.9732
0.8186
0.9627
0.9698
0.9631
0.9674
0.2925
0.9627
0.9698
0.9631
0.9674
0.2925
0.9593
0.9694
0.96
0.9669
0.1776
0.9321
0.9593
0.9319
0.9531
0.1289
0.8086
0.9584
0.8106
0.952
0.1181
0.783
0.9121
0.7796
0.861
0.1145
0.3471
0.8142
0.3198
0.6585
0.1132
0.3243
0.7994
0.3019
0.6579
0.1132
0.2239
0.6952
0.2071
0.5012
0.1132
0.2117
0.6827
0.187
0.4942
0.1132
0.1237
0.4487
0.1259
0.2987
0.1132
0.1237
0.4485
0.1259
0.2987
0.1132
0.1237
0.4485
0.1259
0.2987
0.1132
Highland
0.0684
0.2939
0.0683
0.2683
0.0664
0.1491
0.9193
0.1538
0.9081
0.067
0.1846
0.9208
0.1887
0.9091
0.0695
0.618
0.9531
0.6283
0.9451
0.0695
0.6301
0.9541
0.6387
0.9453
0.0695
0.8158
0.9606
0.8136
0.9569
0.0695
0.8306
0.9607
0.8164
0.957
0.0695
0.9158
0.9693
0.9179
0.9674
0.1009
0.9531
0.9752
0.954
0.9743
0.205
0.9687
0.9727
0.969
0.9713
0.8374
0.9689
0.9774
0.969
0.9764
0.8357
0.9677
0.9733
0.968
0.9715
0.3207
0.9677
0.9733
0.968
0.9715
0.3207
0.965
0.9731
0.9655
0.9711
0.1952
0.941
0.9644
0.9408
0.9593
0.1419
0.8264
0.9637
0.8281
0.9584
0.1299
0.8029
0.9216
0.7995
0.8746
0.1261
0.3824
0.8318
0.3514
0.6883
0.1246
0.3574
0.8183
0.3317
0.6877
0.1246
0.2469
0.722
0.228
0.5429
0.1246
0.2335
0.7104
0.2062
0.5364
0.1246
0.1363
0.4911
0.1386
0.3291
0.1246
0.1363
0.4909
0.1386
0.3291
0.1246
0.1363
0.4909
0.1386
0.3291
0.1246
MEC
0.0589
0.2347
0.0588
0.2146
0.0574
0.1215
0.8899
0.1252
0.8766
0.0578
0.1491
0.8917
0.1522
0.8778
0.0598
0.5359
0.9304
0.5479
0.9206
0.0598
0.55
0.9317
0.56
0.9208
0.0598
0.7668
0.9411
0.7642
0.9358
0.0598
0.7843
0.9413
0.7675
0.9359
0.0598
0.8857
0.9535
0.8883
0.9508
0.0841
0.9302
0.962
0.9316
0.9606
0.1649
0.9527
0.9584
0.953
0.9564
0.7926
0.9529
0.9652
0.953
0.9637
0.7905
0.9512
0.9594
0.9516
0.9566
0.2557
0.9512
0.9594
0.9516
0.9566
0.2557
0.9472
0.959
0.9479
0.9561
0.1573
0.9157
0.9465
0.9154
0.9392
0.1159
0.7794
0.9455
0.7815
0.9379
0.1066
0.7514
0.8927
0.7474
0.8368
0.1037
0.3041
0.7857
0.2797
0.6174
0.1025
0.2845
0.7697
0.2643
0.6167
0.1025
0.1979
0.6566
0.1829
0.4483
0.1025
0.1873
0.6431
0.1658
0.4408
0.1025
0.1115
0.3893
0.1134
0.2623
0.1025
0.1115
0.3891
0.1134
0.2623
0.1025
0.1115
0.3891
0.1134
0.2623
0.1025
Jackson
0.0515
0.2409
0.0515
0.2193
0.0499
0.1191
0.906
0.123
0.893
0.0503
0.1488
0.9077
0.1522
0.8941
0.0525
0.5576
0.9453
0.5695
0.9358
0.0525
0.5716
0.9466
0.5815
0.936
0.0525
0.7862
0.9553
0.7837
0.9503
0.0525
0.8033
0.9555
0.7869
0.9504
0.0525
0.9019
0.967
0.9044
0.9645
0.0787
0.9451
0.975
0.9464
0.9737
0.1658
0.9662
0.9716
0.9665
0.9697
0.8113
0.9664
0.978
0.9665
0.9766
0.8093
0.9648
0.9725
0.9652
0.9699
0.2635
0.9648
0.9725
0.9652
0.9699
0.2635
0.9611
0.9721
0.9617
0.9694
0.1576
0.931
0.9604
0.9307
0.9535
0.113
0.7984
0.9595
0.8005
0.9524
0.103
0.7713
0.9087
0.7674
0.8543
0.0998
0.3156
0.8047
0.2893
0.6387
0.0986
0.2944
0.7891
0.2728
0.638
0.0986
0.2013
0.6777
0.1852
0.4705
0.0986
0.19
0.6643
0.1669
0.463
0.0986
0.1083
0.4113
0.1103
0.2706
0.0986
0.1083
0.411
0.1103
0.2706
0.0986
0.1083
0.411
0.1103
0.2706
0.0986
Livestock
0.0243
0.0656
0.0243
0.0605
0.024
0.0379
0.818
0.0385
0.7987
0.0241
0.044
0.8206
0.0445
0.8004
0.0245
0.3142
0.8772
0.3306
0.8626
0.0245
0.3337
0.8798
0.3477
0.863
0.0245
0.64
0.8967
0.6364
0.8871
0.0245
0.6654
0.8971
0.6412
0.8873
0.0245
0.8122
0.9196
0.8162
0.9147
0.0301
0.8767
0.935
0.8795
0.9324
0.0483
0.9176
0.9283
0.9184
0.9247
0.6781
0.9177
0.9408
0.9182
0.9379
0.6746
0.9148
0.9303
0.9157
0.9251
0.0717
0.9148
0.9303
0.9157
0.9251
0.0717
0.9073
0.9294
0.9087
0.924
0.046
0.8547
0.9068
0.8544
0.8932
0.0367
0.6586
0.9049
0.6619
0.8908
0.0347
0.6181
0.8226
0.6126
0.7416
0.034
0.0833
0.6671
0.0775
0.427
0.0337
0.0782
0.6438
0.0735
0.426
0.0337
0.0558
0.4822
0.0523
0.1882
0.0337
0.0531
0.4633
0.0477
0.1777
0.0337
0.0357
0.1092
0.0361
0.0724
0.0337
0.0357
0.1091
0.0361
0.0724
0.0337
0.0357
0.1091
0.0361
0.0724
0.0337
Greenhouse
0.0673
0.1485
0.0673
0.139
0.0665
0.0954
0.8134
0.0967
0.7966
0.0667
0.1079
0.8157
0.1091
0.7981
0.0677
0.383
0.865
0.3967
0.8524
0.0677
0.3993
0.8671
0.411
0.8527
0.0677
0.6582
0.8811
0.655
0.8731
0.0677
0.6804
0.8814
0.6593
0.8733
0.0677
0.8084
0.9
0.812
0.8959
0.0791
0.8646
0.9126
0.8669
0.9105
0.1163
0.8983
0.9072
0.899
0.9042
0.6916
0.8983
0.9175
0.8988
0.915
0.6884
0.8959
0.9088
0.8967
0.9045
0.1597
0.8959
0.9088
0.8967
0.9045
0.1597
0.8896
0.908
0.8908
0.9035
0.112
0.8453
0.8895
0.8451
0.8781
0.0928
0.6745
0.8879
0.6774
0.8762
0.0886
0.6391
0.8176
0.6344
0.7469
0.0872
0.1813
0.6819
0.1705
0.4769
0.0867
0.1718
0.6615
0.1631
0.4761
0.0867
0.1304
0.5234
0.1237
0.2766
0.0867
0.1254
0.5075
0.1154
0.2678
0.0867
0.0908
0.2126
0.0916
0.1612
0.0867
0.0908
0.2128
0.0916
0.1612
0.0867
0.0908
0.2128
0.0916
0.1612
0.0867
ChampionWayG
0.0478
0.0589
0.0478
0.0571
0.0477
0.0504
0.7765
0.0504
0.7565
0.0478
0.0517
0.7792
0.0516
0.7583
0.0479
0.2664
0.8379
0.2826
0.8226
0.0479
0.2858
0.8406
0.2995
0.823
0.0479
0.5924
0.8587
0.5886
0.8484
0.0479
0.6187
0.859
0.5936
0.8486
0.0479
0.7705
0.8831
0.7747
0.8778
0.0492
0.8373
0.8994
0.8403
0.8967
0.0532
0.881
0.8924
0.8818
0.8885
0.6318
0.8811
0.9057
0.8816
0.9026
0.6281
0.8779
0.8944
0.8789
0.8889
0.0615
0.8779
0.8944
0.8789
0.8889
0.0615
0.8699
0.8935
0.8714
0.8877
0.0524
0.8146
0.8694
0.8142
0.8548
0.0503
0.6117
0.8673
0.615
0.8523
0.0499
0.5698
0.7811
0.5641
0.6974
0.0496
0.065
0.6202
0.0632
0.3779
0.0496
0.0632
0.596
0.0618
0.377
0.0496
0.0553
0.4324
0.0542
0.1412
0.0496
0.0544
0.4136
0.0525
0.1307
0.0496
0.05
0.0639
0.0501
0.0608
0.0496
0.05
0.0641
0.0501
0.0608
0.0496
0.05
0.0641
0.0501
0.0608
0.0496
Greenland
0.0157
0.0037
0.0157
0.0045
0.0158
0.01
0.785
0.0095
0.7634
0.0158
0.0075
0.7879
0.0071
0.7653
0.0156
0.226
0.8512
0.2442
0.8347
0.0156
0.2476
0.8541
0.263
0.8351
0.0156
0.5863
0.8741
0.5822
0.8628
0.0156
0.6146
0.8745
0.5876
0.863
0.0156
0.7784
0.901
0.7828
0.8953
0.0135
0.8506
0.9192
0.8539
0.9162
0.0065
0.8988
0.9114
0.8998
0.9071
0.6286
0.899
0.926
0.8995
0.9227
0.6248
0.8955
0.9136
0.8966
0.9075
0.0031
0.8955
0.9136
0.8966
0.9075
0.0031
0.8867
0.9126
0.8883
0.9062
0.0068
0.8262
0.886
0.8258
0.87
0.0105
0.6069
0.8837
0.6105
0.8672
0.0114
0.5617
0.7898
0.5556
0.6995
0.0116
0.0011
0.6164
0.0021
0.3507
0.0117
0.0018
0.5904
0.0027
0.3496
0.0117
0.005
0.4113
0.0056
0.0879
0.0117
0.0054
0.3904
0.0062
0.0762
0.0117
0.0109
0.0
0.0107
0.0025
0.0117
0.0109
0.0
0.0107
0.0025
0.0117
0.0109
0.0
0.0107
0.0025
0.0117
MiddleTN
0.0053
0.0
0.0053
0.0
0.0054
0.002
0.7982
0.0018
0.7767
0.0054
0.0006
0.8011
0.0004
0.7786
0.0053
0.236
0.8643
0.2546
0.8478
0.0053
0.2579
0.8672
0.2736
0.8482
0.0053
0.5998
0.8871
0.5958
0.8758
0.0053
0.6282
0.8875
0.6012
0.876
0.0053
0.7917
0.9138
0.796
0.908
0.004
0.8638
0.9318
0.867
0.9288
0.0
0.9116
0.9241
0.9126
0.9198
0.642
0.9119
0.9386
0.9124
0.9353
0.6383
0.9083
0.9263
0.9094
0.9203
0.0
0.9083
0.9263
0.9094
0.9203
0.0
0.8997
0.9253
0.9013
0.919
0.0002
0.8394
0.8989
0.839
0.8829
0.0023
0.6204
0.8967
0.624
0.8802
0.0028
0.5753
0.8031
0.5691
0.7129
0.003
0.0
0.6301
0.0
0.3627
0.003
0.0
0.6042
0.0
0.3616
0.003
0.0
0.4242
0.0
0.0968
0.003
0.0
0.4031
0.0
0.085
0.003
0.0025
0.007
0.0024
0.0
0.003
0.0025
0.0069
0.0024
0.0
0.003
0.0025
0.0069
0.0024
0.0
0.003
