Rose
0.0
0.5506
0.0
0.5382
0.0
0.3957
0.7604
0.4057
0.7521
0.0
0.4609
0.7615
0.4675
0.7528
0.0
0.6454
0.7926
0.648
0.7832
0.0
0.6483
0.7936
0.6505
0.7835
0.0
0.7059
0.8013
0.7052
0.7968
0.0
0.7114
0.8015
0.7062
0.7969
0.0
0.7576
0.816
0.7592
0.8124
0.1891
0.7924
0.8284
0.7935
0.8262
0.4874
0.8147
0.8228
0.8152
0.8199
0.714
0.8149
0.8335
0.8152
0.831
0.7134
0.8127
0.8244
0.8133
0.8203
0.5599
0.8127
0.8244
0.8133
0.8203
0.5599
0.8077
0.8237
0.8085
0.8194
0.4757
0.7791
0.8071
0.7789
0.7996
0.3788
0.7097
0.8059
0.7103
0.7986
0.3444
0.7015
0.7622
0.7003
0.7315
0.3314
0.5781
0.7123
0.5699
0.6642
0.326
0.572
0.7072
0.5641
0.664
0.326
0.5254
0.6747
0.5107
0.631
0.326
0.5156
0.671
0.49
0.6298
0.326
0.3641
0.6195
0.3707
0.5641
0.326
0.3641
0.6191
0.3707
0.5641
0.326
0.3641
0.6191
0.3707
0.5641
0.326
FairView
0.1022
0.5924
0.1021
0.5818
0.0973
0.4606
0.7717
0.469
0.7646
0.0986
0.5157
0.7727
0.5214
0.7652
0.1053
0.6735
0.7992
0.6757
0.7912
0.1053
0.6759
0.7998
0.6778
0.7914
0.1053
0.7252
0.805
0.7246
0.8019
0.1053
0.7299
0.8051
0.7254
0.802
0.1053
0.7693
0.8155
0.7706
0.8129
0.2872
0.7991
0.8244
0.7998
0.8229
0.5382
0.8146
0.8204
0.815
0.8183
0.732
0.8147
0.8282
0.8149
0.8264
0.7316
0.8132
0.8215
0.8136
0.8186
0.6003
0.8132
0.8215
0.8136
0.8186
0.6003
0.8096
0.821
0.8102
0.818
0.5284
0.7879
0.809
0.7877
0.8039
0.4465
0.7284
0.8081
0.7289
0.8032
0.4177
0.7214
0.7732
0.7204
0.747
0.4068
0.616
0.7306
0.6089
0.6896
0.4023
0.6108
0.7263
0.6039
0.6894
0.4023
0.5709
0.6985
0.5584
0.6613
0.4023
0.5626
0.6954
0.5407
0.6603
0.4023
0.4342
0.6512
0.4397
0.604
0.4023
0.4342
0.6509
0.4397
0.604
0.4023
0.4342
0.6509
0.4397
0.604
0.4023
Bell
0.4321
0.7747
0.4318
0.7698
0.4089
0.715
0.8566
0.7187
0.8534
0.4151
0.7393
0.8571
0.742
0.8536
0.447
0.8114
0.8689
0.8125
0.8654
0.447
0.8126
0.8684
0.8135
0.8655
0.447
0.8352
0.8646
0.8349
0.8668
0.447
0.8374
0.8646
0.8352
0.8667
0.447
0.8553
0.8602
0.8557
0.8611
0.6405
0.8689
0.857
0.8683
0.8575
0.749
0.8606
0.8584
0.8603
0.8592
0.8381
0.8607
0.8556
0.8604
0.8563
0.838
0.8613
0.8579
0.861
0.8591
0.7777
0.8613
0.8579
0.861
0.8591
0.7777
0.8627
0.8582
0.8624
0.8594
0.7448
0.8641
0.8625
0.8639
0.8655
0.709
0.8366
0.8628
0.8367
0.866
0.6968
0.8334
0.8571
0.8328
0.8451
0.6924
0.7854
0.8379
0.7818
0.8192
0.6905
0.783
0.836
0.7795
0.8192
0.6905
0.7648
0.8233
0.7587
0.8064
0.6905
0.761
0.8219
0.7508
0.8059
0.6905
0.7039
0.8014
0.7062
0.78
0.6905
0.7039
0.8013
0.7062
0.78
0.6905
0.7039
0.8013
0.7062
0.78
0.6905
IngramN
0.5231
0.8319
0.5226
0.8286
0.4944
0.7918
0.8872
0.7943
0.885
0.502
0.8078
0.8875
0.8097
0.8852
0.5415
0.8566
0.8954
0.8574
0.8931
0.5415
0.8574
0.8945
0.858
0.8932
0.5415
0.8727
0.8883
0.8724
0.8919
0.5415
0.8742
0.8882
0.8727
0.8918
0.5415
0.8863
0.8795
0.8865
0.8814
0.7433
0.8954
0.8727
0.8944
0.8739
0.8141
0.8802
0.8758
0.8798
0.8774
0.8746
0.8803
0.8698
0.88
0.8713
0.8745
0.8815
0.8748
0.8811
0.8772
0.8336
0.8815
0.8748
0.8811
0.8772
0.8336
0.8844
0.8753
0.8838
0.8777
0.8114
0.8923
0.8844
0.8921
0.8896
0.788
0.8736
0.8851
0.8736
0.8905
0.7801
0.8715
0.8875
0.871
0.8794
0.7773
0.8391
0.8747
0.8365
0.8621
0.7761
0.8375
0.8734
0.835
0.8621
0.7761
0.8252
0.8649
0.8209
0.8535
0.7761
0.8226
0.8639
0.8156
0.8532
0.7761
0.7847
0.85
0.7862
0.8356
0.7761
0.7847
0.8498
0.7862
0.8356
0.7761
0.7847
0.8498
0.7862
0.8356
0.7761
IngramS
0.5225
0.8629
0.522
0.8595
0.4921
0.8213
0.9192
0.8241
0.9169
0.5001
0.8385
0.9195
0.8404
0.9171
0.542
0.8881
0.9274
0.8888
0.9252
0.542
0.8889
0.9265
0.8895
0.9252
0.542
0.9044
0.92
0.9042
0.9238
0.542
0.9059
0.9198
0.9044
0.9237
0.542
0.9182
0.9103
0.9184
0.9125
0.7669
0.9275
0.9028
0.9265
0.9041
0.8449
0.9111
0.9062
0.9107
0.9079
0.9063
0.9111
0.8995
0.9109
0.9012
0.9063
0.9125
0.9051
0.9121
0.9077
0.8647
0.9125
0.9051
0.9121
0.9077
0.8647
0.9157
0.9056
0.9151
0.9083
0.8422
0.9243
0.9158
0.9242
0.9214
0.817
0.9053
0.9165
0.9054
0.9224
0.8082
0.9032
0.9194
0.9027
0.9112
0.8049
0.8703
0.9064
0.8677
0.8936
0.8036
0.8686
0.905
0.8661
0.8935
0.8036
0.8561
0.8964
0.8518
0.8848
0.8036
0.8535
0.8954
0.8464
0.8845
0.8036
0.8133
0.8812
0.815
0.8666
0.8036
0.8133
0.8811
0.815
0.8666
0.8036
0.8133
0.8811
0.815
0.8666
0.8036
ParkingServ
0.6755
0.9059
0.675
0.9052
0.639
0.8995
0.9161
0.8997
0.9157
0.6487
0.9008
0.9161
0.9013
0.9157
0.6989
0.9101
0.9172
0.9103
0.9171
0.6989
0.9103
0.9159
0.9104
0.9172
0.6989
0.9132
0.9056
0.9131
0.9116
0.6989
0.9135
0.9054
0.9132
0.9115
0.6989
0.9157
0.8902
0.9155
0.8937
0.8989
0.9173
0.8781
0.9158
0.8802
0.9016
0.8915
0.8835
0.8908
0.8864
0.9133
0.8914
0.8729
0.891
0.8755
0.9134
0.8936
0.8819
0.8929
0.8861
0.9054
0.8936
0.8819
0.8929
0.8861
0.9054
0.8987
0.8827
0.8977
0.8869
0.9013
0.9171
0.899
0.917
0.9079
0.8995
0.9133
0.9003
0.9132
0.9093
0.8997
0.9129
0.9161
0.9127
0.9145
0.8999
0.9071
0.914
0.9063
0.9117
0.9
0.9068
0.9138
0.906
0.9116
0.9
0.9045
0.9122
0.9034
0.9102
0.9
0.904
0.912
0.9025
0.9101
0.9
0.8997
0.9092
0.8997
0.9066
0.9
0.8997
0.9092
0.8997
0.9066
0.9
0.8997
0.9092
0.8997
0.9066
0.9
MainSt
0.7148
0.9113
0.7143
0.9114
0.6771
0.9142
0.9096
0.9137
0.9097
0.6871
0.9113
0.9096
0.9115
0.9097
0.739
0.9101
0.9089
0.9102
0.9094
0.739
0.9101
0.9074
0.9102
0.9094
0.739
0.9098
0.8963
0.9098
0.9029
0.739
0.9098
0.8961
0.9097
0.9027
0.739
0.9093
0.8796
0.9091
0.8834
0.9286
0.909
0.8664
0.9073
0.8687
0.9106
0.8809
0.8723
0.8802
0.8754
0.9095
0.8808
0.8608
0.8804
0.8636
0.9096
0.8833
0.8706
0.8825
0.8751
0.9103
0.8833
0.8706
0.8825
0.8751
0.9103
0.8887
0.8714
0.8877
0.876
0.9109
0.9095
0.8892
0.9094
0.8988
0.9154
0.9097
0.8905
0.9095
0.9003
0.9182
0.9098
0.9095
0.9096
0.9097
0.9193
0.9109
0.9103
0.9106
0.9107
0.9198
0.911
0.9104
0.9107
0.9107
0.9198
0.9113
0.9106
0.9111
0.911
0.9198
0.9114
0.9107
0.9114
0.911
0.9198
0.9167
0.9108
0.9162
0.9113
0.9198
0.9167
0.9108
0.9162
0.9113
0.9198
0.9167
0.9108
0.9162
0.9113
0.9198
PublicSafety
0.6967
0.9663
0.6961
0.966
0.6561
0.9626
0.9715
0.9629
0.9713
0.6669
0.9636
0.9715
0.9639
0.9713
0.7227
0.9684
0.9719
0.9685
0.972
0.7227
0.9685
0.9703
0.9686
0.972
0.7227
0.97
0.959
0.9699
0.9657
0.7227
0.9702
0.9588
0.97
0.9655
0.7227
0.9712
0.9413
0.9711
0.9454
0.9593
0.972
0.9271
0.9704
0.9296
0.9638
0.9428
0.9334
0.9421
0.9368
0.97
0.9426
0.921
0.9422
0.924
0.9701
0.9452
0.9316
0.9444
0.9364
0.9658
0.9452
0.9316
0.9444
0.9364
0.9658
0.9511
0.9324
0.95
0.9374
0.9637
0.9721
0.9515
0.972
0.9615
0.9624
0.97
0.953
0.9699
0.9631
0.9621
0.9699
0.9714
0.9697
0.9707
0.9621
0.9669
0.9705
0.9664
0.9693
0.9621
0.9668
0.9704
0.9663
0.9693
0.9621
0.9656
0.9696
0.9649
0.9686
0.9621
0.9654
0.9695
0.9645
0.9686
0.9621
0.9623
0.9679
0.9624
0.9667
0.9621
0.9623
0.9679
0.9624
0.9667
0.9621
0.9623
0.9679
0.9624
0.9667
0.9621
CollegeHeights
0.7907
0.9233
0.7902
0.9247
0.7505
0.944
0.8987
0.9422
0.8997
0.7612
0.9331
0.8985
0.9325
0.8996
0.8166
0.9117
0.8944
0.9115
0.896
0.8166
0.9113
0.8927
0.9112
0.8959
0.8166
0.9047
0.8799
0.9048
0.8874
0.8166
0.9041
0.8796
0.9047
0.8873
0.8166
0.8987
0.8605
0.8983
0.865
0.9873
0.8945
0.8453
0.8926
0.848
0.9297
0.862
0.8521
0.8613
0.8557
0.9036
0.8618
0.8388
0.8614
0.842
0.9037
0.8647
0.8502
0.8639
0.8554
0.9213
0.8647
0.8502
0.8639
0.8554
0.9213
0.871
0.8511
0.8699
0.8564
0.931
0.8964
0.8717
0.8963
0.8827
0.9475
0.9042
0.8732
0.9041
0.8845
0.9551
0.9052
0.8985
0.9053
0.902
0.958
0.9198
0.9047
0.9205
0.9102
0.9592
0.9206
0.9053
0.9212
0.9102
0.9592
0.926
0.9091
0.9275
0.9142
0.9592
0.9272
0.9096
0.93
0.9143
0.9592
0.9508
0.9154
0.9495
0.9219
0.9592
0.9508
0.9155
0.9495
0.9219
0.9592
0.9508
0.9155
0.9495
0.9219
0.9592
SportsPlex
0.7178
1.0
0.7171
1.0
0.6746
1.0
1.0
1.0
1.0
0.686
1.0
1.0
1.0
1.0
0.7454
1.0
0.9996
1.0
1.0
0.7454
1.0
0.9979
1.0
1.0
0.7454
1.0
0.9858
1.0
0.993
0.7454
1.0
0.9856
1.0
0.9928
0.7454
1.0
0.9665
1.0
0.971
1.0
0.9998
0.9508
0.9982
0.9536
1.0
0.9681
0.9578
0.9675
0.9615
1.0
0.9679
0.9443
0.9676
0.9475
1.0
0.9707
0.9559
0.9699
0.9611
1.0
0.9707
0.9559
0.9699
0.9611
1.0
0.977
0.9567
0.9759
0.9622
1.0
1.0
0.9778
1.0
0.9885
1.0
1.0
0.9793
1.0
0.9902
1.0
1.0
1.0
1.0
1.0
1.0
1.0
1.0
1.0
1.0
1.0
1.0
1.0
1.0
1.0
1.0
1.0
1.0
1.0
1.0
1.0
1.0
1.0
1.0
1.0
1.0
1.0
1.0
1.0
1.0
1.0
1.0
1.0
1.0
1.0
1.0
1.0
1.0
1.0
1.0
1.0
CityView
0.6897
0.9316
0.6891
0.9312
0.6511
0.9277
0.9388
0.9276
0.9385
0.6613
0.9286
0.9388
0.9288
0.9385
0.7143
0.9348
0.9395
0.9349
0.9396
0.7143
0.9349
0.9381
0.935
0.9396
0.7143
0.9369
0.9272
0.9369
0.9336
0.7143
0.9371
0.927
0.9369
0.9335
0.7143
0.9387
0.9107
0.9388
0.9145
0.9295
0.9397
0.8974
0.9382
0.8997
0.9297
0.9121
0.9034
0.9115
0.9064
0.9372
0.9118
0.8919
0.9116
0.8946
0.9372
0.9142
0.9017
0.9135
0.9061
0.932
0.9142
0.9017
0.9135
0.9061
0.932
0.9195
0.9025
0.9186
0.907
0.9291
0.9393
0.9203
0.9393
0.9296
0.9277
0.937
0.9216
0.9371
0.9311
0.928
0.9367
0.939
0.9367
0.9378
0.9281
0.9325
0.9372
0.9323
0.9355
0.9281
0.9323
0.937
0.9321
0.9355
0.9281
0.9307
0.9359
0.9303
0.9343
0.9281
0.9304
0.9358
0.9295
0.9343
0.9281
0.9278
0.9341
0.9278
0.9321
0.9281
0.9278
0.9341
0.9278
0.9321
0.9281
0.9278
0.9341
0.9278
0.9321
0.9281
GreekRow
0.6333
0.8222
0.6329
0.8209
0.6024
0.8092
0.8442
0.8091
0.8434
0.6106
0.8128
0.8444
0.8135
0.8434
0.653
0.8321
0.8474
0.8325
0.8467
0.653
0.8324
0.8463
0.8327
0.8467
0.653
0.8385
0.8377
0.8385
0.8427
0.653
0.8391
0.8376
0.8386
0.8426
0.653
0.844
0.826
0.8443
0.8287
0.8092
0.8475
0.8168
0.8464
0.8184
0.816
0.8269
0.8209
0.8266
0.823
0.8395
0.8267
0.813
0.8266
0.8148
0.8393
0.8283
0.8198
0.8279
0.8228
0.8234
0.8283
0.8198
0.8279
0.8228
0.8234
0.8319
0.8203
0.8314
0.8234
0.8144
0.846
0.8327
0.846
0.8396
0.809
0.8389
0.8336
0.8391
0.8408
0.809
0.838
0.8447
0.838
0.8413
0.8089
0.8249
0.8393
0.8243
0.834
0.8088
0.8243
0.8388
0.8237
0.834
0.8088
0.8194
0.8353
0.818
0.8305
0.8088
0.8184
0.835
0.8158
0.8304
0.8088
0.809
0.8298
0.809
0.8236
0.8088
0.809
0.8298
0.809
0.8236
0.8088
0.809
0.8298
0.809
0.8236
0.8088
Rutherford
0.5235
0.8731
0.5231
0.8697
0.4923
0.8314
0.93
0.8339
0.9277
0.5006
0.8489
0.9303
0.8506
0.9279
0.5435
0.8989
0.9385
0.8996
0.9363
0.5435
0.8996
0.9376
0.9002
0.9363
0.5435
0.9152
0.9308
0.9151
0.9348
0.5435
0.9167
0.9307
0.9153
0.9347
0.5435
0.9293
0.9209
0.9298
0.9232
0.7771
0.9386
0.9129
0.9377
0.9143
0.8564
0.9217
0.9164
0.9214
0.9183
0.9176
0.9214
0.9096
0.9214
0.9112
0.9173
0.9228
0.9155
0.9225
0.9181
0.8759
0.9228
0.9155
0.9225
0.9181
0.8759
0.926
0.9159
0.9255
0.9186
0.853
0.9349
0.9266
0.9349
0.9323
0.8268
0.9163
0.9274
0.9165
0.9332
0.8177
0.9141
0.9307
0.9138
0.9222
0.8141
0.8805
0.917
0.8784
0.9038
0.8127
0.8788
0.9156
0.8769
0.9037
0.8127
0.8662
0.9067
0.8624
0.8947
0.8127
0.8636
0.9057
0.8567
0.8944
0.8127
0.8229
0.892
0.8246
0.8767
0.8127
0.8229
0.8918
0.8246
0.8767
0.8127
0.8229
0.8918
0.8246
0.8767
0.8127
Softball
0.6361
0.7431
0.6357
0.742
0.6096
0.7341
0.7626
0.7333
0.7618
0.6166
0.7348
0.7627
0.7355
0.7619
0.6529
0.7519
0.7653
0.7522
0.7648
0.6529
0.7521
0.7644
0.7524
0.7648
0.6529
0.7574
0.7566
0.7575
0.7612
0.6529
0.758
0.7565
0.7576
0.7611
0.6529
0.7624
0.7471
0.7627
0.7492
0.7505
0.7654
0.7398
0.7645
0.7411
0.7379
0.7477
0.743
0.7475
0.7447
0.7585
0.7475
0.7368
0.7475
0.7382
0.7583
0.7488
0.7422
0.7485
0.7446
0.7442
0.7488
0.7422
0.7485
0.7446
0.7442
0.7516
0.7426
0.7512
0.745
0.7362
0.764
0.7524
0.7641
0.7583
0.7352
0.7579
0.7531
0.758
0.7594
0.7379
0.7571
0.7632
0.7571
0.7601
0.7388
0.7455
0.7584
0.7449
0.7535
0.7392
0.7449
0.7578
0.7444
0.7535
0.7392
0.7406
0.7548
0.7394
0.7504
0.7392
0.7397
0.7545
0.7374
0.7503
0.7392
0.7363
0.75
0.7359
0.7444
0.7392
0.7363
0.75
0.7359
0.7444
0.7392
0.7363
0.75
0.7359
0.7444
0.7392
Ezell
0.8936
0.7579
0.8933
0.7614
0.8603
0.8105
0.6986
0.8051
0.7009
0.8691
0.783
0.6982
0.7813
0.7007
0.9149
0.7307
0.6891
0.7302
0.6922
0.9149
0.7299
0.6874
0.7295
0.6921
0.9149
0.7136
0.674
0.714
0.6819
0.9149
0.7122
0.6738
0.7137
0.6817
0.9149
0.6992
0.6565
0.6988
0.6604
0.9285
0.6892
0.643
0.6874
0.6453
0.776
0.6577
0.649
0.6571
0.6521
0.7116
0.6575
0.6374
0.6572
0.6401
0.7116
0.6599
0.6474
0.6592
0.6519
0.7551
0.6599
0.6474
0.6592
0.6519
0.7551
0.6653
0.6482
0.6644
0.6528
0.7786
0.6928
0.6664
0.6929
0.677
0.8199
0.7126
0.6677
0.7125
0.6788
0.8396
0.7149
0.6985
0.7153
0.7068
0.847
0.7497
0.7127
0.7522
0.7258
0.8501
0.7515
0.714
0.7538
0.7258
0.8501
0.7647
0.7233
0.7689
0.7352
0.8501
0.7675
0.7244
0.7748
0.7355
0.8501
0.8283
0.7392
0.8247
0.7543
0.8501
0.8283
0.7393
0.8247
0.7543
0.8501
0.8283
0.7393
0.8247
0.7543
0.8501
MtsuBlvdG
0.7844
0.6917
0.7841
0.6933
0.7575
0.7207
0.6645
0.7166
0.6655
0.7646
0.7033
0.6643
0.7025
0.6654
0.8017
0.6793
0.66
0.679
0.6616
0.8017
0.6789
0.6587
0.6787
0.6615
0.8017
0.6713
0.6484
0.6716
0.6544
0.8017
0.6707
0.6482
0.6715
0.6543
0.8017
0.6649
0.6359
0.6648
0.6386
0.8073
0.6601
0.6266
0.6588
0.6282
0.7005
0.6368
0.6308
0.6365
0.6329
0.6706
0.6366
0.6227
0.6365
0.6246
0.6705
0.6382
0.6297
0.6378
0.6327
0.6907
0.6382
0.6297
0.6378
0.6327
0.6907
0.6419
0.6302
0.6413
0.6333
0.7013
0.6616
0.6428
0.6617
0.6507
0.7275
0.671
0.6437
0.671
0.6521
0.7419
0.6719
0.6647
0.6722
0.6684
0.7472
0.6878
0.6711
0.6891
0.6768
0.7495
0.6886
0.6716
0.6899
0.6768
0.7495
0.6947
0.6759
0.6968
0.6811
0.7495
0.696
0.6764
0.6994
0.6812
0.7495
0.7337
0.6834
0.731
0.69
0.7495
0.7337
0.6835
0.731
0.69
0.7495
0.7337
0.6835
0.731
0.69
0.7495
Rec
0.8567
0.7412
0.8564
0.744
0.8252
0.7856
0.6929
0.7807
0.6948
0.8336
0.7617
0.6926
0.7603
0.6946
0.8769
0.7191
0.6851
0.7187
0.6877
0.8769
0.7184
0.6835
0.7181
0.6876
0.8769
0.7052
0.6711
0.7055
0.6784
0.8769
0.704
0.6709
0.7053
0.6782
0.8769
0.6935
0.6552
0.6932
0.6587
0.892
0.6852
0.6429
0.6836
0.645
0.7562
0.6563
0.6484
0.6558
0.6512
0.7036
0.6561
0.6378
0.6558
0.6403
0.7036
0.6582
0.647
0.6577
0.651
0.7391
0.6582
0.647
0.6577
0.651
0.7391
0.6631
0.6476
0.6623
0.6518
0.7582
0.6881
0.6641
0.6882
0.6739
0.7941
0.7044
0.6653
0.7043
0.6756
0.8118
0.7062
0.6929
0.7065
0.6997
0.8184
0.7345
0.7044
0.7366
0.715
0.8212
0.7359
0.7055
0.738
0.715
0.8212
0.7467
0.713
0.7502
0.7226
0.8212
0.749
0.7139
0.755
0.7229
0.8212
0.8016
0.7261
0.7984
0.7382
0.8212
0.8016
0.7262
0.7984
0.7382
0.8212
0.8016
0.7262
0.7984
0.7382
0.8212
Abernathy
0.8601
0.8552
0.8597
0.858
0.822
0.8956
0.8081
0.8917
0.81
0.8321
0.8748
0.8078
0.8735
0.8098
0.8845
0.8335
0.8004
0.833
0.803
0.8845
0.8328
0.7987
0.8325
0.8029
0.8845
0.82
0.785
0.8202
0.793
0.8845
0.8188
0.7848
0.82
0.7929
0.8845
0.8085
0.7656
0.8081
0.77
0.9808
0.8005
0.7505
0.7986
0.7531
0.8691
0.7671
0.7572
0.7664
0.7608
0.8183
0.7668
0.7441
0.7665
0.7472
0.8183
0.7696
0.7554
0.7688
0.7605
0.8526
0.7696
0.7554
0.7688
0.7605
0.8526
0.7758
0.7563
0.7747
0.7615
0.8712
0.8035
0.7767
0.8036
0.7881
0.9023
0.8191
0.7782
0.819
0.7899
0.9167
0.8209
0.808
0.8212
0.8146
0.9222
0.8487
0.8193
0.8505
0.8298
0.9244
0.8501
0.8204
0.8518
0.8298
0.9244
0.8605
0.8278
0.8638
0.8373
0.9244
0.8627
0.8286
0.8685
0.8375
0.9244
0.9085
0.8403
0.9059
0.8523
0.9244
0.9085
0.8404
0.9059
0.8523
0.9244
0.9085
0.8404
0.9059
0.8523
0.9244
MTSU
0.4644
0.672
0.4642
0.6678
0.4462
0.6243
0.7425
0.6262
0.7397
0.451
0.6419
0.7429
0.6441
0.74
0.476
0.7039
0.7533
0.7048
0.7504
0.476
0.7048
0.7529
0.7056
0.7504
0.476
0.7242
0.7495
0.724
0.7514
0.476
0.7261
0.7494
0.7244
0.7514
0.476
0.7417
0.747
0.7424
0.7474
0.5846
0.7532
0.7455
0.7529
0.7457
0.6516
0.7471
0.7462
0.7471
0.7465
0.7272
0.7469
0.7449
0.747
0.7452
0.7268
0.7471
0.7461
0.7471
0.7465
0.6755
0.7471
0.7461
0.7471
0.7465
0.6755
0.7476
0.7461
0.7476
0.7465
0.647
0.7485
0.7482
0.7485
0.7502
0.6209
0.7256
0.7483
0.7259
0.7506
0.6141
0.7227
0.7436
0.7224
0.733
0.6115
0.681
0.7265
0.6786
0.71
0.6104
0.679
0.7248
0.6766
0.7099
0.6104
0.6633
0.7138
0.6586
0.6987
0.6104
0.66
0.7126
0.6515
0.6983
0.6104
0.6179
0.6957
0.6193
0.6765
0.6104
0.6179
0.6955
0.6193
0.6765
0.6104
0.6179
0.6955
0.6193
0.6765
0.6104
Highland
0.2258
0.8308
0.2254
0.8221
0.2041
0.7187
0.9777
0.7268
0.9718
0.2099
0.7679
0.9785
0.7725
0.9723
0.2396
0.8972
1.0
0.8989
0.9936
0.2396
0.8992
1.0
0.9007
0.9938
0.2396
0.9396
1.0
0.939
1.0
0.2396
0.9434
1.0
0.9397
1.0
0.2396
0.9757
1.0
0.9767
1.0
0.5505
1.0
1.0
1.0
1.0
0.7863
1.0
1.0
1.0
1.0
0.9451
1.0
1.0
1.0
1.0
0.9447
1.0
1.0
1.0
1.0
0.8372
1.0
1.0
1.0
1.0
0.8372
1.0
1.0
1.0
1.0
0.7783
0.9909
1.0
0.9907
1.0
0.705
0.9422
1.0
0.9425
1.0
0.677
0.9364
0.9788
0.9356
0.9574
0.6664
0.8501
0.9439
0.8442
0.9103
0.662
0.8458
0.9404
0.8402
0.9102
0.662
0.8131
0.9176
0.8028
0.8871
0.662
0.8063
0.915
0.7883
0.8863
0.662
0.693
0.8788
0.6984
0.8402
0.662
0.693
0.8785
0.6984
0.8402
0.662
0.693
0.8785
0.6984
0.8402
0.662
MEC
0.2029
0.7999
0.2026
0.7908
0.1836
0.6836
0.9531
0.6918
0.947
0.1887
0.7343
0.9539
0.7391
0.9475
0.2152
0.8691
0.9764
0.871
0.9697
0.2152
0.8712
0.9765
0.8728
0.9699
0.2152
0.9133
0.9773
0.9128
0.9769
0.2152
0.9173
0.9774
0.9135
0.9769
0.2152
0.951
0.9789
0.9521
0.9785
0.5119
0.9764
0.9802
0.9765
0.98
0.7535
0.9788
0.9796
0.9788
0.9793
0.9191
0.9788
0.9808
0.9788
0.9805
0.9187
0.9785
0.9798
0.9786
0.9794
0.8066
0.9785
0.9798
0.9786
0.9794
0.8066
0.978
0.9797
0.9781
0.9793
0.7452
0.9669
0.978
0.9667
0.9772
0.6696
0.9161
0.9778
0.9165
0.977
0.641
0.9101
0.9543
0.9092
0.9319
0.6302
0.82
0.9179
0.8139
0.8829
0.6257
0.8156
0.9142
0.8097
0.8827
0.6257
0.7815
0.8904
0.7707
0.8586
0.6257
0.7744
0.8878
0.7556
0.8578
0.6257
0.6574
0.8501
0.6628
0.8097
0.6257
0.6574
0.8497
0.6628
0.8097
0.6257
0.6574
0.8497
0.6628
0.8097
0.6257
Jackson
0.1815
0.801
0.1812
0.7915
0.1626
0.6795
0.9608
0.6881
0.9545
0.1676
0.7326
0.9617
0.7376
0.955
0.1935
0.8732
0.9852
0.8752
0.9782
0.1935
0.8754
0.9854
0.8771
0.9784
0.1935
0.9194
0.9866
0.9188
0.9859
0.1935
0.9235
0.9866
0.9195
0.9859
0.1935
0.9587
0.9888
0.9598
0.9882
0.499
0.9851
0.9905
0.9853
0.9902
0.7527
0.9885
0.9897
0.9886
0.9893
0.9254
0.9886
0.9913
0.9886
0.9909
0.925
0.9882
0.99
0.9883
0.9894
0.808
0.9882
0.99
0.9883
0.9894
0.808
0.9875
0.9899
0.9876
0.9892
0.744
0.9752
0.9875
0.975
0.9863
0.6647
0.9222
0.9873
0.9226
0.9861
0.6347
0.916
0.9621
0.915
0.9388
0.6233
0.822
0.9241
0.8157
0.8876
0.6186
0.8174
0.9203
0.8112
0.8874
0.6186
0.7818
0.8955
0.7706
0.8623
0.6186
0.7744
0.8927
0.7548
0.8614
0.6186
0.6519
0.8534
0.6576
0.8113
0.6186
0.6519
0.853
0.6576
0.8113
0.6186
0.6519
0.853
0.6576
0.8113
0.6186
Livestock
0.2799
0.0666
0.2802
0.0599
0.3012
0.0
0.1798
0.0
0.1753
0.2956
0.0183
0.1804
0.0218
0.1756
0.2664
0.1178
0.1973
0.1192
0.1922
0.2664
0.1193
0.1983
0.1206
0.1923
0.2664
0.1503
0.2052
0.1501
0.2011
0.2664
0.1534
0.2053
0.1506
0.2012
0.2664
0.1784
0.2256
0.1794
0.2203
0.0
0.1971
0.2439
0.1982
0.2407
0.0334
0.2236
0.2356
0.2244
0.2314
0.155
0.2238
0.2515
0.2243
0.2478
0.1545
0.2206
0.2379
0.2216
0.2319
0.072
0.2206
0.2379
0.2216
0.2319
0.072
0.2132
0.2369
0.2145
0.2306
0.0264
0.1896
0.2123
0.1896
0.2037
0.0
0.1525
0.2105
0.1529
0.2027
0.0
0.148
0.1812
0.1475
0.1644
0.0
0.0812
0.154
0.0771
0.1277
0.0
0.078
0.1512
0.074
0.1276
0.0
0.0528
0.1337
0.0452
0.1097
0.0
0.0476
0.1317
0.0339
0.1091
0.0
0.0
0.1043
0.0
0.0739
0.0
0.0
0.1041
0.0
0.0739
0.0
0.0
0.1041
0.0
0.0739
0.0
Greenhouse
1.0
0.1351
1.0
0.1413
1.0
0.24
0.0292
0.2267
0.0334
1.0
0.1806
0.0286
0.1773
0.0331
1.0
0.0873
0.0129
0.0861
0.0178
1.0
0.0858
0.0118
0.0849
0.0177
1.0
0.0565
0.0028
0.0571
0.008
1.0
0.0539
0.0026
0.0566
0.0079
1.0
0.0308
0.0
0.0302
0.0
0.5204
0.013
0.0
0.0119
0.0
0.1683
0.0
0.0
0.0
0.0
0.0531
0.0
0.0
0.0
0.0
0.0531
0.0
0.0
0.0
0.0
0.131
0.0
0.0
0.0
0.0
0.131
0.0
0.0
0.0
0.0
0.1731
0.0192
0.0
0.0195
0.0048
0.2629
0.0548
0.0
0.0547
0.006
0.3095
0.0588
0.0291
0.0596
0.044
0.3272
0.1208
0.0541
0.1254
0.0775
0.3346
0.1239
0.0565
0.1284
0.0776
0.3346
0.1475
0.073
0.1552
0.0942
0.3346
0.1524
0.0749
0.1656
0.0948
0.3346
0.2828
0.1015
0.274
0.1284
0.3346
0.2828
0.1018
0.274
0.1284
0.3346
0.2828
0.1018
0.274
0.1284
0.3346
ChampionWayG
0.6425
0.0
0.6426
0.0
0.6591
0.0243
0.0
0.0168
0.0
0.6547
0.0
0.0
0.0
0.0
0.6321
0.0
0.0
0.0
0.0
0.6321
0.0
0.0
0.0
0.0
0.6321
0.0
0.0
0.0
0.0
0.6321
0.0
0.0
0.0
0.0
0.6321
0.0
0.0116
0.0
0.0084
0.1831
0.0
0.0235
0.0
0.0215
0.0
0.0104
0.0182
0.0109
0.0156
0.0
0.0109
0.0282
0.011
0.026
0.0
0.009
0.0193
0.0094
0.0157
0.0
0.009
0.0193
0.0094
0.0157
0.0
0.0044
0.0187
0.0051
0.015
0.0
0.0
0.0027
0.0
0.0
0.0377
0.0
0.0016
0.0
0.0
0.0644
0.0
0.0
0.0
0.0
0.0748
0.0
0.0
0.0
0.0
0.079
0.0
0.0
0.0
0.0
0.079
0.0
0.0
0.0
0.0
0.079
0.0
0.0
0.0
0.0
0.079
0.0492
0.0
0.0439
0.0
0.079
0.0492
0.0
0.0439
0.0
0.079
0.0492
0.0
0.0439
0.0
0.079
Greenland
0.1049
0.3731
0.105
0.3628
0.1127
0.2513
0.5466
0.2576
0.5397
0.1106
0.2989
0.5476
0.3044
0.5403
0.1
0.4515
0.5732
0.4537
0.5655
0.1
0.4539
0.5742
0.4557
0.5657
0.1
0.5016
0.5816
0.501
0.5773
0.1
0.5061
0.5818
0.5018
0.5774
0.1
0.5442
0.5983
0.5456
0.5942
0.1207
0.5731
0.6129
0.5742
0.6103
0.3208
0.5968
0.6063
0.5974
0.603
0.5082
0.5971
0.6189
0.5974
0.616
0.5077
0.5946
0.608
0.5953
0.6033
0.3808
0.5946
0.608
0.5953
0.6033
0.3808
0.5887
0.6072
0.5897
0.6024
0.3112
0.5621
0.5877
0.562
0.58
0.2407
0.5047
0.5863
0.5052
0.579
0.2191
0.4979
0.548
0.497
0.5227
0.211
0.3959
0.5067
0.3891
0.4671
0.2076
0.3909
0.5026
0.3843
0.4669
0.2076
0.3523
0.4757
0.3402
0.4397
0.2076
0.3442
0.4726
0.3231
0.4387
0.2076
0.2315
0.43
0.2356
0.3843
0.2076
0.2315
0.4296
0.2356
0.3843
0.2076
0.2315
0.4296
0.2356
0.3843
0.2076
MiddleTN
0.0274
0.5228
0.0274
0.5109
0.0284
0.3758
0.7235
0.385
0.7156
0.0281
0.437
0.7246
0.4433
0.7162
0.0268
0.6135
0.7543
0.616
0.7454
0.0268
0.6163
0.7553
0.6184
0.7456
0.0268
0.6714
0.7627
0.6708
0.7584
0.0268
0.6767
0.7629
0.6717
0.7585
0.0268
0.7208
0.7774
0.7223
0.7738
0.1854
0.7542
0.7899
0.7552
0.7877
0.4623
0.7761
0.7843
0.7767
0.7814
0.6791
0.7763
0.7951
0.7766
0.7925
0.6786
0.7741
0.7858
0.7748
0.7817
0.5317
0.7741
0.7858
0.7748
0.7817
0.5317
0.7691
0.7851
0.77
0.7809
0.4512
0.7415
0.7684
0.7413
0.7611
0.3602
0.675
0.7672
0.6756
0.7601
0.3286
0.6672
0.7253
0.6661
0.6959
0.3167
0.5491
0.6775
0.5413
0.6315
0.3117
0.5433
0.6727
0.5357
0.6314
0.3117
0.4987
0.6415
0.4847
0.5998
0.3117
0.4894
0.638
0.4649
0.5986
0.3117
0.3467
0.5887
0.3528
0.5358
0.3117
0.3467
0.5883
0.3528
0.5358
0.3117
0.3467
0.5883
0.3528
0.5358
0.3117
