Rose
0.0464
0.0081
0.0465
0.0056
0.0512
0.0000
0.0599
0.0000
0.0574
0.0499
0.0000
0.0602
0.0000
0.0576
0.0437
0.0291
0.0698
0.0298
0.0667
0.0437
0.0298
0.0705
0.0304
0.0668
0.0437
0.0445
0.0763
0.0444
0.0728
0.0437
0.0460
0.0764
0.0446
0.0729
0.0437
0.0590
0.0864
0.0594
0.0838
0.0000
0.0698
0.1185
0.0705
0.1085
0.0000
0.0857
0.0929
0.0861
0.0893
0.0466
0.0859
0.1429
0.0861
0.1308
0.0465
0.0843
0.1004
0.0847
0.0896
0.0099
0.0843
0.1004
0.0847
0.0896
0.0099
0.0810
0.0971
0.0815
0.0890
0.0000
0.0657
0.0805
0.0657
0.0751
0.0000
0.0454
0.0798
0.0456
0.0743
0.0000
0.0432
0.0605
0.0429
0.0514
0.0000
0.0140
0.0465
0.0121
0.0339
0.0000
0.0127
0.0451
0.0109
0.0339
0.0000
0.0032
0.0368
0.0003
0.0261
0.0000
0.0014
0.0359
0.0000
0.0258
0.0000
0.0000
0.0233
0.0000
0.0112
0.0000
0.0000
0.0232
0.0000
0.0112
0.0000
0.0000
0.0232
0.0000
0.0112
0.0000
FairView
0.0464
0.0081
0.0465
0.0056
0.0512
0.0000
0.0599
0.0000
0.0574
0.0499
0.0000
0.0602
0.0000
0.0576
0.0437
0.0291
0.0698
0.0298
0.0667
0.0437
0.0298
0.0705
0.0304
0.0668
0.0437
0.0445
0.0763
0.0444
0.0728
0.0437
0.0460
0.0764
0.0446
0.0729
0.0437
0.0590
0.0864
0.0594
0.0838
0.0000
0.0698
0.1185
0.0705
0.1085
0.0000
0.0857
0.0929
0.0861
0.0893
0.0466
0.0859
0.1429
0.0861
0.1308
0.0465
0.0843
0.1004
0.0847
0.0896
0.0099
0.0843
0.1004
0.0847
0.0896
0.0099
0.0810
0.0971
0.0815
0.0890
0.0000
0.0657
0.0805
0.0657
0.0751
0.0000
0.0454
0.0798
0.0456
0.0743
0.0000
0.0432
0.0605
0.0429
0.0514
0.0000
0.0140
0.0465
0.0121
0.0339
0.0000
0.0127
0.0451
0.0109
0.0339
0.0000
0.0032
0.0368
0.0003
0.0261
0.0000
0.0014
0.0359
0.0000
0.0258
0.0000
0.0000
0.0233
0.0000
0.0112
0.0000
0.0000
0.0232
0.0000
0.0112
0.0000
0.0000
0.0232
0.0000
0.0112
0.0000
Bell
0.0464
0.0081
0.0465
0.0056
0.0512
0.0000
0.0599
0.0000
0.0574
0.0499
0.0000
0.0602
0.0000
0.0576
0.0437
0.0291
0.0698
0.0298
0.0667
0.0437
0.0298
0.0705
0.0304
0.0668
0.0437
0.0445
0.0763
0.0444
0.0728
0.0437
0.0460
0.0764
0.0446
0.0729
0.0437
0.0590
0.0864
0.0594
0.0838
0.0000
0.0698
0.1185
0.0705
0.1085
0.0000
0.0857
0.0929
0.0861
0.0893
0.0466
0.0859
0.1429
0.0861
0.1308
0.0465
0.0843
0.1004
0.0847
0.0896
0.0099
0.0843
0.1004
0.0847
0.0896
0.0099
0.0810
0.0971
0.0815
0.0890
0.0000
0.0657
0.0805
0.0657
0.0751
0.0000
0.0454
0.0798
0.0456
0.0743
0.0000
0.0432
0.0605
0.0429
0.0514
0.0000
0.0140
0.0465
0.0121
0.0339
0.0000
0.0127
0.0451
0.0109
0.0339
0.0000
0.0032
0.0368
0.0003
0.0261
0.0000
0.0014
0.0359
0.0000
0.0258
0.0000
0.0000
0.0233
0.0000
0.0112
0.0000
0.0000
0.0232
0.0000
0.0112
0.0000
0.0000
0.0232
0.0000
0.0112
0.0000
IngramN
0.0464
0.0081
0.0465
0.0056
0.0512
0.0000
0.0599
0.0000
0.0574
0.0499
0.0000
0.0602
0.0000
0.0576
0.0437
0.0291
0.0698
0.0298
0.0667
0.0437
0.0298
0.0705
0.0304
0.0668
0.0437
0.0445
0.0763
0.0444
0.0728
0.0437
0.0460
0.0764
0.0446
0.0729
0.0437
0.0590
0.0864
0.0594
0.0838
0.0000
0.0698
0.1185
0.0705
0.1085
0.0000
0.0857
0.0929
0.0861
0.0893
0.0466
0.0859
0.1429
0.0861
0.1308
0.0465
0.0843
0.1004
0.0847
0.0896
0.0099
0.0843
0.1004
0.0847
0.0896
0.0099
0.0810
0.0971
0.0815
0.0890
0.0000
0.0657
0.0805
0.0657
0.0751
0.0000
0.0454
0.0798
0.0456
0.0743
0.0000
0.0432
0.0605
0.0429
0.0514
0.0000
0.0140
0.0465
0.0121
0.0339
0.0000
0.0127
0.0451
0.0109
0.0339
0.0000
0.0032
0.0368
0.0003
0.0261
0.0000
0.0014
0.0359
0.0000
0.0258
0.0000
0.0000
0.0233
0.0000
0.0112
0.0000
0.0000
0.0232
0.0000
0.0112
0.0000
0.0000
0.0232
0.0000
0.0112
0.0000
IngramS
0.0464
0.0081
0.0465
0.0056
0.0512
0.0000
0.0599
0.0000
0.0574
0.0499
0.0000
0.0602
0.0000
0.0576
0.0437
0.0291
0.0698
0.0298
0.0667
0.0437
0.0298
0.0705
0.0304
0.0668
0.0437
0.0445
0.0763
0.0444
0.0728
0.0437
0.0460
0.0764
0.0446
0.0729
0.0437
0.0590
0.0864
0.0594
0.0838
0.0000
0.0698
0.1185
0.0705
0.1085
0.0000
0.0857
0.0929
0.0861
0.0893
0.0466
0.0859
0.1429
0.0861
0.1308
0.0465
0.0843
0.1004
0.0847
0.0896
0.0099
0.0843
0.1004
0.0847
0.0896
0.0099
0.0810
0.0971
0.0815
0.0890
0.0000
0.0657
0.0805
0.0657
0.0751
0.0000
0.0454
0.0798
0.0456
0.0743
0.0000
0.0432
0.0605
0.0429
0.0514
0.0000
0.0140
0.0465
0.0121
0.0339
0.0000
0.0127
0.0451
0.0109
0.0339
0.0000
0.0032
0.0368
0.0003
0.0261
0.0000
0.0014
0.0359
0.0000
0.0258
0.0000
0.0000
0.0233
0.0000
0.0112
0.0000
0.0000
0.0232
0.0000
0.0112
0.0000
0.0000
0.0232
0.0000
0.0112
0.0000
ParkingServ
0.0464
0.0081
0.0465
0.0056
0.0512
0.0000
0.0599
0.0000
0.0574
0.0499
0.0000
0.0602
0.0000
0.0576
0.0437
0.0291
0.0698
0.0298
0.0667
0.0437
0.0298
0.0705
0.0304
0.0668
0.0437
0.0445
0.0763
0.0444
0.0728
0.0437
0.0460
0.0764
0.0446
0.0729
0.0437
0.0590
0.0864
0.0594
0.0838
0.0000
0.0698
0.1185
0.0705
0.1085
0.0000
0.0857
0.0929
0.0861
0.0893
0.0466
0.0859
0.1429
0.0861
0.1308
0.0465
0.0843
0.1004
0.0847
0.0896
0.0099
0.0843
0.1004
0.0847
0.0896
0.0099
0.0810
0.0971
0.0815
0.0890
0.0000
0.0657
0.0805
0.0657
0.0751
0.0000
0.0454
0.0798
0.0456
0.0743
0.0000
0.0432
0.0605
0.0429
0.0514
0.0000
0.0140
0.0465
0.0121
0.0339
0.0000
0.0127
0.0451
0.0109
0.0339
0.0000
0.0032
0.0368
0.0003
0.0261
0.0000
0.0014
0.0359
0.0000
0.0258
0.0000
0.0000
0.0233
0.0000
0.0112
0.0000
0.0000
0.0232
0.0000
0.0112
0.0000
0.0000
0.0232
0.0000
0.0112
0.0000
MainSt
0.0464
0.0081
0.0465
0.0056
0.0512
0.0000
0.0599
0.0000
0.0574
0.0499
0.0000
0.0602
0.0000
0.0576
0.0437
0.0291
0.0698
0.0298
0.0667
0.0437
0.0298
0.0705
0.0304
0.0668
0.0437
0.0445
0.0763
0.0444
0.0728
0.0437
0.0460
0.0764
0.0446
0.0729
0.0437
0.0590
0.0864
0.0594
0.0838
0.0000
0.0698
0.1185
0.0705
0.1085
0.0000
0.0857
0.0929
0.0861
0.0893
0.0466
0.0859
0.1429
0.0861
0.1308
0.0465
0.0843
0.1004
0.0847
0.0896
0.0099
0.0843
0.1004
0.0847
0.0896
0.0099
0.0810
0.0971
0.0815
0.0890
0.0000
0.0657
0.0805
0.0657
0.0751
0.0000
0.0454
0.0798
0.0456
0.0743
0.0000
0.0432
0.0605
0.0429
0.0514
0.0000
0.0140
0.0465
0.0121
0.0339
0.0000
0.0127
0.0451
0.0109
0.0339
0.0000
0.0032
0.0368
0.0003
0.0261
0.0000
0.0014
0.0359
0.0000
0.0258
0.0000
0.0000
0.0233
0.0000
0.0112
0.0000
0.0000
0.0232
0.0000
0.0112
0.0000
0.0000
0.0232
0.0000
0.0112
0.0000
PublicSafety
0.0464
0.0081
0.0465
0.0056
0.0512
0.0000
0.0599
0.0000
0.0574
0.0499
0.0000
0.0602
0.0000
0.0576
0.0437
0.0291
0.0698
0.0298
0.0667
0.0437
0.0298
0.0705
0.0304
0.0668
0.0437
0.0445
0.0763
0.0444
0.0728
0.0437
0.0460
0.0764
0.0446
0.0729
0.0437
0.0590
0.0864
0.0594
0.0838
0.0000
0.0698
0.1185
0.0705
0.1085
0.0000
0.0857
0.0929
0.0861
0.0893
0.0466
0.0859
0.1429
0.0861
0.1308
0.0465
0.0843
0.1004
0.0847
0.0896
0.0099
0.0843
0.1004
0.0847
0.0896
0.0099
0.0810
0.0971
0.0815
0.0890
0.0000
0.0657
0.0805
0.0657
0.0751
0.0000
0.0454
0.0798
0.0456
0.0743
0.0000
0.0432
0.0605
0.0429
0.0514
0.0000
0.0140
0.0465
0.0121
0.0339
0.0000
0.0127
0.0451
0.0109
0.0339
0.0000
0.0032
0.0368
0.0003
0.0261
0.0000
0.0014
0.0359
0.0000
0.0258
0.0000
0.0000
0.0233
0.0000
0.0112
0.0000
0.0000
0.0232
0.0000
0.0112
0.0000
0.0000
0.0232
0.0000
0.0112
0.0000
CollegeHeights
0.0464
0.0081
0.0465
0.0056
0.0512
0.0000
0.0599
0.0000
0.0574
0.0499
0.0000
0.0602
0.0000
0.0576
0.0437
0.0291
0.0698
0.0298
0.0667
0.0437
0.0298
0.0705
0.0304
0.0668
0.0437
0.0445
0.0763
0.0444
0.0728
0.0437
0.0460
0.0764
0.0446
0.0729
0.0437
0.0590
0.0864
0.0594
0.0838
0.0000
0.0698
0.1185
0.0705
0.1085
0.0000
0.0857
0.0929
0.0861
0.0893
0.0466
0.0859
0.1429
0.0861
0.1308
0.0465
0.0843
0.1004
0.0847
0.0896
0.0099
0.0843
0.1004
0.0847
0.0896
0.0099
0.0810
0.0971
0.0815
0.0890
0.0000
0.0657
0.0805
0.0657
0.0751
0.0000
0.0454
0.0798
0.0456
0.0743
0.0000
0.0432
0.0605
0.0429
0.0514
0.0000
0.0140
0.0465
0.0121
0.0339
0.0000
0.0127
0.0451
0.0109
0.0339
0.0000
0.0032
0.0368
0.0003
0.0261
0.0000
0.0014
0.0359
0.0000
0.0258
0.0000
0.0000
0.0233
0.0000
0.0112
0.0000
0.0000
0.0232
0.0000
0.0112
0.0000
0.0000
0.0232
0.0000
0.0112
0.0000
SportsPlex
0.0464
0.0081
0.0465
0.0056
0.0512
0.0000
0.0599
0.0000
0.0574
0.0499
0.0000
0.0602
0.0000
0.0576
0.0437
0.0291
0.0698
0.0298
0.0667
0.0437
0.0298
0.0705
0.0304
0.0668
0.0437
0.0445
0.0763
0.0444
0.0728
0.0437
0.0460
0.0764
0.0446
0.0729
0.0437
0.0590
0.0864
0.0594
0.0838
0.0000
0.0698
0.1185
0.0705
0.1085
0.0000
0.0857
0.0929
0.0861
0.0893
0.0466
0.0859
0.1429
0.0861
0.1308
0.0465
0.0843
0.1004
0.0847
0.0896
0.0099
0.0843
0.1004
0.0847
0.0896
0.0099
0.0810
0.0971
0.0815
0.0890
0.0000
0.0657
0.0805
0.0657
0.0751
0.0000
0.0454
0.0798
0.0456
0.0743
0.0000
0.0432
0.0605
0.0429
0.0514
0.0000
0.0140
0.0465
0.0121
0.0339
0.0000
0.0127
0.0451
0.0109
0.0339
0.0000
0.0032
0.0368
0.0003
0.0261
0.0000
0.0014
0.0359
0.0000
0.0258
0.0000
0.0000
0.0233
0.0000
0.0112
0.0000
0.0000
0.0232
0.0000
0.0112
0.0000
0.0000
0.0232
0.0000
0.0112
0.0000
CityView
0.0464
0.0081
0.0465
0.0056
0.0512
0.0000
0.0599
0.0000
0.0574
0.0499
0.0000
0.0602
0.0000
0.0576
0.0437
0.0291
0.0698
0.0298
0.0667
0.0437
0.0298
0.0705
0.0304
0.0668
0.0437
0.0445
0.0763
0.0444
0.0728
0.0437
0.0460
0.0764
0.0446
0.0729
0.0437
0.0590
0.0864
0.0594
0.0838
0.0000
0.0698
0.1185
0.0705
0.1085
0.0000
0.0857
0.0929
0.0861
0.0893
0.0466
0.0859
0.1429
0.0861
0.1308
0.0465
0.0843
0.1004
0.0847
0.0896
0.0099
0.0843
0.1004
0.0847
0.0896
0.0099
0.0810
0.0971
0.0815
0.0890
0.0000
0.0657
0.0805
0.0657
0.0751
0.0000
0.0454
0.0798
0.0456
0.0743
0.0000
0.0432
0.0605
0.0429
0.0514
0.0000
0.0140
0.0465
0.0121
0.0339
0.0000
0.0127
0.0451
0.0109
0.0339
0.0000
0.0032
0.0368
0.0003
0.0261
0.0000
0.0014
0.0359
0.0000
0.0258
0.0000
0.0000
0.0233
0.0000
0.0112
0.0000
0.0000
0.0232
0.0000
0.0112
0.0000
0.0000
0.0232
0.0000
0.0112
0.0000
GreekRow
0.0464
0.0081
0.0465
0.0056
0.0512
0.0000
0.0599
0.0000
0.0574
0.0499
0.0000
0.0602
0.0000
0.0576
0.0437
0.0291
0.0698
0.0298
0.0667
0.0437
0.0298
0.0705
0.0304
0.0668
0.0437
0.0445
0.0763
0.0444
0.0728
0.0437
0.0460
0.0764
0.0446
0.0729
0.0437
0.0590
0.0864
0.0594
0.0838
0.0000
0.0698
0.1185
0.0705
0.1085
0.0000
0.0857
0.0929
0.0861
0.0893
0.0466
0.0859
0.1429
0.0861
0.1308
0.0465
0.0843
0.1004
0.0847
0.0896
0.0099
0.0843
0.1004
0.0847
0.0896
0.0099
0.0810
0.0971
0.0815
0.0890
0.0000
0.0657
0.0805
0.0657
0.0751
0.0000
0.0454
0.0798
0.0456
0.0743
0.0000
0.0432
0.0605
0.0429
0.0514
0.0000
0.0140
0.0465
0.0121
0.0339
0.0000
0.0127
0.0451
0.0109
0.0339
0.0000
0.0032
0.0368
0.0003
0.0261
0.0000
0.0014
0.0359
0.0000
0.0258
0.0000
0.0000
0.0233
0.0000
0.0112
0.0000
0.0000
0.0232
0.0000
0.0112
0.0000
0.0000
0.0232
0.0000
0.0112
0.0000
Rutherford
0.0464
0.0081
0.0465
0.0056
0.0512
0.0000
0.0599
0.0000
0.0574
0.0499
0.0000
0.0602
0.0000
0.0576
0.0437
0.0291
0.0698
0.0298
0.0667
0.0437
0.0298
0.0705
0.0304
0.0668
0.0437
0.0445
0.0763
0.0444
0.0728
0.0437
0.0460
0.0764
0.0446
0.0729
0.0437
0.0590
0.0864
0.0594
0.0838
0.0000
0.0698
0.1185
0.0705
0.1085
0.0000
0.0857
0.0929
0.0861
0.0893
0.0466
0.0859
0.1429
0.0861
0.1308
0.0465
0.0843
0.1004
0.0847
0.0896
0.0099
0.0843
0.1004
0.0847
0.0896
0.0099
0.0810
0.0971
0.0815
0.0890
0.0000
0.0657
0.0805
0.0657
0.0751
0.0000
0.0454
0.0798
0.0456
0.0743
0.0000
0.0432
0.0605
0.0429
0.0514
0.0000
0.0140
0.0465
0.0121
0.0339
0.0000
0.0127
0.0451
0.0109
0.0339
0.0000
0.0032
0.0368
0.0003
0.0261
0.0000
0.0014
0.0359
0.0000
0.0258
0.0000
0.0000
0.0233
0.0000
0.0112
0.0000
0.0000
0.0232
0.0000
0.0112
0.0000
0.0000
0.0232
0.0000
0.0112
0.0000
Softball
0.0464
0.0081
0.0465
0.0056
0.0512
0.0000
0.0599
0.0000
0.0574
0.0499
0.0000
0.0602
0.0000
0.0576
0.0437
0.0291
0.0698
0.0298
0.0667
0.0437
0.0298
0.0705
0.0304
0.0668
0.0437
0.0445
0.0763
0.0444
0.0728
0.0437
0.0460
0.0764
0.0446
0.0729
0.0437
0.0590
0.0864
0.0594
0.0838
0.0000
0.0698
0.1185
0.0705
0.1085
0.0000
0.0857
0.0929
0.0861
0.0893
0.0466
0.0859
0.1429
0.0861
0.1308
0.0465
0.0843
0.1004
0.0847
0.0896
0.0099
0.0843
0.1004
0.0847
0.0896
0.0099
0.0810
0.0971
0.0815
0.0890
0.0000
0.0657
0.0805
0.0657
0.0751
0.0000
0.0454
0.0798
0.0456
0.0743
0.0000
0.0432
0.0605
0.0429
0.0514
0.0000
0.0140
0.0465
0.0121
0.0339
0.0000
0.0127
0.0451
0.0109
0.0339
0.0000
0.0032
0.0368
0.0003
0.0261
0.0000
0.0014
0.0359
0.0000
0.0258
0.0000
0.0000
0.0233
0.0000
0.0112
0.0000
0.0000
0.0232
0.0000
0.0112
0.0000
0.0000
0.0232
0.0000
0.0112
0.0000
Ezell
0.0464
0.0081
0.0465
0.0056
0.0512
0.0000
0.0599
0.0000
0.0574
0.0499
0.0000
0.0602
0.0000
0.0576
0.0437
0.0291
0.0698
0.0298
0.0667
0.0437
0.0298
0.0705
0.0304
0.0668
0.0437
0.0445
0.0763
0.0444
0.0728
0.0437
0.0460
0.0764
0.0446
0.0729
0.0437
0.0590
0.0864
0.0594
0.0838
0.0000
0.0698
0.1185
0.0705
0.1085
0.0000
0.0857
0.0929
0.0861
0.0893
0.0466
0.0859
0.1429
0.0861
0.1308
0.0465
0.0843
0.1004
0.0847
0.0896
0.0099
0.0843
0.1004
0.0847
0.0896
0.0099
0.0810
0.0971
0.0815
0.0890
0.0000
0.0657
0.0805
0.0657
0.0751
0.0000
0.0454
0.0798
0.0456
0.0743
0.0000
0.0432
0.0605
0.0429
0.0514
0.0000
0.0140
0.0465
0.0121
0.0339
0.0000
0.0127
0.0451
0.0109
0.0339
0.0000
0.0032
0.0368
0.0003
0.0261
0.0000
0.0014
0.0359
0.0000
0.0258
0.0000
0.0000
0.0233
0.0000
0.0112
0.0000
0.0000
0.0232
0.0000
0.0112
0.0000
0.0000
0.0232
0.0000
0.0112
0.0000
MtsuBlvdG
0.0464
0.0081
0.0465
0.0056
0.0512
0.0000
0.0599
0.0000
0.0574
0.0499
0.0000
0.0602
0.0000
0.0576
0.0437
0.0291
0.0698
0.0298
0.0667
0.0437
0.0298
0.0705
0.0304
0.0668
0.0437
0.0445
0.0763
0.0444
0.0728
0.0437
0.0460
0.0764
0.0446
0.0729
0.0437
0.0590
0.0864
0.0594
0.0838
0.0000
0.0698
0.1185
0.0705
0.1085
0.0000
0.0857
0.0929
0.0861
0.0893
0.0466
0.0859
0.1429
0.0861
0.1308
0.0465
0.0843
0.1004
0.0847
0.0896
0.0099
0.0843
0.1004
0.0847
0.0896
0.0099
0.0810
0.0971
0.0815
0.0890
0.0000
0.0657
0.0805
0.0657
0.0751
0.0000
0.0454
0.0798
0.0456
0.0743
0.0000
0.0432
0.0605
0.0429
0.0514
0.0000
0.0140
0.0465
0.0121
0.0339
0.0000
0.0127
0.0451
0.0109
0.0339
0.0000
0.0032
0.0368
0.0003
0.0261
0.0000
0.0014
0.0359
0.0000
0.0258
0.0000
0.0000
0.0233
0.0000
0.0112
0.0000
0.0000
0.0232
0.0000
0.0112
0.0000
0.0000
0.0232
0.0000
0.0112
0.0000
Rec
0.0464
0.0081
0.0465
0.0056
0.0512
0.0000
0.0599
0.0000
0.0574
0.0499
0.0000
0.0602
0.0000
0.0576
0.0437
0.0291
0.0698
0.0298
0.0667
0.0437
0.0298
0.0705
0.0304
0.0668
0.0437
0.0445
0.0763
0.0444
0.0728
0.0437
0.0460
0.0764
0.0446
0.0729
0.0437
0.0590
0.0864
0.0594
0.0838
0.0000
0.0698
0.1185
0.0705
0.1085
0.0000
0.0857
0.0929
0.0861
0.0893
0.0466
0.0859
0.1429
0.0861
0.1308
0.0465
0.0843
0.1004
0.0847
0.0896
0.0099
0.0843
0.1004
0.0847
0.0896
0.0099
0.0810
0.0971
0.0815
0.0890
0.0000
0.0657
0.0805
0.0657
0.0751
0.0000
0.0454
0.0798
0.0456
0.0743
0.0000
0.0432
0.0605
0.0429
0.0514
0.0000
0.0140
0.0465
0.0121
0.0339
0.0000
0.0127
0.0451
0.0109
0.0339
0.0000
0.0032
0.0368
0.0003
0.0261
0.0000
0.0014
0.0359
0.0000
0.0258
0.0000
0.0000
0.0233
0.0000
0.0112
0.0000
0.0000
0.0232
0.0000
0.0112
0.0000
0.0000
0.0232
0.0000
0.0112
0.0000
Abernathy
0.0464
0.0081
0.0465
0.0056
0.0512
0.0000
0.0599
0.0000
0.0574
0.0499
0.0000
0.0602
0.0000
0.0576
0.0437
0.0291
0.0698
0.0298
0.0667
0.0437
0.0298
0.0705
0.0304
0.0668
0.0437
0.0445
0.0763
0.0444
0.0728
0.0437
0.0460
0.0764
0.0446
0.0729
0.0437
0.0590
0.0864
0.0594
0.0838
0.0000
0.0698
0.1185
0.0705
0.1085
0.0000
0.0857
0.0929
0.0861
0.0893
0.0466
0.0859
0.1429
0.0861
0.1308
0.0465
0.0843
0.1004
0.0847
0.0896
0.0099
0.0843
0.1004
0.0847
0.0896
0.0099
0.0810
0.0971
0.0815
0.0890
0.0000
0.0657
0.0805
0.0657
0.0751
0.0000
0.0454
0.0798
0.0456
0.0743
0.0000
0.0432
0.0605
0.0429
0.0514
0.0000
0.0140
0.0465
0.0121
0.0339
0.0000
0.0127
0.0451
0.0109
0.0339
0.0000
0.0032
0.0368
0.0003
0.0261
0.0000
0.0014
0.0359
0.0000
0.0258
0.0000
0.0000
0.0233
0.0000
0.0112
0.0000
0.0000
0.0232
0.0000
0.0112
0.0000
0.0000
0.0232
0.0000
0.0112
0.0000
MTSU
0.0464
0.0081
0.0465
0.0056
0.0512
0.0000
0.0599
0.0000
0.0574
0.0499
0.0000
0.0602
0.0000
0.0576
0.0437
0.0291
0.0698
0.0298
0.0667
0.0437
0.0298
0.0705
0.0304
0.0668
0.0437
0.0445
0.0763
0.0444
0.0728
0.0437
0.0460
0.0764
0.0446
0.0729
0.0437
0.0590
0.0864
0.0594
0.0838
0.0000
0.0698
0.1185
0.0705
0.1085
0.0000
0.0857
0.0929
0.0861
0.0893
0.0466
0.0859
0.1429
0.0861
0.1308
0.0465
0.0843
0.1004
0.0847
0.0896
0.0099
0.0843
0.1004
0.0847
0.0896
0.0099
0.0810
0.0971
0.0815
0.0890
0.0000
0.0657
0.0805
0.0657
0.0751
0.0000
0.0454
0.0798
0.0456
0.0743
0.0000
0.0432
0.0605
0.0429
0.0514
0.0000
0.0140
0.0465
0.0121
0.0339
0.0000
0.0127
0.0451
0.0109
0.0339
0.0000
0.0032
0.0368
0.0003
0.0261
0.0000
0.0014
0.0359
0.0000
0.0258
0.0000
0.0000
0.0233
0.0000
0.0112
0.0000
0.0000
0.0232
0.0000
0.0112
0.0000
0.0000
0.0232
0.0000
0.0112
0.0000
Highland
0.0464
0.0081
0.0465
0.0056
0.0512
0.0000
0.0599
0.0000
0.0574
0.0499
0.0000
0.0602
0.0000
0.0576
0.0437
0.0291
0.0698
0.0298
0.0667
0.0437
0.0298
0.0705
0.0304
0.0668
0.0437
0.0445
0.0763
0.0444
0.0728
0.0437
0.0460
0.0764
0.0446
0.0729
0.0437
0.0590
0.0864
0.0594
0.0838
0.0000
0.0698
0.1185
0.0705
0.1085
0.0000
0.0857
0.0929
0.0861
0.0893
0.0466
0.0859
0.1429
0.0861
0.1308
0.0465
0.0843
0.1004
0.0847
0.0896
0.0099
0.0843
0.1004
0.0847
0.0896
0.0099
0.0810
0.0971
0.0815
0.0890
0.0000
0.0657
0.0805
0.0657
0.0751
0.0000
0.0454
0.0798
0.0456
0.0743
0.0000
0.0432
0.0605
0.0429
0.0514
0.0000
0.0140
0.0465
0.0121
0.0339
0.0000
0.0127
0.0451
0.0109
0.0339
0.0000
0.0032
0.0368
0.0003
0.0261
0.0000
0.0014
0.0359
0.0000
0.0258
0.0000
0.0000
0.0233
0.0000
0.0112
0.0000
0.0000
0.0232
0.0000
0.0112
0.0000
0.0000
0.0232
0.0000
0.0112
0.0000
MEC
0.0464
0.0081
0.0465
0.0056
0.0512
0.0000
0.0599
0.0000
0.0574
0.0499
0.0000
0.0602
0.0000
0.0576
0.0437
0.0291
0.0698
0.0298
0.0667
0.0437
0.0298
0.0705
0.0304
0.0668
0.0437
0.0445
0.0763
0.0444
0.0728
0.0437
0.0460
0.0764
0.0446
0.0729
0.0437
0.0590
0.0864
0.0594
0.0838
0.0000
0.0698
0.1185
0.0705
0.1085
0.0000
0.0857
0.0929
0.0861
0.0893
0.0466
0.0859
0.1429
0.0861
0.1308
0.0465
0.0843
0.1004
0.0847
0.0896
0.0099
0.0843
0.1004
0.0847
0.0896
0.0099
0.0810
0.0971
0.0815
0.0890
0.0000
0.0657
0.0805
0.0657
0.0751
0.0000
0.0454
0.0798
0.0456
0.0743
0.0000
0.0432
0.0605
0.0429
0.0514
0.0000
0.0140
0.0465
0.0121
0.0339
0.0000
0.0127
0.0451
0.0109
0.0339
0.0000
0.0032
0.0368
0.0003
0.0261
0.0000
0.0014
0.0359
0.0000
0.0258
0.0000
0.0000
0.0233
0.0000
0.0112
0.0000
0.0000
0.0232
0.0000
0.0112
0.0000
0.0000
0.0232
0.0000
0.0112
0.0000
Jackson
0.0464
0.0081
0.0465
0.0056
0.0512
0.0000
0.0599
0.0000
0.0574
0.0499
0.0000
0.0602
0.0000
0.0576
0.0437
0.0291
0.0698
0.0298
0.0667
0.0437
0.0298
0.0705
0.0304
0.0668
0.0437
0.0445
0.0763
0.0444
0.0728
0.0437
0.0460
0.0764
0.0446
0.0729
0.0437
0.0590
0.0864
0.0594
0.0838
0.0000
0.0698
0.1185
0.0705
0.1085
0.0000
0.0857
0.0929
0.0861
0.0893
0.0466
0.0859
0.1429
0.0861
0.1308
0.0465
0.0843
0.1004
0.0847
0.0896
0.0099
0.0843
0.1004
0.0847
0.0896
0.0099
0.0810
0.0971
0.0815
0.0890
0.0000
0.0657
0.0805
0.0657
0.0751
0.0000
0.0454
0.0798
0.0456
0.0743
0.0000
0.0432
0.0605
0.0429
0.0514
0.0000
0.0140
0.0465
0.0121
0.0339
0.0000
0.0127
0.0451
0.0109
0.0339
0.0000
0.0032
0.0368
0.0003
0.0261
0.0000
0.0014
0.0359
0.0000
0.0258
0.0000
0.0000
0.0233
0.0000
0.0112
0.0000
0.0000
0.0232
0.0000
0.0112
0.0000
0.0000
0.0232
0.0000
0.0112
0.0000
Livestock
0.0464
0.0081
0.0465
0.0056
0.0512
0.0000
0.0599
0.0000
0.0574
0.0499
0.0000
0.0602
0.0000
0.0576
0.0437
0.0291
0.0698
0.0298
0.0667
0.0437
0.0298
0.0705
0.0304
0.0668
0.0437
0.0445
0.0763
0.0444
0.0728
0.0437
0.0460
0.0764
0.0446
0.0729
0.0437
0.0590
0.0864
0.0594
0.0838
0.0000
0.0698
0.1185
0.0705
0.1085
0.0000
0.0857
0.0929
0.0861
0.0893
0.0466
0.0859
0.1429
0.0861
0.1308
0.0465
0.0843
0.1004
0.0847
0.0896
0.0099
0.0843
0.1004
0.0847
0.0896
0.0099
0.0810
0.0971
0.0815
0.0890
0.0000
0.0657
0.0805
0.0657
0.0751
0.0000
0.0454
0.0798
0.0456
0.0743
0.0000
0.0432
0.0605
0.0429
0.0514
0.0000
0.0140
0.0465
0.0121
0.0339
0.0000
0.0127
0.0451
0.0109
0.0339
0.0000
0.0032
0.0368
0.0003
0.0261
0.0000
0.0014
0.0359
0.0000
0.0258
0.0000
0.0000
0.0233
0.0000
0.0112
0.0000
0.0000
0.0232
0.0000
0.0112
0.0000
0.0000
0.0232
0.0000
0.0112
0.0000
Greenhouse
0.0464
0.0081
0.0465
0.0056
0.0512
0.0000
0.0599
0.0000
0.0574
0.0499
0.0000
0.0602
0.0000
0.0576
0.0437
0.0291
0.0698
0.0298
0.0667
0.0437
0.0298
0.0705
0.0304
0.0668
0.0437
0.0445
0.0763
0.0444
0.0728
0.0437
0.0460
0.0764
0.0446
0.0729
0.0437
0.0590
0.0864
0.0594
0.0838
0.0000
0.0698
0.1185
0.0705
0.1085
0.0000
0.0857
0.0929
0.0861
0.0893
0.0466
0.0859
0.1429
0.0861
0.1308
0.0465
0.0843
0.1004
0.0847
0.0896
0.0099
0.0843
0.1004
0.0847
0.0896
0.0099
0.0810
0.0971
0.0815
0.0890
0.0000
0.0657
0.0805
0.0657
0.0751
0.0000
0.0454
0.0798
0.0456
0.0743
0.0000
0.0432
0.0605
0.0429
0.0514
0.0000
0.0140
0.0465
0.0121
0.0339
0.0000
0.0127
0.0451
0.0109
0.0339
0.0000
0.0032
0.0368
0.0003
0.0261
0.0000
0.0014
0.0359
0.0000
0.0258
0.0000
0.0000
0.0233
0.0000
0.0112
0.0000
0.0000
0.0232
0.0000
0.0112
0.0000
0.0000
0.0232
0.0000
0.0112
0.0000
ChampionWayG
0.0464
0.0081
0.0465
0.0056
0.0512
0.0000
0.0599
0.0000
0.0574
0.0499
0.0000
0.0602
0.0000
0.0576
0.0437
0.0291
0.0698
0.0298
0.0667
0.0437
0.0298
0.0705
0.0304
0.0668
0.0437
0.0445
0.0763
0.0444
0.0728
0.0437
0.0460
0.0764
0.0446
0.0729
0.0437
0.0590
0.0864
0.0594
0.0838
0.0000
0.0698
0.1185
0.0705
0.1085
0.0000
0.0857
0.0929
0.0861
0.0893
0.0466
0.0859
0.1429
0.0861
0.1308
0.0465
0.0843
0.1004
0.0847
0.0896
0.0099
0.0843
0.1004
0.0847
0.0896
0.0099
0.0810
0.0971
0.0815
0.0890
0.0000
0.0657
0.0805
0.0657
0.0751
0.0000
0.0454
0.0798
0.0456
0.0743
0.0000
0.0432
0.0605
0.0429
0.0514
0.0000
0.0140
0.0465
0.0121
0.0339
0.0000
0.0127
0.0451
0.0109
0.0339
0.0000
0.0032
0.0368
0.0003
0.0261
0.0000
0.0014
0.0359
0.0000
0.0258
0.0000
0.0000
0.0233
0.0000
0.0112
0.0000
0.0000
0.0232
0.0000
0.0112
0.0000
0.0000
0.0232
0.0000
0.0112
0.0000
Greenland
0.0464
0.0081
0.0465
0.0056
0.0512
0.0000
0.0599
0.0000
0.0574
0.0499
0.0000
0.0602
0.0000
0.0576
0.0437
0.0291
0.0698
0.0298
0.0667
0.0437
0.0298
0.0705
0.0304
0.0668
0.0437
0.0445
0.0763
0.0444
0.0728
0.0437
0.0460
0.0764
0.0446
0.0729
0.0437
0.0590
0.0864
0.0594
0.0838
0.0000
0.0698
0.1185
0.0705
0.1085
0.0000
0.0857
0.0929
0.0861
0.0893
0.0466
0.0859
0.1429
0.0861
0.1308
0.0465
0.0843
0.1004
0.0847
0.0896
0.0099
0.0843
0.1004
0.0847
0.0896
0.0099
0.0810
0.0971
0.0815
0.0890
0.0000
0.0657
0.0805
0.0657
0.0751
0.0000
0.0454
0.0798
0.0456
0.0743
0.0000
0.0432
0.0605
0.0429
0.0514
0.0000
0.0140
0.0465
0.0121
0.0339
0.0000
0.0127
0.0451
0.0109
0.0339
0.0000
0.0032
0.0368
0.0003
0.0261
0.0000
0.0014
0.0359
0.0000
0.0258
0.0000
0.0000
0.0233
0.0000
0.0112
0.0000
0.0000
0.0232
0.0000
0.0112
0.0000
0.0000
0.0232
0.0000
0.0112
0.0000
MiddleTN
0.0464
0.0081
0.0465
0.0056
0.0512
0.0000
0.0599
0.0000
0.0574
0.0499
0.0000
0.0602
0.0000
0.0576
0.0437
0.0291
0.0698
0.0298
0.0667
0.0437
0.0298
0.0705
0.0304
0.0668
0.0437
0.0445
0.0763
0.0444
0.0728
0.0437
0.0460
0.0764
0.0446
0.0729
0.0437
0.0590
0.0864
0.0594
0.0838
0.0000
0.0698
0.1185
0.0705
0.1085
0.0000
0.0857
0.0929
0.0861
0.0893
0.0466
0.0859
0.1429
0.0861
0.1308
0.0465
0.0843
0.1004
0.0847
0.0896
0.0099
0.0843
0.1004
0.0847
0.0896
0.0099
0.0810
0.0971
0.0815
0.0890
0.0000
0.0657
0.0805
0.0657
0.0751
0.0000
0.0454
0.0798
0.0456
0.0743
0.0000
0.0432
0.0605
0.0429
0.0514
0.0000
0.0140
0.0465
0.0121
0.0339
0.0000
0.0127
0.0451
0.0109
0.0339
0.0000
0.0032
0.0368
0.0003
0.0261
0.0000
0.0014
0.0359
0.0000
0.0258
0.0000
0.0000
0.0233
0.0000
0.0112
0.0000
0.0000
0.0232
0.0000
0.0112
0.0000
0.0000
0.0232
0.0000
0.0112
0.0000
