Rose
0.0
0.2508
0.0
0.2443
0.0
0.1658
0.4802
0.1722
0.4704
0.0
0.2033
0.4816
0.2068
0.4712
0.0
0.3487
0.5188
0.3517
0.5072
0.0
0.3519
0.5216
0.3544
0.5075
0.0
0.4169
0.543
0.4161
0.5303
0.0
0.4232
0.5434
0.4173
0.5306
0.0
0.4768
0.5792
0.4787
0.5704
0.0548
0.5185
0.6111
0.5214
0.6053
0.2177
0.5761
0.5965
0.5774
0.5891
0.426
0.5766
0.6252
0.5773
0.6183
0.4254
0.5711
0.6006
0.5727
0.59
0.256
0.5711
0.6006
0.5727
0.59
0.256
0.5591
0.5989
0.5612
0.5879
0.2112
0.5025
0.5578
0.5023
0.5383
0.155
0.4211
0.555
0.4218
0.5354
0.1341
0.4117
0.4823
0.4104
0.4463
0.1265
0.2756
0.4243
0.2668
0.3699
0.1234
0.2692
0.4186
0.2606
0.3697
0.1234
0.2378
0.3817
0.2305
0.3332
0.1234
0.233
0.3776
0.2189
0.3319
0.1234
0.1459
0.3204
0.15
0.261
0.1234
0.1459
0.3199
0.15
0.261
0.1234
0.1459
0.3199
0.15
0.261
0.1234
FairView
0.1481
0.2743
0.1481
0.2709
0.1515
0.2237
0.4433
0.2277
0.436
0.1505
0.2471
0.4443
0.2493
0.4366
0.1462
0.3458
0.4718
0.3481
0.4632
0.1462
0.3482
0.4739
0.3502
0.4634
0.1462
0.3964
0.4898
0.3959
0.4803
0.1462
0.4011
0.4901
0.3967
0.4805
0.1462
0.4407
0.5167
0.442
0.5101
0.1542
0.4717
0.5404
0.4738
0.5361
0.2556
0.5146
0.5296
0.5155
0.5241
0.4031
0.5151
0.5509
0.5155
0.5458
0.4028
0.5109
0.5326
0.5121
0.5247
0.2769
0.5109
0.5326
0.5121
0.5247
0.2769
0.5021
0.5313
0.5036
0.5232
0.2519
0.4601
0.5008
0.4599
0.4864
0.2169
0.3995
0.4987
0.4
0.4842
0.204
0.3926
0.4447
0.3915
0.4181
0.1993
0.2918
0.402
0.2851
0.3618
0.1974
0.2871
0.3978
0.2805
0.3616
0.1974
0.2678
0.3706
0.2638
0.3348
0.1974
0.2653
0.3675
0.2567
0.3338
0.1974
0.2113
0.3248
0.2139
0.281
0.1974
0.2113
0.3244
0.2139
0.281
0.1974
0.2113
0.3244
0.2139
0.281
0.1974
Bell
0.7181
0.5881
0.7181
0.5937
0.7238
0.6256
0.545
0.624
0.5466
0.7222
0.6144
0.5447
0.6136
0.5465
0.7148
0.5672
0.5378
0.567
0.5397
0.7148
0.5667
0.5373
0.5665
0.5397
0.7148
0.5557
0.5339
0.5558
0.5358
0.7148
0.5546
0.5338
0.5555
0.5358
0.7148
0.545
0.5275
0.5441
0.5289
0.6579
0.538
0.5225
0.5371
0.5235
0.609
0.5285
0.5249
0.528
0.5261
0.5534
0.5289
0.5202
0.5284
0.5215
0.5539
0.5297
0.5241
0.5292
0.526
0.5823
0.5297
0.5241
0.5292
0.526
0.5823
0.5321
0.5246
0.5315
0.5266
0.6116
0.5415
0.5313
0.5414
0.5347
0.6289
0.5546
0.5319
0.5541
0.5353
0.6351
0.5563
0.5439
0.5561
0.5503
0.6375
0.5807
0.5552
0.5811
0.565
0.6385
0.5818
0.5563
0.5822
0.565
0.6385
0.5998
0.5631
0.6053
0.5719
0.6385
0.6041
0.5638
0.6097
0.5721
0.6385
0.6318
0.5726
0.6305
0.5837
0.6385
0.6318
0.5727
0.6305
0.5837
0.6385
0.6318
0.5727
0.6305
0.5837
0.6385
IngramN
0.8392
0.7197
0.8391
0.7263
0.8423
0.7632
0.6374
0.7613
0.6408
0.8414
0.7504
0.6369
0.7494
0.6405
0.8374
0.682
0.6237
0.6813
0.6276
0.8374
0.681
0.6227
0.6803
0.6275
0.8374
0.6588
0.6156
0.659
0.6197
0.8374
0.6567
0.6155
0.6586
0.6196
0.8374
0.6379
0.6031
0.6367
0.606
0.8003
0.6238
0.5927
0.6224
0.5946
0.7446
0.6045
0.5975
0.6037
0.6
0.6549
0.6048
0.5879
0.6042
0.5904
0.6556
0.6066
0.596
0.6058
0.5998
0.7128
0.6066
0.596
0.6058
0.5998
0.7128
0.611
0.5968
0.61
0.6006
0.7473
0.6301
0.6105
0.63
0.6172
0.7669
0.657
0.6116
0.6564
0.6184
0.774
0.6603
0.6361
0.6604
0.6485
0.7767
0.7079
0.6573
0.7099
0.6763
0.7778
0.7102
0.6593
0.712
0.6763
0.7778
0.7334
0.6724
0.7401
0.6894
0.7778
0.7385
0.6738
0.745
0.6898
0.7778
0.7701
0.6924
0.7687
0.7136
0.7778
0.7701
0.6926
0.7687
0.7136
0.7778
0.7701
0.6926
0.7687
0.7136
0.7778
IngramS
0.8031
0.7893
0.803
0.7943
0.8018
0.8099
0.7286
0.8096
0.7311
0.8021
0.8073
0.7283
0.8072
0.7309
0.804
0.7614
0.7185
0.761
0.7213
0.804
0.7607
0.7177
0.7602
0.7213
0.804
0.7444
0.7126
0.7446
0.7156
0.804
0.7428
0.7124
0.7443
0.7155
0.804
0.729
0.7033
0.728
0.7054
0.8171
0.7186
0.6957
0.7175
0.6971
0.8056
0.7044
0.6993
0.7038
0.7011
0.7414
0.7047
0.6922
0.7042
0.6941
0.742
0.706
0.6981
0.7054
0.7009
0.784
0.706
0.6981
0.7054
0.7009
0.784
0.7093
0.6987
0.7086
0.7016
0.8065
0.7233
0.7088
0.7232
0.7138
0.8107
0.743
0.7095
0.7426
0.7146
0.8121
0.7455
0.7275
0.7455
0.7367
0.8127
0.7807
0.7433
0.782
0.7574
0.813
0.7824
0.7448
0.7836
0.7574
0.813
0.7995
0.7545
0.8044
0.7671
0.813
0.8033
0.7555
0.8061
0.7674
0.813
0.8114
0.7691
0.8111
0.7848
0.813
0.8114
0.7692
0.8111
0.7848
0.813
0.8114
0.7692
0.8111
0.7848
0.813
ParkingServ
0.9767
0.8763
0.9767
0.8842
0.9765
0.9253
0.7504
0.9231
0.7557
0.9765
0.9112
0.7497
0.9101
0.7553
0.9768
0.82
0.7295
0.8187
0.7356
0.9768
0.8183
0.728
0.8172
0.7355
0.9768
0.7839
0.7168
0.7842
0.7234
0.9768
0.7805
0.7166
0.7836
0.7232
0.9768
0.7516
0.6974
0.7501
0.7019
0.9661
0.7296
0.6808
0.7276
0.6838
0.9057
0.6992
0.6884
0.6982
0.6923
0.7783
0.6992
0.6733
0.6985
0.6771
0.779
0.7022
0.6862
0.7012
0.6919
0.8684
0.7022
0.6862
0.7012
0.6919
0.8684
0.7088
0.6873
0.7075
0.6932
0.9081
0.7387
0.7089
0.7387
0.7193
0.9292
0.7813
0.7105
0.7806
0.721
0.937
0.7864
0.749
0.7868
0.7682
0.9399
0.8598
0.7811
0.8636
0.8103
0.9411
0.8633
0.7842
0.867
0.8104
0.9411
0.8921
0.8042
0.9002
0.8303
0.9411
0.898
0.8064
0.9056
0.831
0.9411
0.9327
0.8361
0.9312
0.8684
0.9411
0.9327
0.8364
0.9312
0.8684
0.9411
0.9327
0.8364
0.9312
0.8684
0.9411
MainSt
1.0
0.8869
1.0
0.8951
1.0
0.9399
0.7522
0.9374
0.7578
1.0
0.9241
0.7514
0.9228
0.7574
1.0
0.8266
0.7298
0.8253
0.7364
1.0
0.8249
0.7282
0.8237
0.7363
1.0
0.788
0.7162
0.7884
0.7233
1.0
0.7844
0.7159
0.7877
0.7231
1.0
0.7535
0.6954
0.7519
0.7003
0.9856
0.7299
0.6776
0.7278
0.6808
0.9181
0.6972
0.6857
0.6962
0.6899
0.7821
0.6972
0.6696
0.6965
0.6736
0.7828
0.7004
0.6834
0.6994
0.6895
0.8787
0.7004
0.6834
0.6994
0.6895
0.8787
0.7075
0.6846
0.7061
0.6909
0.9206
0.7396
0.7078
0.7396
0.7189
0.9442
0.7852
0.7095
0.7846
0.7207
0.9529
0.7907
0.7508
0.7912
0.7712
0.9561
0.8692
0.785
0.8735
0.8162
0.9574
0.873
0.7884
0.8771
0.8163
0.9574
0.9033
0.8097
0.912
0.8376
0.9574
0.9096
0.8121
0.9179
0.8383
0.9574
0.948
0.844
0.9464
0.8784
0.9574
0.948
0.8443
0.9464
0.8784
0.9574
0.948
0.8443
0.9464
0.8784
0.9574
PublicSafety
0.936
0.9822
0.9359
0.9877
0.9295
1.0
0.8832
1.0
0.8873
0.9313
1.0
0.8826
1.0
0.887
0.9398
0.9382
0.8666
0.9372
0.8715
0.9398
0.9369
0.8654
0.936
0.8714
0.9398
0.9097
0.8566
0.91
0.8618
0.9398
0.907
0.8564
0.9095
0.8617
0.9398
0.8842
0.8412
0.883
0.8449
1.0
0.8668
0.8281
0.8652
0.8305
1.0
0.8427
0.8342
0.8419
0.8372
0.9053
0.8428
0.8222
0.8423
0.8252
0.9058
0.8451
0.8324
0.8443
0.837
0.9766
0.8451
0.8324
0.8443
0.837
0.9766
0.8504
0.8332
0.8493
0.8379
1.0
0.874
0.8503
0.874
0.8586
1.0
0.9076
0.8516
0.9071
0.8599
1.0
0.9117
0.8819
0.912
0.8972
1.0
0.9697
0.9073
0.9727
0.9305
1.0
0.9725
0.9098
0.9754
0.9305
1.0
0.9933
0.9255
0.9991
0.9463
1.0
0.9975
0.9273
1.0
0.9468
1.0
1.0
0.9507
1.0
0.9763
1.0
1.0
0.951
1.0
0.9763
1.0
1.0
0.951
1.0
0.9763
1.0
CollegeHeights
0.9868
0.9071
0.9868
0.9148
0.9854
0.9527
0.7801
0.9506
0.7855
0.9858
0.9402
0.7794
0.9392
0.785
0.9876
0.8504
0.7591
0.8491
0.7654
0.9876
0.8487
0.7576
0.8476
0.7652
0.9876
0.8138
0.7462
0.8143
0.7529
0.9876
0.8105
0.746
0.8137
0.7528
0.9876
0.7814
0.7266
0.7801
0.7312
0.9894
0.7591
0.7096
0.7572
0.7127
0.936
0.7282
0.7174
0.7273
0.7213
0.8086
0.728
0.7021
0.7275
0.7059
0.809
0.7311
0.7153
0.7301
0.721
0.8997
0.7311
0.7153
0.7301
0.721
0.8997
0.7377
0.7163
0.7365
0.7222
0.9376
0.768
0.7384
0.7681
0.7488
0.956
0.8113
0.74
0.8108
0.7504
0.963
0.8165
0.7791
0.817
0.7983
0.9654
0.8905
0.8112
0.8947
0.8405
0.9664
0.8941
0.8143
0.8981
0.8406
0.9664
0.9223
0.8344
0.9306
0.8606
0.9664
0.9282
0.8367
0.9353
0.8613
0.9664
0.959
0.8671
0.9578
0.8993
0.9664
0.959
0.8673
0.9578
0.8993
0.9664
0.959
0.8673
0.9578
0.8993
0.9664
SportsPlex
0.7065
1.0
0.7063
1.0
0.692
0.9542
1.0
0.9584
1.0
0.696
0.9814
1.0
0.9835
1.0
0.7149
1.0
1.0
1.0
1.0
0.7149
1.0
1.0
1.0
1.0
0.7149
1.0
1.0
1.0
1.0
0.7149
1.0
1.0
1.0
1.0
0.7149
1.0
1.0
1.0
1.0
0.8762
1.0
1.0
1.0
1.0
0.9926
1.0
1.0
1.0
1.0
1.0
1.0
1.0
1.0
1.0
1.0
1.0
1.0
1.0
1.0
1.0
1.0
1.0
1.0
1.0
1.0
1.0
1.0
1.0
1.0
0.9875
1.0
1.0
1.0
1.0
0.9466
1.0
1.0
1.0
1.0
0.9316
1.0
1.0
1.0
1.0
0.926
1.0
1.0
1.0
1.0
0.9237
1.0
1.0
1.0
1.0
0.9237
1.0
1.0
1.0
1.0
0.9237
1.0
1.0
0.9922
1.0
0.9237
0.9399
1.0
0.9428
1.0
0.9237
0.9399
1.0
0.9428
1.0
0.9237
0.9399
1.0
0.9428
1.0
0.9237
CityView
0.6386
0.9141
0.6384
0.9137
0.6261
0.8672
0.9351
0.8713
0.9342
0.6295
0.8941
0.9352
0.8963
0.9342
0.6458
0.923
0.9387
0.9233
0.9376
0.6458
0.9233
0.9389
0.9235
0.9376
0.6458
0.9292
0.9409
0.9292
0.9397
0.6458
0.9298
0.9409
0.9293
0.9397
0.6458
0.9348
0.9442
0.935
0.9434
0.79
0.9386
0.947
0.9389
0.9465
0.9054
0.9438
0.9457
0.944
0.945
0.9302
0.9438
0.9484
0.9439
0.9477
0.93
0.9433
0.9462
0.9435
0.9451
0.9146
0.9433
0.9462
0.9435
0.9451
0.9146
0.9421
0.946
0.9424
0.9449
0.9002
0.937
0.9423
0.937
0.9404
0.8595
0.9296
0.942
0.9297
0.9401
0.8447
0.9288
0.9354
0.9287
0.932
0.8391
0.9162
0.93
0.9155
0.9248
0.8368
0.9156
0.9294
0.9149
0.9248
0.8368
0.9131
0.926
0.9127
0.9214
0.8368
0.9128
0.9257
0.9048
0.9213
0.8368
0.8529
0.9206
0.8558
0.9149
0.8368
0.8529
0.9205
0.8558
0.9149
0.8368
0.8529
0.9205
0.8558
0.9149
0.8368
GreekRow
0.5376
0.7975
0.5375
0.7963
0.5275
0.7468
0.8506
0.751
0.8484
0.5303
0.7744
0.851
0.7766
0.8486
0.5433
0.8201
0.8597
0.8208
0.8571
0.5433
0.8208
0.8604
0.8214
0.8571
0.5433
0.8359
0.8653
0.8357
0.8624
0.5433
0.8374
0.8654
0.836
0.8624
0.5433
0.8499
0.8737
0.8505
0.8717
0.6677
0.8595
0.8809
0.8603
0.8796
0.7862
0.8728
0.8776
0.8732
0.8759
0.8383
0.8727
0.8843
0.873
0.8825
0.838
0.8715
0.8787
0.8719
0.8761
0.7989
0.8715
0.8787
0.8719
0.8761
0.7989
0.8686
0.8782
0.8691
0.8756
0.7806
0.8555
0.8689
0.8555
0.8642
0.7388
0.837
0.8682
0.8372
0.8635
0.7237
0.8347
0.8515
0.8345
0.8429
0.7178
0.8029
0.8378
0.8011
0.8248
0.7155
0.8014
0.8364
0.7997
0.8248
0.7155
0.7948
0.8277
0.7936
0.8162
0.7155
0.7939
0.8268
0.7853
0.8159
0.7155
0.732
0.8139
0.7351
0.7996
0.7155
0.732
0.8137
0.7351
0.7996
0.7155
0.732
0.8137
0.7351
0.7996
0.7155
Rutherford
0.4682
0.8487
0.4679
0.8452
0.4536
0.7698
0.9355
0.7761
0.9318
0.4576
0.8096
0.936
0.8129
0.9322
0.4765
0.8863
0.9502
0.8873
0.9458
0.4765
0.8874
0.9512
0.8884
0.9459
0.4765
0.9118
0.9592
0.9115
0.9545
0.4765
0.9142
0.9593
0.9119
0.9546
0.4765
0.9344
0.9728
0.9352
0.9695
0.6546
0.9499
0.9846
0.9511
0.9824
0.826
0.9714
0.9791
0.972
0.9764
0.9154
0.9714
0.9899
0.9718
0.9872
0.9151
0.9695
0.9807
0.9701
0.9767
0.8518
0.9695
0.9807
0.9701
0.9767
0.8518
0.9648
0.98
0.9657
0.9758
0.8185
0.9437
0.9648
0.9437
0.9574
0.7585
0.9135
0.9637
0.9138
0.9562
0.7365
0.9099
0.9366
0.9095
0.923
0.7282
0.8586
0.9145
0.8556
0.8939
0.7249
0.8562
0.9123
0.8533
0.8938
0.7249
0.8414
0.8984
0.8377
0.88
0.7249
0.8388
0.8968
0.8256
0.8795
0.7249
0.7487
0.8757
0.753
0.8531
0.7249
0.7487
0.8755
0.753
0.8531
0.7249
0.7487
0.8755
0.753
0.8531
0.7249
Softball
0.5086
0.7261
0.5085
0.7251
0.5011
0.6816
0.785
0.6852
0.7825
0.5031
0.706
0.7854
0.7079
0.7827
0.5128
0.751
0.7952
0.7517
0.7922
0.5128
0.7518
0.796
0.7525
0.7923
0.5128
0.7685
0.8014
0.7684
0.7981
0.5128
0.7702
0.8015
0.7687
0.7982
0.5128
0.7843
0.8107
0.7849
0.8084
0.6121
0.7949
0.8188
0.7958
0.8173
0.7167
0.8097
0.8151
0.8101
0.8131
0.7712
0.8096
0.8225
0.8099
0.8206
0.7709
0.8082
0.8163
0.8087
0.8134
0.7273
0.8082
0.8163
0.8087
0.8134
0.7273
0.805
0.8158
0.8056
0.8128
0.7116
0.7904
0.8054
0.7904
0.8001
0.6745
0.7698
0.8046
0.77
0.7993
0.6612
0.7673
0.786
0.767
0.7764
0.656
0.7318
0.7707
0.7298
0.7562
0.6539
0.7301
0.7691
0.7282
0.7561
0.6539
0.7238
0.7595
0.7229
0.7466
0.6539
0.7231
0.7585
0.7156
0.7462
0.6539
0.6685
0.7441
0.6712
0.7281
0.6539
0.6685
0.7439
0.6712
0.7281
0.6539
0.6685
0.7439
0.6712
0.7281
0.6539
Ezell
0.804
0.7172
0.804
0.7231
0.8058
0.7517
0.6511
0.7499
0.6538
0.8053
0.7428
0.6507
0.7419
0.6535
0.8027
0.6869
0.6404
0.6863
0.6437
0.8027
0.686
0.6397
0.6856
0.6436
0.8027
0.6681
0.6338
0.6685
0.6373
0.8027
0.6665
0.6337
0.6682
0.6372
0.8027
0.6518
0.6237
0.6514
0.6261
0.7807
0.6403
0.6148
0.6395
0.6164
0.7409
0.6244
0.6189
0.624
0.6208
0.6659
0.6241
0.6111
0.624
0.6128
0.6659
0.6256
0.6181
0.6252
0.6208
0.7126
0.6256
0.6181
0.6252
0.6208
0.7126
0.6287
0.6185
0.6283
0.6213
0.7411
0.6444
0.6301
0.6445
0.6351
0.754
0.667
0.6309
0.6669
0.6359
0.7591
0.6695
0.6511
0.67
0.6605
0.7607
0.707
0.6671
0.7096
0.6815
0.7614
0.7088
0.6686
0.7113
0.6816
0.7614
0.7287
0.6788
0.7354
0.6917
0.7614
0.7332
0.68
0.7387
0.6921
0.7614
0.7561
0.6961
0.7553
0.7118
0.7614
0.7561
0.6962
0.7553
0.7118
0.7614
0.7561
0.6962
0.7553
0.7118
0.7614
MtsuBlvdG
0.6048
0.6822
0.6048
0.684
0.6022
0.6714
0.6968
0.6726
0.6961
0.6029
0.6813
0.6969
0.682
0.6961
0.6061
0.6874
0.6996
0.6877
0.6988
0.6061
0.6876
0.6999
0.6879
0.6988
0.6061
0.6921
0.7013
0.6922
0.7004
0.6061
0.6927
0.7013
0.6923
0.7004
0.6061
0.6966
0.7038
0.6969
0.7031
0.645
0.6994
0.7058
0.6997
0.7054
0.6866
0.7034
0.7049
0.7035
0.7043
0.6932
0.7032
0.707
0.7034
0.7063
0.6929
0.7028
0.7054
0.703
0.7044
0.6812
0.7028
0.7054
0.703
0.7044
0.6812
0.7018
0.7052
0.702
0.7042
0.6838
0.6979
0.7026
0.698
0.7009
0.6684
0.6926
0.7024
0.6927
0.7007
0.6631
0.6918
0.6975
0.6918
0.6946
0.6608
0.682
0.6931
0.6817
0.6888
0.66
0.6816
0.6926
0.6813
0.6888
0.66
0.6854
0.69
0.6877
0.6861
0.66
0.6868
0.6898
0.6849
0.686
0.66
0.6659
0.6862
0.6671
0.6813
0.66
0.6659
0.6861
0.6671
0.6813
0.66
0.6659
0.6861
0.6671
0.6813
0.66
Rec
0.7147
0.7139
0.7147
0.7179
0.7139
0.7257
0.6852
0.7255
0.6863
0.7141
0.7264
0.685
0.7263
0.6862
0.7149
0.7002
0.6808
0.7
0.6821
0.7149
0.6998
0.6805
0.6997
0.6821
0.7149
0.6922
0.6779
0.6925
0.6794
0.7149
0.6916
0.6779
0.6924
0.6794
0.7149
0.6855
0.6737
0.6854
0.6747
0.7266
0.6806
0.6698
0.6803
0.6704
0.7281
0.6739
0.6716
0.6738
0.6724
0.6915
0.6736
0.6684
0.6736
0.669
0.6914
0.6742
0.6714
0.6741
0.6724
0.7112
0.6742
0.6714
0.6741
0.6724
0.7112
0.6755
0.6715
0.6753
0.6726
0.7269
0.6821
0.6765
0.6822
0.6785
0.7254
0.6918
0.6769
0.6918
0.6788
0.7252
0.6928
0.6855
0.6931
0.6892
0.7248
0.7085
0.6921
0.7097
0.6979
0.7247
0.7093
0.6927
0.7105
0.6979
0.7247
0.7214
0.697
0.726
0.7021
0.7247
0.7244
0.6975
0.7262
0.7023
0.7247
0.7251
0.7045
0.7254
0.7107
0.7247
0.7251
0.7045
0.7254
0.7107
0.7247
0.7251
0.7045
0.7254
0.7107
0.7247
Abernathy
0.8738
0.8176
0.8739
0.8239
0.8731
0.8509
0.7308
0.8494
0.7344
0.8733
0.8431
0.7302
0.8424
0.7341
0.8741
0.7784
0.7166
0.7776
0.7209
0.8741
0.7773
0.7156
0.7766
0.7208
0.8741
0.7535
0.7078
0.754
0.7124
0.8741
0.7513
0.7076
0.7536
0.7123
0.8741
0.7317
0.6944
0.731
0.6976
0.8756
0.7164
0.6828
0.7153
0.6848
0.8414
0.6954
0.6881
0.6948
0.6907
0.7503
0.6951
0.6778
0.6949
0.6802
0.7504
0.6971
0.6869
0.6966
0.6906
0.8122
0.6971
0.6869
0.6966
0.6906
0.8122
0.7015
0.6875
0.7008
0.6914
0.8416
0.7222
0.7027
0.7223
0.7095
0.8529
0.7519
0.7037
0.7517
0.7107
0.8573
0.7554
0.7304
0.7559
0.7432
0.8587
0.8054
0.752
0.8086
0.7715
0.8593
0.8078
0.754
0.8109
0.7716
0.8593
0.8298
0.7677
0.8367
0.7851
0.8593
0.8345
0.7692
0.8398
0.7856
0.8593
0.8547
0.7902
0.854
0.8116
0.8593
0.8547
0.7904
0.854
0.8116
0.8593
0.8547
0.7904
0.854
0.8116
0.8593
MTSU
0.3668
0.6638
0.3667
0.6603
0.3579
0.5942
0.7768
0.5996
0.772
0.3604
0.6286
0.7775
0.6315
0.7724
0.3718
0.7122
0.796
0.7136
0.7903
0.3718
0.7137
0.7974
0.715
0.7904
0.3718
0.7456
0.8078
0.7453
0.8016
0.3718
0.7487
0.808
0.7458
0.8017
0.3718
0.7753
0.8256
0.7764
0.8213
0.4951
0.7957
0.841
0.7972
0.8382
0.6432
0.8238
0.8339
0.8245
0.8303
0.7505
0.8237
0.848
0.8242
0.8444
0.7499
0.8211
0.8361
0.822
0.8307
0.667
0.8211
0.8361
0.822
0.8307
0.667
0.815
0.8352
0.8162
0.8296
0.6364
0.7874
0.8152
0.7873
0.8054
0.5843
0.7479
0.8138
0.7483
0.8039
0.5654
0.7432
0.7783
0.7426
0.7604
0.5582
0.6759
0.7494
0.672
0.7222
0.5553
0.6727
0.7464
0.6689
0.7221
0.5553
0.6565
0.7282
0.6529
0.7039
0.5553
0.654
0.7262
0.6424
0.7033
0.5553
0.5759
0.6986
0.5797
0.6687
0.5553
0.5759
0.6983
0.5797
0.6687
0.5553
0.5759
0.6983
0.5797
0.6687
0.5553
Highland
0.3047
0.7479
0.3044
0.7419
0.2901
0.646
0.8938
0.6541
0.8876
0.2941
0.6946
0.8947
0.6989
0.8881
0.3131
0.8109
0.9181
0.8127
0.9108
0.3131
0.8129
0.9199
0.8145
0.911
0.3131
0.8539
0.9334
0.8534
0.9253
0.3131
0.8579
0.9337
0.8541
0.9255
0.3131
0.8916
0.9562
0.8927
0.9507
0.5029
0.9179
0.9764
0.9197
0.9728
0.7132
0.9543
0.9672
0.9551
0.9625
0.8595
0.9547
0.9853
0.955
0.9809
0.8592
0.9513
0.9697
0.9522
0.963
0.7523
0.9513
0.9697
0.9522
0.963
0.7523
0.9438
0.9686
0.945
0.9617
0.705
0.9081
0.9426
0.9078
0.9304
0.6322
0.8566
0.9408
0.8569
0.9285
0.6052
0.8507
0.8949
0.8497
0.8723
0.5953
0.765
0.8585
0.7592
0.8243
0.5913
0.7609
0.8549
0.7553
0.8242
0.5913
0.7361
0.8317
0.7292
0.8013
0.5913
0.7316
0.8291
0.7145
0.8004
0.5913
0.6204
0.7928
0.6256
0.7556
0.5913
0.6204
0.7925
0.6256
0.7556
0.5913
0.6204
0.7925
0.6256
0.7556
0.5913
MEC
0.2779
0.6908
0.2777
0.685
0.2653
0.593
0.8428
0.6008
0.8364
0.2688
0.6395
0.8437
0.6436
0.8369
0.2852
0.7563
0.8682
0.7582
0.8605
0.2852
0.7584
0.87
0.76
0.8607
0.2852
0.8012
0.8841
0.8006
0.8757
0.2852
0.8053
0.8844
0.8013
0.8759
0.2852
0.8405
0.908
0.8416
0.9021
0.4562
0.868
0.929
0.8698
0.9252
0.6572
0.906
0.9194
0.9068
0.9145
0.807
0.9064
0.9383
0.9067
0.9338
0.8067
0.9028
0.922
0.9038
0.9151
0.6951
0.9028
0.922
0.9038
0.9151
0.6951
0.8949
0.9209
0.8962
0.9137
0.6493
0.8577
0.8938
0.8575
0.881
0.5798
0.8039
0.8919
0.8043
0.8791
0.554
0.7978
0.844
0.7968
0.8204
0.5446
0.7084
0.806
0.7023
0.7703
0.5408
0.7041
0.8022
0.6982
0.7702
0.5408
0.6793
0.778
0.6725
0.7463
0.5408
0.6749
0.7753
0.6585
0.7454
0.5408
0.5685
0.7375
0.5735
0.6986
0.5408
0.5685
0.7372
0.5735
0.6986
0.5408
0.5685
0.7372
0.5735
0.6986
0.5408
Jackson
0.2453
0.6962
0.2451
0.6896
0.2315
0.5888
0.8624
0.5972
0.8554
0.2353
0.6393
0.8634
0.6438
0.856
0.2534
0.7679
0.8902
0.77
0.8818
0.2534
0.7702
0.8922
0.772
0.882
0.2534
0.817
0.9076
0.8163
0.8984
0.2534
0.8215
0.9079
0.8171
0.8986
0.2534
0.86
0.9336
0.8612
0.9273
0.44
0.8899
0.9566
0.8919
0.9524
0.6586
0.9314
0.9461
0.9323
0.9408
0.8234
0.9318
0.9667
0.9322
0.9617
0.823
0.9279
0.9489
0.929
0.9413
0.7012
0.9279
0.9489
0.929
0.9413
0.7012
0.9193
0.9477
0.9207
0.9398
0.6501
0.8786
0.9181
0.8784
0.9042
0.5744
0.82
0.9161
0.8204
0.902
0.5464
0.8133
0.8638
0.8122
0.838
0.5361
0.7155
0.8222
0.709
0.7832
0.5319
0.7109
0.8181
0.7045
0.783
0.5319
0.683
0.7916
0.6753
0.7569
0.5319
0.678
0.7886
0.66
0.7559
0.5319
0.5621
0.7474
0.5676
0.7048
0.5319
0.5621
0.747
0.5676
0.7048
0.5319
0.5621
0.747
0.5676
0.7048
0.5319
Livestock
0.2009
0.2181
0.201
0.2167
0.2083
0.1919
0.3608
0.1936
0.3546
0.2063
0.2046
0.3616
0.2056
0.3551
0.1964
0.2781
0.3853
0.2799
0.378
0.1964
0.28
0.3871
0.2816
0.3782
0.1964
0.3209
0.4004
0.3204
0.3925
0.1964
0.3249
0.4007
0.3211
0.3927
0.1964
0.3588
0.4232
0.3601
0.4177
0.1562
0.3849
0.4431
0.3869
0.4394
0.2107
0.421
0.434
0.4219
0.4293
0.327
0.4211
0.452
0.4216
0.4475
0.3264
0.4177
0.4367
0.4188
0.4298
0.2201
0.4177
0.4367
0.4188
0.4298
0.2201
0.4099
0.4355
0.4114
0.4284
0.2077
0.3745
0.4099
0.3744
0.3974
0.1883
0.3237
0.4081
0.3243
0.3955
0.1813
0.3177
0.3626
0.317
0.3397
0.1785
0.2317
0.3256
0.2265
0.2909
0.1774
0.2276
0.3219
0.2227
0.2908
0.1774
0.2149
0.2986
0.2136
0.2677
0.1774
0.2139
0.296
0.2096
0.2669
0.1774
0.185
0.2605
0.1865
0.2225
0.1774
0.185
0.2602
0.1865
0.2225
0.1774
0.185
0.2602
0.1865
0.2225
0.1774
Greenhouse
0.518
0.4085
0.5181
0.4119
0.5258
0.4282
0.4352
0.4269
0.4339
0.5236
0.4233
0.4353
0.4226
0.434
0.5132
0.4183
0.4403
0.4187
0.4388
0.5132
0.4186
0.4407
0.419
0.4388
0.5132
0.4269
0.4433
0.4269
0.4417
0.5132
0.4278
0.4434
0.427
0.4417
0.5132
0.4349
0.4479
0.4353
0.4468
0.446
0.4401
0.4518
0.4406
0.451
0.423
0.4474
0.45
0.4476
0.449
0.4286
0.4472
0.4538
0.4474
0.4526
0.4282
0.4464
0.4508
0.4467
0.4492
0.4068
0.4464
0.4508
0.4467
0.4492
0.4068
0.4447
0.4505
0.4451
0.4488
0.4227
0.4376
0.4455
0.4376
0.4427
0.4297
0.4276
0.4451
0.4278
0.4423
0.4326
0.4263
0.436
0.4262
0.431
0.4334
0.4085
0.4282
0.4077
0.4206
0.4337
0.4077
0.4274
0.407
0.4206
0.4337
0.4149
0.4226
0.419
0.4157
0.4337
0.4174
0.422
0.4207
0.4156
0.4337
0.4308
0.4153
0.4304
0.4068
0.4337
0.4308
0.4152
0.4304
0.4068
0.4337
0.4308
0.4152
0.4304
0.4068
0.4337
ChampionWayG
0.5079
0.0058
0.5081
0.0143
0.5347
0.1015
0.0
0.0944
0.0
0.5273
0.0616
0.0
0.0577
0.0
0.4922
0.0
0.0
0.0
0.0
0.4922
0.0
0.0
0.0
0.0
0.4922
0.0
0.0
0.0
0.0
0.4922
0.0
0.0
0.0
0.0
0.4922
0.0
0.0
0.0
0.0
0.2212
0.0
0.0
0.0
0.0
0.0469
0.0
0.0
0.0
0.0
0.0
0.0
0.0
0.0
0.0
0.0
0.0
0.0
0.0
0.0
0.0
0.0
0.0
0.0
0.0
0.0
0.0
0.0
0.0
0.0
0.0534
0.0
0.0
0.0
0.0
0.1132
0.0
0.0
0.0
0.0
0.1355
0.0
0.0
0.0
0.0
0.1435
0.0
0.0
0.0
0.0
0.1468
0.0
0.0
0.0
0.0
0.1468
0.0226
0.0
0.0322
0.0
0.1468
0.0289
0.0
0.0447
0.0
0.1468
0.1228
0.0
0.1185
0.0
0.1468
0.1228
0.0
0.1185
0.0
0.1468
0.1228
0.0
0.1185
0.0
0.1468
Greenland
0.1378
0.0
0.1379
0.0
0.1538
0.0
0.1489
0.0
0.1424
0.1494
0.0
0.1499
0.0
0.143
0.1284
0.0618
0.1745
0.0639
0.1667
0.1284
0.064
0.1763
0.0657
0.1669
0.1284
0.107
0.1905
0.1066
0.1821
0.1284
0.1112
0.1908
0.1073
0.1822
0.1284
0.1466
0.2145
0.1479
0.2086
0.0
0.1743
0.2356
0.1762
0.2318
0.0
0.2125
0.226
0.2134
0.2211
0.113
0.2129
0.245
0.2133
0.2404
0.1127
0.2092
0.2286
0.2103
0.2216
0.0004
0.2092
0.2286
0.2103
0.2216
0.0004
0.2013
0.2275
0.2027
0.2203
0.0
0.1638
0.2002
0.1637
0.1874
0.0
0.1098
0.1984
0.1103
0.1855
0.0
0.1036
0.1502
0.1028
0.1265
0.0
0.0135
0.1119
0.0076
0.076
0.0
0.0092
0.1081
0.0036
0.0759
0.0
0.0
0.0837
0.0
0.0518
0.0
0.0
0.081
0.0
0.0509
0.0
0.0
0.0429
0.0
0.0038
0.0
0.0
0.0426
0.0
0.0038
0.0
0.0
0.0426
0.0
0.0038
0.0
MiddleTN
0.0374
0.1897
0.0374
0.1849
0.0414
0.1265
0.3979
0.1313
0.389
0.0403
0.1545
0.3992
0.1571
0.3897
0.0351
0.2781
0.433
0.2809
0.4224
0.0351
0.2811
0.4356
0.2834
0.4227
0.0351
0.3403
0.4551
0.3396
0.4435
0.0351
0.346
0.4555
0.3406
0.4437
0.0351
0.3948
0.4881
0.3965
0.48
0.0437
0.4328
0.5171
0.4354
0.5118
0.1651
0.4853
0.5038
0.4865
0.4971
0.3486
0.4858
0.53
0.4864
0.5237
0.3481
0.4808
0.5076
0.4822
0.4979
0.1937
0.4808
0.5076
0.4822
0.4979
0.1937
0.4698
0.506
0.4717
0.496
0.1603
0.4183
0.4686
0.4181
0.4508
0.1184
0.3441
0.466
0.3448
0.4482
0.1029
0.3356
0.3998
0.3344
0.367
0.0972
0.2117
0.347
0.2036
0.2975
0.0949
0.2058
0.3418
0.1979
0.2973
0.0949
0.1802
0.3083
0.1747
0.2642
0.0949
0.1766
0.3046
0.1661
0.263
0.0949
0.1117
0.2523
0.1147
0.1983
0.0949
0.1117
0.2519
0.1147
0.1983
0.0949
0.1117
0.2519
0.1147
0.1983
0.0949
