Rose
0.0
0.1122
0.0
0.105
0.0
0.0443
0.3479
0.0484
0.3344
0.0
0.0698
0.3498
0.0723
0.3356
0.0
0.1848
0.403
0.1882
0.386
0.0
0.1884
0.4071
0.1913
0.3864
0.0
0.2651
0.4432
0.2642
0.42
0.0
0.2729
0.4444
0.2655
0.4205
0.0
0.3432
0.538
0.3458
0.5159
0.0
0.4024
0.6128
0.4067
0.6004
0.0805
0.5295
0.5805
0.5332
0.5629
0.2765
0.53
0.6418
0.5322
0.6277
0.2758
0.5165
0.5898
0.5208
0.5648
0.1171
0.5165
0.5898
0.5208
0.5648
0.1171
0.4848
0.5856
0.4906
0.5595
0.0756
0.3793
0.4829
0.379
0.4322
0.0375
0.2703
0.4752
0.2712
0.4277
0.0254
0.2587
0.3508
0.2571
0.3025
0.0211
0.1261
0.2744
0.122
0.2089
0.0195
0.1231
0.2672
0.1192
0.2087
0.0195
0.0982
0.2228
0.091
0.168
0.0195
0.0933
0.218
0.0815
0.1665
0.0195
0.0321
0.1541
0.0346
0.1194
0.0195
0.0321
0.1535
0.0346
0.1194
0.0195
0.0321
0.1535
0.0346
0.1194
0.0195
FairView
0.0827
0.1269
0.0827
0.123
0.0837
0.0902
0.2794
0.0926
0.2701
0.0835
0.1041
0.2807
0.1056
0.2709
0.0822
0.1672
0.317
0.1696
0.3053
0.0822
0.1697
0.3198
0.1718
0.3056
0.0822
0.2225
0.3466
0.2219
0.3287
0.0822
0.2279
0.3477
0.2228
0.329
0.0822
0.276
0.4322
0.2777
0.4123
0.0677
0.3169
0.5052
0.3197
0.493
0.1095
0.4247
0.4734
0.4281
0.4561
0.2301
0.4252
0.5338
0.4272
0.52
0.2298
0.4129
0.4824
0.4168
0.4579
0.129
0.4129
0.4824
0.4168
0.4579
0.129
0.3843
0.4784
0.3897
0.4527
0.1071
0.3013
0.3824
0.3011
0.3373
0.0866
0.2259
0.3755
0.2265
0.3343
0.0799
0.218
0.281
0.2168
0.2479
0.0777
0.1326
0.229
0.1309
0.1842
0.0768
0.1316
0.2241
0.1299
0.184
0.0768
0.1196
0.1937
0.1156
0.1562
0.0768
0.117
0.1904
0.1105
0.1552
0.0768
0.0837
0.146
0.085
0.1304
0.0768
0.0837
0.1456
0.085
0.1304
0.0768
0.0837
0.1456
0.085
0.1304
0.0768
Bell
0.543
0.354
0.543
0.363
0.5462
0.4405
0.095
0.4359
0.1068
0.5453
0.408
0.0933
0.4052
0.1058
0.5411
0.2374
0.0453
0.2352
0.06
0.5411
0.2344
0.0416
0.2324
0.0597
0.5411
0.1674
0.0206
0.1682
0.0302
0.5411
0.1605
0.0209
0.167
0.0299
0.5411
0.0979
0.0475
0.0945
0.0412
0.4939
0.0462
0.0953
0.0415
0.0869
0.3925
0.0453
0.0735
0.0463
0.0615
0.1557
0.0455
0.1149
0.0461
0.1055
0.1575
0.0415
0.0794
0.0428
0.0627
0.3421
0.0415
0.0794
0.0428
0.0627
0.3421
0.0326
0.0767
0.0343
0.0591
0.3999
0.0684
0.0318
0.0684
0.0204
0.449
0.1619
0.0296
0.1605
0.0247
0.4645
0.1724
0.091
0.1731
0.1338
0.4701
0.3211
0.1611
0.3302
0.2194
0.4723
0.3292
0.1676
0.3377
0.2196
0.4723
0.3723
0.2077
0.3806
0.2566
0.4723
0.3786
0.2119
0.3931
0.2578
0.4723
0.4562
0.2658
0.4531
0.3402
0.4723
0.4562
0.2663
0.4531
0.3402
0.4723
0.4562
0.2663
0.4531
0.3402
0.4723
IngramN
0.7264
0.5194
0.7264
0.5309
0.7289
0.6294
0.1234
0.6233
0.1424
0.7282
0.5879
0.1207
0.5843
0.1408
0.725
0.3529
0.044
0.3491
0.0678
0.725
0.3481
0.0381
0.3447
0.0673
0.725
0.24
0.0
0.2414
0.0198
0.725
0.229
0.0
0.2394
0.0192
0.725
0.1285
0.0
0.1235
0.0
0.6896
0.0451
0.0297
0.0379
0.0242
0.5687
0.0
0.0155
0.0
0.0078
0.2219
0.0
0.0423
0.0
0.0363
0.2242
0.0
0.0193
0.0
0.0085
0.5037
0.0
0.0193
0.0
0.0085
0.5037
0.0
0.0176
0.0
0.0063
0.5777
0.0801
0.0
0.0802
0.0036
0.6402
0.2315
0.0
0.2295
0.0103
0.6599
0.2483
0.1178
0.2498
0.1864
0.667
0.4751
0.2295
0.4877
0.3228
0.6698
0.4861
0.2399
0.4979
0.3232
0.6698
0.5424
0.3039
0.5532
0.3822
0.6698
0.5504
0.3108
0.569
0.3842
0.6698
0.6492
0.3985
0.6453
0.5009
0.6698
0.6492
0.3993
0.6453
0.5009
0.6698
0.6492
0.3993
0.6453
0.5009
0.6698
IngramS
0.6811
0.6488
0.681
0.6536
0.6798
0.6949
0.348
0.6925
0.3625
0.6801
0.6776
0.3459
0.6761
0.3613
0.6819
0.5237
0.287
0.5208
0.3052
0.6819
0.52
0.2825
0.5174
0.3049
0.6819
0.4373
0.2533
0.4383
0.2685
0.6819
0.4288
0.2533
0.4367
0.2681
0.6819
0.3518
0.2518
0.3479
0.2522
0.7001
0.288
0.2679
0.2824
0.265
0.6691
0.2521
0.2604
0.252
0.2563
0.4233
0.2522
0.2745
0.2521
0.2714
0.4251
0.2524
0.2622
0.2523
0.2566
0.6384
0.2524
0.2622
0.2523
0.2566
0.6384
0.253
0.2613
0.2528
0.2555
0.6732
0.315
0.2526
0.315
0.2562
0.6995
0.4307
0.2527
0.4291
0.2613
0.7076
0.4436
0.3434
0.4446
0.3961
0.7107
0.617
0.4292
0.6264
0.5008
0.7119
0.6254
0.4372
0.6341
0.5011
0.7119
0.6586
0.4863
0.6629
0.5464
0.7119
0.662
0.4915
0.6696
0.5479
0.7119
0.7033
0.5585
0.7016
0.6366
0.7119
0.7033
0.5591
0.7016
0.6366
0.7119
0.7033
0.5591
0.7016
0.6366
0.7119
ParkingServ
0.9669
0.7963
0.9668
0.8089
0.9668
0.9165
0.2429
0.9097
0.2704
0.9668
0.871
0.2389
0.8669
0.2681
0.9669
0.575
0.1287
0.5693
0.1633
0.9669
0.5679
0.1201
0.5628
0.1625
0.9669
0.4115
0.0613
0.4136
0.0938
0.9669
0.3955
0.0609
0.4107
0.0929
0.9669
0.2506
0.0232
0.244
0.0321
0.9673
0.1299
0.0225
0.12
0.0221
0.851
0.0261
0.0215
0.0247
0.021
0.3862
0.0256
0.0233
0.0249
0.023
0.3888
0.0313
0.0217
0.0297
0.021
0.7775
0.0313
0.0217
0.0297
0.021
0.7775
0.0439
0.0216
0.0417
0.0209
0.86
0.1795
0.0455
0.1799
0.0699
0.9282
0.3996
0.0486
0.3972
0.0795
0.9499
0.4238
0.2358
0.4264
0.3347
0.9575
0.7406
0.3961
0.7573
0.5304
0.9606
0.7546
0.411
0.7703
0.5309
0.9606
0.8211
0.5031
0.8334
0.6158
0.9606
0.8298
0.513
0.8505
0.6186
0.9606
0.938
0.6411
0.9338
0.7735
0.9606
0.938
0.6422
0.9338
0.7735
0.9606
0.938
0.6422
0.9338
0.7735
0.9606
MainSt
1.0
0.8179
1.0
0.8313
1.0
0.9451
0.2369
0.9378
0.2658
1.0
0.8968
0.2327
0.8924
0.2634
1.0
0.5861
0.1169
0.5801
0.1534
1.0
0.5787
0.108
0.5733
0.1525
1.0
0.4142
0.0458
0.4164
0.0802
1.0
0.3974
0.0453
0.4134
0.0793
1.0
0.245
0.0032
0.2382
0.0132
1.0
0.1181
0.0
0.1077
0.0
0.8761
0.0063
0.0
0.0048
0.0
0.3877
0.0055
0.0
0.0049
0.0
0.3904
0.012
0.0
0.0103
0.0
0.7982
0.012
0.0
0.0103
0.0
0.7982
0.026
0.0
0.0236
0.0
0.8852
0.17
0.0283
0.1704
0.0551
0.9574
0.4018
0.0317
0.3993
0.0651
0.9804
0.4272
0.2298
0.43
0.3337
0.9884
0.7595
0.3981
0.7772
0.5392
0.9917
0.7741
0.4137
0.7908
0.5397
0.9917
0.8439
0.5105
0.8571
0.6288
0.9917
0.8532
0.521
0.8752
0.6318
0.9917
0.9677
0.656
0.9633
0.794
0.9917
0.9677
0.6571
0.9633
0.794
0.9917
0.9677
0.6571
0.9633
0.794
0.9917
PublicSafety
0.8505
1.0
0.8503
1.0
0.8437
1.0
0.6446
1.0
0.6627
0.8456
1.0
0.642
1.0
0.6612
0.8544
0.863
0.5695
0.8592
0.5922
0.8544
0.8584
0.5639
0.855
0.5917
0.8544
0.7556
0.5243
0.7569
0.5466
0.8544
0.745
0.5238
0.755
0.546
0.8544
0.6497
0.4886
0.6453
0.4969
0.9497
0.5704
0.4665
0.5639
0.4703
1.0
0.4917
0.4762
0.4903
0.4814
0.7388
0.4915
0.4578
0.4907
0.4622
0.7406
0.4967
0.4731
0.4951
0.4808
0.9915
0.4967
0.4731
0.4951
0.4808
0.9915
0.5087
0.4745
0.5065
0.4825
1.0
0.6032
0.5093
0.6034
0.5309
1.0
0.7477
0.5122
0.7461
0.5372
1.0
0.7637
0.6397
0.7653
0.7049
1.0
0.969
0.7451
0.9792
0.8337
1.0
0.9777
0.7549
0.9872
0.834
1.0
1.0
0.8155
1.0
0.8898
1.0
1.0
0.822
1.0
0.8916
1.0
1.0
0.9061
1.0
0.9893
1.0
1.0
0.9068
1.0
0.9893
1.0
1.0
0.9068
1.0
0.9893
1.0
CollegeHeights
0.9126
0.8585
0.9126
0.8665
0.9102
0.9336
0.3863
0.9292
0.4099
0.9109
0.905
0.3828
0.9023
0.4079
0.914
0.671
0.2886
0.6661
0.3184
0.914
0.6649
0.2814
0.6606
0.3177
0.914
0.5307
0.2305
0.5326
0.2587
0.914
0.517
0.2301
0.5302
0.258
0.914
0.3929
0.195
0.3876
0.2034
0.9484
0.2893
0.1875
0.2811
0.1884
0.8937
0.1973
0.1899
0.1962
0.1912
0.5095
0.1963
0.1855
0.1961
0.1864
0.5115
0.2018
0.1894
0.2006
0.1911
0.844
0.2018
0.1894
0.2006
0.1911
0.844
0.2133
0.1897
0.2115
0.1914
0.8983
0.3312
0.2161
0.3317
0.2381
0.9408
0.5207
0.219
0.5189
0.2463
0.9545
0.5414
0.3811
0.5439
0.4656
0.9591
0.8121
0.518
0.8268
0.6327
0.9611
0.824
0.5306
0.838
0.6331
0.9611
0.8735
0.6095
0.8818
0.7056
0.9611
0.8791
0.6181
0.8923
0.7081
0.9611
0.9469
0.7286
0.9444
0.8404
0.9611
0.9469
0.7295
0.9444
0.8404
0.9611
0.9469
0.7295
0.9444
0.8404
0.9611
SportsPlex
0.5109
0.9935
0.5107
0.9781
0.4987
0.8475
1.0
0.8557
1.0
0.502
0.9028
1.0
0.9077
1.0
0.5181
1.0
1.0
1.0
1.0
0.5181
1.0
1.0
1.0
1.0
0.5181
1.0
1.0
1.0
1.0
0.5181
1.0
1.0
1.0
1.0
0.5181
1.0
1.0
1.0
1.0
0.6913
1.0
0.9793
1.0
0.9833
0.9277
1.0
0.9897
1.0
0.9954
1.0
1.0
0.9698
1.0
0.9745
1.0
1.0
0.9866
1.0
0.9948
1.0
1.0
0.9866
1.0
0.9948
1.0
1.0
0.988
1.0
0.9966
0.9162
1.0
1.0
1.0
1.0
0.8332
1.0
1.0
1.0
1.0
0.807
1.0
1.0
1.0
1.0
0.7976
1.0
1.0
1.0
1.0
0.7939
1.0
1.0
1.0
1.0
0.7939
0.9631
1.0
0.9483
1.0
0.7939
0.9525
1.0
0.9275
1.0
0.7939
0.8213
1.0
0.8265
1.0
0.7939
0.8213
1.0
0.8265
1.0
0.7939
0.8213
1.0
0.8265
1.0
0.7939
CityView
0.4467
0.8639
0.4466
0.8503
0.4365
0.7341
0.8928
0.7413
0.8914
0.4393
0.7832
0.893
0.7876
0.8915
0.4528
0.8757
0.8986
0.876
0.8969
0.4528
0.876
0.8991
0.8764
0.8969
0.4528
0.884
0.9031
0.884
0.9004
0.4528
0.8849
0.9032
0.8841
0.9005
0.4528
0.8923
0.9159
0.8927
0.9129
0.5982
0.8985
0.909
0.899
0.9106
0.8057
0.9146
0.9132
0.9151
0.9155
0.8854
0.9145
0.9053
0.9149
0.9071
0.8852
0.9127
0.912
0.9133
0.9152
0.87
0.9127
0.912
0.9133
0.9152
0.87
0.9082
0.9125
0.9091
0.9159
0.7952
0.8958
0.9086
0.8958
0.9016
0.7213
0.8847
0.9075
0.8848
0.9012
0.698
0.8834
0.8934
0.8833
0.8881
0.6896
0.8702
0.8852
0.8701
0.8781
0.6863
0.87
0.8844
0.87
0.8781
0.6863
0.8368
0.8797
0.8237
0.8737
0.6863
0.8273
0.8792
0.8051
0.8736
0.6863
0.7107
0.8728
0.7154
0.8699
0.6863
0.7107
0.8727
0.7154
0.8699
0.6863
0.7107
0.8727
0.7154
0.8699
0.6863
GreekRow
0.3571
0.7023
0.357
0.6904
0.3491
0.5885
0.7692
0.5948
0.7655
0.3513
0.6315
0.7697
0.6354
0.7658
0.3618
0.7246
0.7844
0.7256
0.7798
0.3618
0.7256
0.7856
0.7264
0.7799
0.3618
0.7464
0.7956
0.7463
0.7891
0.3618
0.7486
0.796
0.7467
0.7892
0.3618
0.768
0.8255
0.7689
0.8186
0.4748
0.7841
0.836
0.7854
0.8346
0.6515
0.8225
0.8324
0.8238
0.8303
0.75
0.8223
0.8394
0.8232
0.8376
0.7495
0.8181
0.8335
0.8195
0.8306
0.7082
0.8181
0.8335
0.8195
0.8306
0.7082
0.8079
0.833
0.8099
0.8299
0.6421
0.7772
0.8084
0.7772
0.7923
0.5772
0.748
0.8059
0.7484
0.791
0.5569
0.7448
0.7706
0.7445
0.757
0.5495
0.7094
0.7493
0.7089
0.7309
0.5466
0.7087
0.7472
0.7083
0.7308
0.5466
0.6784
0.7349
0.667
0.7195
0.5466
0.6701
0.7336
0.6507
0.7192
0.5466
0.5679
0.7167
0.5721
0.7081
0.5466
0.5679
0.7166
0.5721
0.7081
0.5466
0.5679
0.7166
0.5721
0.7081
0.5466
Rutherford
0.3098
0.7728
0.3096
0.7561
0.2994
0.6143
0.9153
0.6232
0.908
0.3022
0.6742
0.9163
0.6796
0.9086
0.3158
0.827
0.9455
0.8286
0.9363
0.3158
0.8288
0.9478
0.8303
0.9365
0.3158
0.8704
0.9653
0.8698
0.9547
0.3158
0.8746
0.9657
0.8706
0.955
0.3158
0.913
0.9967
0.9146
0.9894
0.463
0.945
1.0
0.9475
1.0
0.7011
0.9937
1.0
0.995
1.0
0.877
0.9938
1.0
0.9946
1.0
0.8763
0.9894
1.0
0.9908
1.0
0.7821
0.9894
1.0
0.9908
1.0
0.7821
0.9788
1.0
0.9807
1.0
0.6886
0.932
0.9786
0.9318
0.9611
0.5987
0.8734
0.976
0.874
0.9586
0.5703
0.867
0.9173
0.8663
0.8909
0.5601
0.7892
0.8752
0.7859
0.8394
0.5561
0.7865
0.8712
0.7835
0.8393
0.5561
0.7397
0.8469
0.7236
0.8169
0.5561
0.7282
0.8443
0.701
0.8161
0.5561
0.5858
0.8102
0.5915
0.7832
0.5561
0.5858
0.8099
0.5915
0.7832
0.5561
0.5858
0.8099
0.5915
0.7832
0.5561
Softball
0.329
0.6104
0.329
0.6005
0.3227
0.5157
0.6745
0.5208
0.6708
0.3244
0.5516
0.675
0.5547
0.6711
0.3327
0.6292
0.6901
0.6301
0.6854
0.3327
0.6301
0.6913
0.631
0.6855
0.3327
0.6513
0.7021
0.6512
0.6947
0.3327
0.6536
0.7026
0.6516
0.6949
0.3327
0.6734
0.7392
0.6743
0.7306
0.422
0.6897
0.7595
0.691
0.7563
0.5685
0.7354
0.7514
0.7371
0.7469
0.655
0.7352
0.767
0.7363
0.7632
0.6545
0.7299
0.7539
0.7318
0.7473
0.6154
0.7299
0.7539
0.7318
0.7473
0.6154
0.7172
0.7528
0.7197
0.7459
0.5604
0.6826
0.7179
0.6826
0.698
0.5063
0.653
0.7149
0.6534
0.6967
0.4894
0.6497
0.6761
0.6494
0.6622
0.4831
0.6154
0.6543
0.6154
0.6355
0.4807
0.6151
0.6522
0.6152
0.6354
0.4807
0.5904
0.6397
0.581
0.6239
0.4807
0.5835
0.6384
0.5674
0.6236
0.4807
0.4985
0.6213
0.502
0.615
0.4807
0.4985
0.6211
0.502
0.615
0.4807
0.4985
0.6211
0.502
0.615
0.4807
Ezell
0.5744
0.5737
0.5745
0.5763
0.5729
0.5984
0.3626
0.5966
0.3725
0.5733
0.5892
0.3612
0.5882
0.3717
0.5752
0.4824
0.3218
0.4804
0.3344
0.5752
0.4797
0.3189
0.4781
0.3341
0.5752
0.4232
0.2998
0.4242
0.3091
0.5752
0.4175
0.3
0.4232
0.3088
0.5752
0.3657
0.3131
0.3639
0.3102
0.5956
0.3219
0.3364
0.3187
0.3321
0.5873
0.311
0.3257
0.312
0.3198
0.4151
0.31
0.3463
0.3111
0.3412
0.4155
0.3083
0.3293
0.3093
0.3204
0.568
0.3083
0.3293
0.3093
0.3204
0.568
0.3031
0.3277
0.3045
0.3184
0.5874
0.3385
0.3061
0.339
0.3005
0.6005
0.4192
0.3049
0.4187
0.3038
0.6051
0.4277
0.3615
0.4291
0.3964
0.6063
0.5489
0.4184
0.5577
0.4657
0.6069
0.5553
0.4235
0.5637
0.4659
0.6069
0.578
0.4566
0.5814
0.4962
0.6069
0.5799
0.4602
0.5845
0.4973
0.6069
0.6024
0.5076
0.6017
0.5644
0.6069
0.6024
0.508
0.6017
0.5644
0.6069
0.6024
0.508
0.6017
0.5644
0.6069
MtsuBlvdG
0.394
0.5503
0.394
0.5455
0.3901
0.5044
0.5236
0.5067
0.5242
0.3912
0.5219
0.5235
0.5233
0.5242
0.3962
0.5315
0.521
0.5315
0.5218
0.3962
0.5313
0.5209
0.5314
0.5218
0.3962
0.5274
0.5223
0.5277
0.5201
0.3962
0.5271
0.5228
0.5276
0.52
0.3962
0.5239
0.5556
0.524
0.548
0.4508
0.5208
0.582
0.5207
0.5775
0.5312
0.552
0.5707
0.5536
0.5644
0.5274
0.5515
0.5924
0.5527
0.5871
0.5271
0.5468
0.5742
0.5486
0.5651
0.5514
0.5468
0.5742
0.5486
0.5651
0.5514
0.5352
0.5726
0.5376
0.563
0.5264
0.5213
0.5368
0.5215
0.5195
0.4997
0.5273
0.534
0.5274
0.5197
0.4916
0.5278
0.5243
0.528
0.5261
0.4884
0.5446
0.5278
0.5477
0.5302
0.4872
0.5466
0.528
0.5496
0.5302
0.4872
0.5403
0.5302
0.5361
0.5322
0.4872
0.5369
0.5305
0.5293
0.5323
0.4872
0.4959
0.5342
0.4977
0.5496
0.4872
0.4959
0.5342
0.4977
0.5496
0.4872
0.4959
0.5342
0.4977
0.5496
0.4872
Rec
0.4887
0.5806
0.4887
0.579
0.4856
0.5656
0.4636
0.5661
0.4688
0.4865
0.5715
0.4628
0.5718
0.4684
0.4904
0.5269
0.4421
0.5259
0.4488
0.4904
0.5254
0.4406
0.5247
0.4486
0.4904
0.4955
0.4318
0.4962
0.4354
0.4904
0.4926
0.4321
0.4957
0.4352
0.4904
0.4653
0.4537
0.4645
0.4487
0.533
0.4421
0.4766
0.4405
0.4726
0.5759
0.451
0.4665
0.4523
0.4609
0.4915
0.4503
0.4859
0.4514
0.4811
0.4916
0.4473
0.4698
0.4486
0.4615
0.5786
0.4473
0.4698
0.4486
0.4615
0.5786
0.4393
0.4683
0.4412
0.4596
0.5733
0.4506
0.4416
0.4509
0.4308
0.564
0.4935
0.4397
0.4933
0.4326
0.5614
0.498
0.4634
0.4988
0.4816
0.5601
0.566
0.4933
0.5718
0.5179
0.5597
0.5701
0.4959
0.5756
0.518
0.5597
0.5769
0.5134
0.576
0.534
0.5597
0.5758
0.5153
0.5736
0.5346
0.5597
0.5626
0.5406
0.5633
0.5759
0.5597
0.5626
0.5408
0.5633
0.5759
0.5597
0.5626
0.5408
0.5633
0.5759
0.5597
Abernathy
0.6808
0.711
0.6808
0.7136
0.6779
0.7353
0.4349
0.7335
0.4484
0.6787
0.726
0.433
0.7251
0.4473
0.6824
0.5975
0.3794
0.5947
0.3964
0.6824
0.5939
0.3753
0.5916
0.396
0.6824
0.5172
0.3475
0.5185
0.3622
0.6824
0.5095
0.3475
0.5171
0.3618
0.6824
0.4389
0.3432
0.4361
0.3443
0.723
0.3795
0.3517
0.375
0.35
0.724
0.3426
0.3475
0.3429
0.3452
0.5058
0.3417
0.3557
0.3422
0.3536
0.5065
0.3426
0.3492
0.3428
0.3455
0.7036
0.3426
0.3492
0.3428
0.3455
0.7036
0.3434
0.3485
0.3436
0.3447
0.7242
0.4027
0.3464
0.4032
0.3505
0.7373
0.5117
0.3466
0.5108
0.3551
0.7419
0.5234
0.4328
0.525
0.4805
0.7431
0.6821
0.5104
0.6921
0.5753
0.7437
0.6897
0.5175
0.6991
0.5755
0.7437
0.7153
0.5625
0.7185
0.6168
0.7437
0.7171
0.5674
0.7217
0.6182
0.7437
0.7392
0.6312
0.7385
0.7003
0.7437
0.7392
0.6317
0.7385
0.7003
0.7437
0.7392
0.6317
0.7385
0.7003
0.7437
MTSU
0.2276
0.5395
0.2275
0.5274
0.2213
0.4247
0.6864
0.431
0.6783
0.223
0.468
0.6875
0.4719
0.679
0.2313
0.5889
0.7197
0.5909
0.7096
0.2313
0.591
0.7222
0.5927
0.7098
0.2313
0.6367
0.743
0.6362
0.7298
0.2313
0.6415
0.7437
0.6371
0.7301
0.2313
0.6838
0.794
0.6856
0.7822
0.3206
0.7191
0.8222
0.7218
0.8178
0.4881
0.789
0.8108
0.7912
0.8046
0.6442
0.7889
0.8326
0.7903
0.8274
0.6433
0.7817
0.8143
0.7841
0.8052
0.5466
0.7817
0.8143
0.7841
0.8052
0.5466
0.7644
0.8127
0.7677
0.8033
0.4786
0.7045
0.7646
0.7044
0.7369
0.4133
0.6402
0.7605
0.6409
0.7341
0.3928
0.6331
0.6889
0.6323
0.6596
0.3854
0.5518
0.6424
0.5494
0.6027
0.3824
0.5497
0.638
0.5475
0.6025
0.3824
0.5153
0.6112
0.5038
0.5779
0.3824
0.507
0.6084
0.4873
0.5771
0.3824
0.404
0.571
0.4081
0.5472
0.3824
0.404
0.5706
0.4081
0.5472
0.3824
0.404
0.5706
0.4081
0.5472
0.3824
Highland
0.2044
0.6285
0.2042
0.6122
0.1957
0.4735
0.8307
0.4827
0.8201
0.1981
0.532
0.8322
0.5375
0.821
0.2095
0.7021
0.8741
0.7047
0.8607
0.2095
0.7049
0.8774
0.7071
0.861
0.2095
0.7654
0.9035
0.7646
0.8876
0.2095
0.7716
0.9041
0.7656
0.8879
0.2095
0.827
0.9526
0.8288
0.9411
0.3324
0.8738
0.9721
0.877
0.9694
0.5568
0.9485
0.965
0.9502
0.9612
0.7742
0.9492
0.9782
0.95
0.9754
0.7737
0.9422
0.9668
0.9442
0.9616
0.6375
0.9422
0.9668
0.9442
0.9616
0.6375
0.926
0.966
0.9288
0.9606
0.5457
0.8558
0.9239
0.8554
0.8971
0.4584
0.7695
0.92
0.7701
0.8936
0.4305
0.7604
0.8326
0.7589
0.7947
0.4208
0.6488
0.7726
0.6435
0.7212
0.4169
0.6452
0.7669
0.6401
0.721
0.4169
0.5967
0.7319
0.5803
0.6889
0.4169
0.5854
0.728
0.5585
0.6878
0.4169
0.4459
0.6774
0.4514
0.6405
0.4169
0.4459
0.677
0.4514
0.6405
0.4169
0.4459
0.677
0.4514
0.6405
0.4169
MEC
0.1835
0.5521
0.1834
0.5376
0.1763
0.4141
0.7491
0.4223
0.7386
0.1783
0.4661
0.7506
0.4711
0.7395
0.1878
0.6215
0.7922
0.6241
0.7788
0.1878
0.6243
0.7954
0.6265
0.7792
0.1878
0.6844
0.8219
0.6835
0.8055
0.1878
0.6905
0.8226
0.6846
0.8058
0.1878
0.7454
0.8768
0.7472
0.8639
0.2903
0.7918
0.9044
0.795
0.9003
0.4881
0.8722
0.8936
0.8741
0.8877
0.693
0.8728
0.914
0.8738
0.9095
0.6926
0.8649
0.8965
0.8672
0.8884
0.56
0.8649
0.8965
0.8672
0.8884
0.56
0.8468
0.8952
0.85
0.8867
0.4782
0.774
0.8448
0.7736
0.815
0.4006
0.6884
0.8404
0.6889
0.8116
0.3758
0.6793
0.7511
0.6779
0.7134
0.3672
0.5704
0.6916
0.5655
0.6406
0.3637
0.5671
0.686
0.5624
0.6404
0.3637
0.5238
0.6512
0.5091
0.6086
0.3637
0.5137
0.6474
0.4898
0.6074
0.3637
0.3895
0.5971
0.3944
0.5629
0.3637
0.3895
0.5967
0.3944
0.5629
0.3637
0.3895
0.5967
0.3944
0.5629
0.3637
Jackson
0.1606
0.5609
0.1605
0.545
0.1529
0.4098
0.7855
0.4188
0.7736
0.155
0.4667
0.7872
0.4722
0.7746
0.1653
0.6414
0.8342
0.6443
0.8191
0.1653
0.6446
0.8378
0.647
0.8195
0.1653
0.7123
0.8673
0.7114
0.8493
0.1653
0.7193
0.868
0.7126
0.8496
0.1653
0.7813
0.9241
0.7834
0.9108
0.276
0.8337
0.9509
0.8374
0.9469
0.4909
0.9193
0.9405
0.9213
0.935
0.7222
0.92
0.96
0.921
0.9557
0.7217
0.9118
0.9433
0.9142
0.9356
0.5699
0.9118
0.9433
0.9142
0.9356
0.5699
0.8931
0.9421
0.8963
0.934
0.48
0.8135
0.8909
0.8131
0.8599
0.3951
0.7169
0.8864
0.7176
0.856
0.3679
0.7067
0.7878
0.7051
0.7452
0.3585
0.5821
0.7204
0.5764
0.6627
0.3547
0.5782
0.7141
0.5727
0.6625
0.3547
0.5298
0.6747
0.5138
0.6265
0.3547
0.5188
0.6705
0.4926
0.6253
0.3547
0.3829
0.6138
0.3883
0.5731
0.3547
0.3829
0.6134
0.3883
0.5731
0.3547
0.3829
0.6134
0.3883
0.5731
0.3547
Livestock
0.104
0.1396
0.104
0.1362
0.1049
0.1074
0.275
0.109
0.2667
0.1046
0.1196
0.2762
0.1205
0.2674
0.1033
0.1737
0.3096
0.1756
0.2991
0.1033
0.1758
0.3122
0.1776
0.2993
0.1033
0.2234
0.3366
0.2229
0.3202
0.1033
0.2284
0.3377
0.2238
0.3204
0.1033
0.2723
0.4195
0.2741
0.4004
0.0891
0.309
0.4906
0.3119
0.4786
0.1258
0.4115
0.4595
0.415
0.4426
0.231
0.4114
0.5186
0.4137
0.5048
0.2302
0.3997
0.4686
0.4036
0.4442
0.1421
0.3997
0.4686
0.4036
0.4442
0.1421
0.3716
0.4644
0.377
0.4389
0.1227
0.2941
0.3715
0.2939
0.3276
0.1043
0.2269
0.3647
0.2276
0.3247
0.0986
0.2196
0.2774
0.2187
0.247
0.0964
0.1432
0.2293
0.1427
0.1881
0.0955
0.1425
0.2247
0.1421
0.1879
0.0955
0.1326
0.1968
0.1295
0.1623
0.0955
0.1303
0.1939
0.1248
0.1615
0.0955
0.1016
0.1547
0.1028
0.1417
0.0955
0.1016
0.1544
0.1028
0.1417
0.0955
0.1016
0.1544
0.1028
0.1417
0.0955
Greenhouse
0.2923
0.2766
0.2923
0.277
0.2931
0.2798
0.2606
0.2791
0.2601
0.2929
0.2789
0.2606
0.2785
0.2601
0.2918
0.2548
0.2627
0.2549
0.2621
0.2918
0.2549
0.263
0.2551
0.2621
0.2918
0.2575
0.2689
0.2576
0.2632
0.2918
0.2578
0.2696
0.2576
0.2632
0.2918
0.2606
0.3257
0.2609
0.3127
0.2796
0.2625
0.3815
0.2628
0.3718
0.2801
0.3199
0.3567
0.3226
0.3432
0.2585
0.3194
0.4039
0.3213
0.3927
0.2581
0.3114
0.3642
0.3143
0.3445
0.2755
0.3114
0.3642
0.3143
0.3445
0.2755
0.2918
0.3608
0.2957
0.3402
0.2791
0.2611
0.2931
0.2612
0.2636
0.2801
0.2578
0.2883
0.258
0.2634
0.2807
0.2573
0.2615
0.2574
0.2592
0.2806
0.267
0.2583
0.2709
0.2552
0.2807
0.2695
0.2579
0.2732
0.2552
0.2807
0.2768
0.2563
0.2777
0.2536
0.2807
0.277
0.2562
0.2778
0.2536
0.2807
0.2802
0.2545
0.2802
0.2729
0.2807
0.2802
0.2545
0.2802
0.2729
0.2807
0.2802
0.2545
0.2802
0.2729
0.2807
ChampionWayG
0.2302
0.0365
0.2302
0.0426
0.2355
0.0947
0.0
0.0909
0.0
0.234
0.0729
0.0
0.0706
0.0
0.2269
0.0
0.0
0.0
0.0
0.2269
0.0
0.0
0.0
0.0
0.2269
0.0
0.0068
0.0
0.0
0.2269
0.0
0.0077
0.0
0.0
0.2269
0.0
0.0815
0.0
0.0644
0.1492
0.0
0.1632
0.0
0.1491
0.0643
0.0741
0.1265
0.0774
0.1066
0.0
0.0738
0.1961
0.0761
0.1799
0.0
0.0634
0.137
0.067
0.1085
0.0316
0.0634
0.137
0.067
0.1085
0.0316
0.038
0.1321
0.0429
0.1022
0.0682
0.0
0.0379
0.0
0.0
0.1005
0.0
0.0317
0.0
0.0
0.111
0.0
0.0
0.0
0.0
0.1145
0.0205
0.0
0.0255
0.0
0.1159
0.0242
0.0
0.029
0.0
0.1159
0.0483
0.0
0.0547
0.0
0.1159
0.0525
0.0
0.0627
0.0
0.1159
0.1051
0.0
0.103
0.0287
0.1159
0.1051
0.0
0.103
0.0287
0.1159
0.1051
0.0
0.103
0.0287
0.1159
Greenland
0.0679
0.0
0.0679
0.0
0.0716
0.0
0.1232
0.0
0.1151
0.0706
0.0
0.1243
0.0
0.1158
0.0657
0.0253
0.1562
0.0273
0.1459
0.0657
0.0274
0.1586
0.0292
0.1462
0.0657
0.0735
0.1836
0.073
0.1664
0.0657
0.0782
0.1848
0.0738
0.1667
0.0657
0.1203
0.2768
0.1219
0.2553
0.0131
0.1559
0.3632
0.1585
0.3485
0.0
0.2682
0.3251
0.272
0.3044
0.0803
0.2684
0.3973
0.2708
0.3807
0.0799
0.2552
0.3359
0.2595
0.3064
0.0
0.2552
0.3359
0.2595
0.3064
0.0
0.2238
0.3309
0.2298
0.3001
0.0
0.1421
0.2224
0.1419
0.1737
0.0
0.0766
0.2149
0.0772
0.1711
0.0
0.0696
0.1247
0.0687
0.0959
0.0
0.0
0.0789
0.0
0.0399
0.0
0.0
0.0746
0.0
0.0397
0.0
0.0
0.048
0.0
0.0153
0.0
0.0
0.0451
0.0
0.0144
0.0
0.0
0.0066
0.0
0.0
0.0
0.0
0.0063
0.0
0.0
0.0
0.0
0.0063
0.0
0.0
0.0
MiddleTN
0.0209
0.0749
0.0209
0.0701
0.0221
0.0289
0.2749
0.0317
0.2632
0.0218
0.0462
0.2766
0.048
0.2642
0.0202
0.1325
0.323
0.1355
0.3081
0.0202
0.1356
0.3266
0.1382
0.3085
0.0202
0.2026
0.3591
0.2019
0.3379
0.0202
0.2095
0.3604
0.2031
0.3382
0.0202
0.2708
0.4536
0.273
0.4317
0.0031
0.3226
0.5323
0.3263
0.5191
0.0533
0.4451
0.4981
0.4489
0.4795
0.2126
0.4456
0.563
0.4479
0.5481
0.212
0.4321
0.5079
0.4364
0.4814
0.0783
0.4321
0.5079
0.4364
0.4814
0.0783
0.4005
0.5035
0.4064
0.4758
0.0501
0.3024
0.3987
0.3022
0.3485
0.0243
0.2072
0.3911
0.208
0.3446
0.0161
0.197
0.2774
0.1956
0.2352
0.0132
0.0844
0.2108
0.0816
0.1537
0.0121
0.0824
0.2045
0.0797
0.1535
0.0121
0.0655
0.1657
0.0606
0.1179
0.0121
0.0622
0.1615
0.0542
0.1167
0.0121
0.0207
0.1056
0.0223
0.0799
0.0121
0.0207
0.1051
0.0223
0.0799
0.0121
0.0207
0.1051
0.0223
0.0799
0.0121
