                    PCS     FAIR      EHS      ING     ALOF     ALUM       UP     HARR       BH      JUB       PH      KOM      VET      AMG      SFA      WMB       JH     TODD      WPS      DSB      KUC       FH      BDA     CKNB      LRC      SCI      LIB      BAS      SAG      HMA      TCM      HOB      TLC       MB    BRAGG      COE       VA       HC       GH     HONR 2 0 0 0 0 
2 0 0 0 0 
2 0 0 0 0 
2 0 0 0 0 
2 0 0 0 0 
2 0 0 0 0 
2 0 0 0 0 
2 0 0 0 0 
2 0 0 0 0 
2 0 0 0 0 
2 0 0 0 0 
2 0 0 0 0 
2 0 0 0 0 
10 0 0 0 0 
10 0 0 0 0 
10 0 0 0 0 
10 0 0 0 0 
10 0 0 0 0 
10 0 0 0 0 
10 0 0 0 0 
10 0 0 0 0 
10 0 0 0 0 
10 0 0 0 0 
10 0 0 0 0 
10 0 0 0 0 
10 0 0 0 0 
0 0 0 0 0 
0 0 0 0 0 
0 0 0 0 0 
0 0 0 0 0 
0 0 0 0 0 
0 0 0 0 0 
0 0 0 0 0 
0 0 0 0 0 
0 0 0 0 0 
0 0 0 0 0 
0 0 0 0 0 
0 0 0 0 0 
0 0 0 0 0 
0 7 0 7 0 
0 7 0 7 0 
0 7 0 7 0 
0 7 0 7 0 
0 7 0 7 0 
0 7 0 7 0 
0 7 0 7 0 
0 7 0 7 0 
0 7 0 7 0 
0 0 0 0 0 
0 0 0 0 0 
0 0 0 0 0 
0 0 0 0 0 
0 26 0 26 0 
0 26 0 26 0 
0 26 0 26 0 
0 26 0 26 0 
0 26 0 26 0 
0 26 0 26 0 
0 26 0 26 0 
0 26 0 26 0 
0 26 0 26 0 
0 26 0 26 0 
0 26 0 26 0 
0 0 0 0 0 
0 0 0 0 0 
0 0 0 0 0 
0 0 0 0 0 
0 0 0 0 0 
0 0 0 0 0 
0 0 0 0 0 
15 0 15 0 15 
15 0 15 0 15 
15 0 15 0 15 
15 0 15 0 15 
15 0 15 0 15 
15 0 15 0 15 
15 0 15 0 15 
15 0 15 0 15 
0 0 0 0 0 
0 0 0 0 0 
0 0 0 0 0 
0 0 0 0 0 
0 0 0 0 0 
0 0 0 0 0 
0 0 0 0 0 
0 0 0 0 0 
0 0 0 0 0 
0 0 0 0 0 
0 0 0 0 0 
0 0 0 0 0 
0 0 0 0 0 
0 13 0 13 0 
0 13 0 13 0 
0 13 0 13 0 
0 13 0 13 0 
0 13 0 13 0 
0 13 0 13 0 
0 13 0 13 0 
0 13 0 13 0 
0 13 0 13 0 
0 13 0 13 0 
0 13 0 13 0 
0 0 0 0 0 
0 0 0 0 0 
0 0 0 0 0 
0 0 0 0 0 
0 0 0 0 0 
0 0 0 0 0 
0 0 0 0 0 
0 15 0 15 0 
0 15 0 15 0 
0 15 0 15 0 
0 15 0 15 0 
0 15 0 15 0 
0 15 0 15 0 
0 15 0 15 0 
0 15 0 15 0 
5 0 0 0 0 
5 0 0 0 0 
5 0 0 0 0 
5 0 0 0 0 
5 0 0 0 0 
5 0 0 0 0 
5 0 0 0 0 
5 0 0 0 0 
5 0 0 0 0 
5 0 0 0 0 
5 0 0 0 0 
5 0 0 0 0 
0 0 0 0 0 
0 0 0 0 0 
0 0 0 0 0 
0 0 0 0 0 
0 0 0 0 0 
0 0 0 0 0 
0 19 0 19 0 
0 19 0 19 0 
0 19 0 19 0 
0 19 0 19 0 
0 19 0 19 0 
0 19 0 19 0 
0 19 0 19 0 
0 19 0 19 0 
11 0 0 0 0 
11 0 0 0 0 
11 0 0 0 0 
11 0 0 0 0 
11 0 0 0 0 
11 0 0 0 0 
11 0 0 0 0 
11 0 0 0 0 
11 0 0 0 0 
11 0 0 0 0 
11 0 0 0 0 
11 0 0 0 0 
0 0 0 0 0 
0 0 0 9 0 
0 0 0 9 0 
0 0 0 9 0 
0 0 0 9 0 
0 0 0 9 0 
0 0 0 9 0 
0 0 0 9 0 
0 0 0 9 0 
0 0 0 9 0 
0 0 0 9 0 
0 0 0 9 0 
0 0 0 9 0 
0 0 0 9 0 
0 18 0 0 0 
0 18 0 0 0 
0 18 0 0 0 
0 18 0 0 0 
0 18 0 0 0 
0 18 0 0 0 
0 18 0 0 0 
0 18 0 0 0 
0 18 0 0 0 
0 18 0 0 0 
0 18 0 0 0 
0 18 0 0 0 
0 18 0 0 0 
7 0 0 0 0 
7 0 0 0 0 
7 0 0 0 0 
7 0 0 0 0 
7 0 0 0 0 
7 0 0 0 0 
7 0 0 0 0 
7 0 0 0 0 
7 0 0 0 0 
7 0 0 0 0 
7 0 0 0 0 
7 0 0 0 0 
7 0 0 0 0 
0 0 0 0 0 
0 0 0 0 0 
0 0 0 0 0 
11 0 11 0 11 
11 0 11 0 11 
0 0 0 0 0 
0 0 0 0 0 
0 0 0 0 0 
0 0 0 0 0 
0 0 0 0 0 
0 0 0 0 0 
0 0 0 0 0 
0 0 0 0 0 
0 0 0 0 0 
0 0 0 0 0 
0 0 0 0 0 
0 0 0 0 0 
18 0 18 0 18 
18 0 18 0 18 
18 0 18 0 18 
18 0 18 0 18 
18 0 18 0 18 
18 0 18 0 18 
18 0 18 0 18 
18 0 18 0 18 
18 0 18 0 18 
0 15 0 0 0 
0 15 0 0 0 
0 15 0 0 0 
0 15 0 0 0 
0 15 0 0 0 
0 15 0 0 0 
0 15 0 0 0 
0 15 0 0 0 
0 15 0 0 0 
0 15 0 0 0 
0 15 0 0 0 
0 15 0 0 0 
0 15 0 0 0 
0 0 0 0 0 
0 0 0 0 0 
0 0 0 0 0 
0 0 0 0 0 
0 0 0 0 0 
0 0 0 0 0 
0 0 0 0 0 
0 0 0 0 0 
0 0 0 0 0 
0 0 0 0 0 
0 0 0 0 0 
0 0 0 0 0 
0 0 0 0 0 
0 0 0 0 0 
0 0 0 0 0 
0 0 0 0 0 
0 0 0 0 0 
0 0 0 0 0 
0 0 0 0 0 
0 0 0 0 0 
0 0 0 0 0 
0 0 0 0 0 
0 0 0 0 0 
0 0 0 0 0 
0 0 0 0 0 
0 0 0 0 0 
0 13 0 13 0 
0 13 0 13 0 
0 13 0 13 0 
0 13 0 13 0 
0 13 0 13 0 
0 13 0 13 0 
0 13 0 13 0 
0 13 0 13 0 
0 13 0 13 0 
0 13 0 13 0 
0 13 0 13 0 
0 0 0 0 0 
0 0 0 0 0 
0 0 0 0 0 
0 0 0 0 0 
0 0 0 0 0 
0 0 0 0 0 
0 0 0 0 0 
0 0 0 0 0 
0 0 0 3 0 
0 0 0 3 0 
0 0 0 3 0 
0 0 0 3 0 
0 0 0 3 0 
0 0 0 0 0 
0 0 0 0 0 
0 0 0 0 0 
0 0 0 0 0 
0 0 0 0 0 
0 0 0 0 0 
0 0 0 0 0 
0 0 0 0 0 
0 0 0 0 0 
0 0 0 0 0 
0 0 0 0 0 
0 0 0 0 0 
0 0 0 0 0 
0 0 0 0 0 
0 0 0 0 0 
0 18 0 18 0 
0 18 0 18 0 
0 18 0 18 0 
0 18 0 18 0 
0 18 0 18 0 
0 18 0 18 0 
0 18 0 18 0 
0 18 0 18 0 
0 18 0 18 0 
0 18 0 18 0 
0 18 0 18 0 
0 18 0 18 0 
0 0 0 0 0 
0 0 0 0 0 
0 0 0 0 0 
0 0 0 0 0 
0 4 0 4 0 
0 4 0 4 0 
0 4 0 4 0 
0 4 0 4 0 
0 4 0 4 0 
0 4 0 4 0 
0 4 0 4 0 
0 4 0 4 0 
0 4 0 4 0 
0 4 0 4 0 
0 15 0 15 0 
0 15 0 15 0 
0 15 0 15 0 
0 15 0 15 0 
0 15 0 15 0 
0 15 0 15 0 
0 15 0 15 0 
0 15 0 15 0 
0 15 0 15 0 
0 15 0 15 0 
0 15 0 15 0 
0 15 0 15 0 
0 15 0 15 0 
0 0 0 0 0 
0 0 0 0 0 
0 0 0 0 0 
0 0 0 0 0 
0 0 0 0 0 
0 0 0 0 0 
0 0 0 0 0 
0 0 0 0 0 
0 0 0 0 0 
0 0 0 0 0 
0 0 0 0 0 
0 0 0 0 0 
0 0 0 0 0 
0 0 0 0 0 
0 0 0 0 0 
0 0 0 0 0 
0 0 0 0 0 
0 0 0 0 0 
0 0 0 0 0 
0 0 0 0 0 
0 0 0 0 0 
0 0 0 0 0 
0 0 0 0 0 
0 0 0 0 0 
0 0 0 0 0 
0 0 0 0 0 
0 0 11 0 0 
0 0 11 0 0 
0 0 11 0 0 
0 0 11 0 0 
0 0 11 0 0 
0 0 11 0 0 
0 0 11 0 0 
0 0 11 0 0 
0 0 11 0 0 
0 0 11 0 0 
0 0 11 0 0 
0 0 11 0 0 
0 0 11 0 0 
0 0 0 0 0 
0 0 0 0 0 
0 0 0 0 0 
0 0 0 0 0 
0 0 0 0 0 
0 0 0 0 0 
0 0 0 0 0 
0 0 0 0 0 
0 0 0 0 0 
0 0 0 0 0 
0 0 0 0 0 
0 0 0 0 0 
0 0 0 0 0 
0 25 0 25 0 
0 25 0 25 0 
0 25 0 25 0 
0 25 0 25 0 
0 25 0 25 0 
0 25 0 25 0 
0 25 0 25 0 
0 25 0 25 0 
0 25 0 25 0 
0 25 0 25 0 
0 25 0 25 0 
0 0 0 0 0 
0 0 0 0 0 
0 0 0 0 0 
0 0 0 0 0 
0 0 0 0 0 
0 0 0 0 0 
0 0 0 0 0 
0 16 0 16 0 
0 16 0 16 0 
0 16 0 16 0 
0 16 0 16 0 
0 16 0 16 0 
0 16 0 16 0 
0 16 0 16 0 
0 16 0 16 0 
0 0 0 0 0 
0 0 0 0 0 
0 0 0 0 0 
0 0 0 0 0 
0 0 0 0 0 
0 0 0 0 0 
0 0 0 0 0 
0 0 0 0 0 
0 0 0 0 0 
0 0 0 0 0 
0 0 0 0 0 
0 0 0 0 0 
0 0 0 0 0 
0 34 0 34 0 
0 34 0 34 0 
0 34 0 34 0 
0 34 0 34 0 
0 34 0 34 0 
0 34 0 34 0 
0 34 0 34 0 
0 34 0 34 0 
0 34 0 34 0 
0 34 0 34 0 
0 34 0 34 0 
0 0 0 0 0 
0 0 0 0 0 
0 0 0 0 0 
0 0 0 0 0 
0 0 0 0 0 
0 0 0 0 0 
0 0 0 0 0 
0 0 0 0 0 
0 0 0 0 0 
0 0 0 0 0 
0 0 0 0 0 
0 0 0 0 0 
0 0 0 0 0 
0 0 0 0 0 
0 0 0 0 0 
0 0 0 0 0 
0 0 0 0 0 
0 0 0 0 0 
0 0 0 0 0 
0 0 0 0 8 
0 0 0 0 8 
0 0 0 0 0 
0 0 0 0 0 
0 0 0 0 0 
0 0 0 0 0 
0 0 0 0 0 
0 0 0 0 0 
0 0 0 0 0 
0 0 0 0 0 
0 0 0 0 0 
0 0 0 0 0 
0 0 0 0 0 
0 0 0 0 0 
0 0 0 0 0 
0 0 0 0 0 
0 0 0 0 0 
0 0 0 0 0 
0 0 0 0 0 
0 0 0 0 0 
0 0 0 0 0 
0 0 0 0 0 
0 0 0 0 0 
0 0 0 0 0 
0 0 0 0 0 
0 0 0 0 0 
0 0 0 0 0 
0 0 0 0 0 
0 0 0 0 0 
0 0 0 0 0 
0 0 0 0 0 
0 0 0 0 0 
0 0 0 0 0 
0 0 0 0 0 
0 0 0 0 0 
0 8 0 0 0 
0 8 0 0 0 
0 8 0 0 0 
0 8 0 0 0 
0 8 0 0 0 
0 8 0 0 0 
0 8 0 0 0 
0 8 0 0 0 
0 8 0 0 0 
0 8 0 0 0 
0 8 0 0 0 
0 8 0 0 0 
0 0 0 0 0 
0 0 0 13 0 
0 0 0 13 0 
0 0 0 13 0 
0 0 0 13 0 
0 0 0 13 0 
0 0 0 13 0 
0 0 0 13 0 
0 0 0 13 0 
0 0 0 13 0 
0 0 0 13 0 
0 0 0 13 0 
0 0 0 13 0 
0 0 0 13 0 
