AIR
    0    0    0    0    0    0    0    0    0   18   18   18   18   18   18   18   18   18   18   18   18   18   18   18
    0    0    0    0    0    0    0    0    0    0    0    0    0    0    0    0    0    0    0    0    0    0    0    0
    0    0    0    0    0    0    0    0    0   18   18   18   18   18   18   18   18   18   18   18   18   18   18   18
    0    0    0    0    0    0    0    0    0    0    0    0    0    0    0    0    0    0    0    0    0    0    0    0
    0    0    0    0    0    0    0    0    0   18   18   18   18   18   18   18   18   18   18   18   18   18   18   18
ALOF
    0    0    0    0    0    0    0    0    0    0    0    0    0    0    0    0    0    0    0    0    0    0    0    0
    0    0    0    0    0    0    0    0    0    0    0    0    0    0    0    0    0    0    0    0    0    0    0    0
    0    0    0    0    0    0    0    0    0    0    0    0    0    0    0    0    0    0    0    0    0    0    0    0
    0    0    0    0    0    0    0    0    0    0    0    0    0    0    0    0    0    0    0    0    0    0    0    0
    0    0    0    0    0    0    0    0    0    0    0    0    0    0    0    0    0    0    0    0    0    0    0    0
ALUM
    0    0    0    0    0    0    0    0    0    0    0    0    0    0    0    0    0    0    0    0    0    0    0    0
    0    0    0    0    0    0    0    0    0    0    0    0    0    0    0    0    0    0    0    0    0    0    0    0
    0    0    0    0    0    0    0    0    0    0    0    0    0    0    0    0    0    0    0    0    0    0    0    0
    0    0    0    0    0    0    0    0    0    0    0    0    0    0    0    0    0    0    0    0    0    0    0    0
    0    0    0    0    0    0    0    0    0    0    0    0    0    0    0    0    0    0    0    0    0    0    0    0
AMG
    0   60   60   96   96  242  242  352  449  579  476  525  525  483  358  309  298  282  268  262  262  116  116  116
  250  402  402  622  631  642  642  819 1046  886 1085  899  899  899  649  606  498  342  331  257  257  257  257  257
   15   64   81  126  126  126  144  259  374  499  388  435  435  393  255  206  189  162  162  144  144  126  126  126
  250  401  401  563  563  563  563  740  967  807  990  804  804  804  554  511  403  248  248  241  241  241  241  241
    0    0    0    0    0    0    0  106  249  367  256  142  142  126  126  126  126  126  126  126  126  126  126  126
AWS
    0    0   15   15   15   15   15   51   51   51   15   47   47   47   15   15   15   15    0    0    0    0    0    0
   18   36   36   51   51   51   51   51   69   69   69   69   69   69   69   69   51   33   33   18   18   18   18   18
    0    0   15   15   15   15   15   51   51   51   15   47   47   47   15   15   15   15    0    0    0    0    0    0
   18   36   36   51   51   51   51   51   69   69   69   69   69   69   69   69   51   33   33   18   18   18   18   18
    0    0    0    0    0    0    0   36   36   36    0   32   32   32    0    0    0    0    0    0    0    0    0    0
BAS
   65 1116 1116 1813 1813 2675 2703 3007 3496 4522 4639 5055 5055 4784 3548 2537 2537 1836 1836 1800 1800  910  910  910
 1505 3000 3000 3446 3446 4192 4192 5269 6998 5921 7501 5795 5795 5795 4290 4290 2822 2442 2442 2343 2343 1603 1603 1603
   65 1215 1215 1967 1979 2721 2721 2923 3454 4480 4568 4986 4986 4715 3477 2389 2389 1579 1579 1501 1489  821  821  821
 1504 2985 2996 3377 3377 4062 4062 5139 6864 5787 7367 5710 5710 5661 4157 4157 2689 2310 2310 2278 2276 1599 1599 1599
   67   67   67   67   67   67   67  269  800 1826 1901  955  955  880  810  808  808  808  808  808  808  808  808  808
BDA
   52  224  224  359  359  359  359  489  587  854  802  780  780  743  483  311  311  176  176  176  176  176  176  176
  239  428  428  577  577  626  626  789 1021  858 1078  846  846  846  617  617  437  304  304  245  245  220  220  220
   52  228  228  389  389  389  389  519  617  884  832  816  816  771  513  343  343  205  205  176  176  176  176  176
  242  441  441  553  553  577  577  741 1007  843 1063  797  797  797  567  567  385  244  244  220  220  220  220  220
   52   52   52   52   52   52   52  182  280  547  495  265  265  228  176  176  176  176  176  176  176  176  176  176
BH
    0    0    0    0    0    0    0    0    0    0    0    0    0    0    0    0    0    0    0    0    0    0    0    0
    0    0    0    0    0    0    0    0    0    0    0    0    0    0    0    0    0    0    0    0    0    0    0    0
    0    0    0    0    0    0    0    0    0    0    0    0    0    0    0    0    0    0    0    0    0    0    0    0
    0    0    0    0    0    0    0    0    0    0    0    0    0    0    0    0    0    0    0    0    0    0    0    0
    0    0    0    0    0    0    0    0    0    0    0    0    0    0    0    0    0    0    0    0    0    0    0    0
BRAGG
    0  410  426  803  803  915  915  961 1327 1744 1883 1882 1882 1858 1466 1050 1050  678  678  607  607  551  551  551
  524  919  919 1090 1090 1168 1168 1477 2212 1903 2332 1608 1608 1608 1084 1084  689  535  535  503  503  440  440  440
    0  400  416  815  815  912  912  958 1360 1777 1916 1915 1915 1891 1499 1083 1083  721  721  628  628  587  587  587
  524  896  896 1050 1050 1078 1078 1387 2111 1802 2242 1518 1518 1518  994  994  629  468  468  453  453  440  440  440
    0    0   16   16   16   16   16   62  464  881  985  612  612  588  588  552  552  552  552  552  552  552  552  552
CKNB
    0   66   66   66   66   66   66  242  280  344  341  165  165  131  101   35   35   35   35   35   35   35   35   35
  119  163  163  163  163  163  163  289  389  377  433  326  326  326  295  255  123  123  123  123  123  123  123  123
   62  161  161  161  161  161  161  289  327  391  388  376  376  342  250  184  151  151  151  151  151  151  151  151
   31   43   43   43   43   43   43   55  117  105  165  103  103  103   72   72   60   60   60   60   60   60   60   60
    0    0    0    0    0    0    0  138  176  240  237   69   69   35   35   35   35   35   35   35   35   35   35   35
COE
    8  683  683  935  960 1029 1029 1303 1562 2129 2301 2476 2476 2415 1726 1051 1051  981  981  799  774  705  705  705
  950 1559 1559 1889 1906 2104 2104 2535 3303 2903 3878 3079 3079 3037 2141 2112 1555 1472 1472 1173 1156  975  975  975
    8  709  709  888  888  951  951 1231 1490 2051 2224 2399 2399 2338 1649  974  974  878  878  769  769  706  706  706
  932 1504 1504 1732 1751 1943 1943 2388 3156 2742 3708 2909 2909 2885 1989 1960 1412 1374 1374 1177 1158  966  966  966
   38   38   38   38   38   38   38  324  583 1150 1308  802  802  741  733  703  703  703  703  703  703  703  703  703
DSB
   24   79   89  131  131  201  201  266  397  567  552  580  580  526  369  280  280  238  238  202  168  168  168  168
  165  506  523  523  523  557  557  579  795  809 1006  823  823  782  630  596  279  238  238  208  208  204  204  204
   17   72   82  124  124  193  193  257  387  556  534  542  542  516  359  277  277  235  235  199  167  167  167  167
  152  414  431  431  431  474  474  474  670  679  869  705  705  693  542  521  259  242  242  212  212  199  199  199
    0    0   10   10   10   10   10   39  138  274  262  144  144  144  144  134  134  134  134  134  134  134  134  134
EHS
    0   76   76   95   95   95   95   95  117  117  117  286  286  162   95   48   48   19   19    0    0    0    0    0
  226  350  350  426  426  426  426  484  680  622  793  597  597  501  394  371  258  225  225  171  171  171  171  171
    0   47   47   81   81   81   81   81  103  103  103  241  241  148   81   34   34   34   34    0    0    0    0    0
  226  339  339  376  376  462  462  520  654  596  702  568  568  472  365  342  229  229  229  192  192  106  106  106
    0    0    0    0    0    0    0    0   22   22   22   30   30   30   30   30    0    0    0    0    0    0    0    0
EZEL
    0   32   32   32   32   32   32   32   32   32   32   54   54   54   32   11   11    0    0    0    0    0    0    0
   19   40   40   40   40   50   50   50   50   50   60   60   60   60   41   41   32   20   20   20   20   10   10   10
    0   21   21   21   21   21   21   21   21   21   21   43   43   43   21    0    0    0    0    0    0    0    0    0
   19   40   40   40   40   52   52   52   52   52   62   62   62   62   43   43   34   22   22   22   22   10   10   10
    0    0    0    0    0    0    0    0    0    0    0    9    9    9    9    0    0    0    0    0    0    0    0    0
FAIR
    0    0    0    0    0    0    0    5    5    5    5    7    7    7    7    7    5    5    5    5    5    5    5    5
    0    0    0    0    0    0    0    5    5    5    5    9    9    9    9    9    5    5    5    5    5    5    5    5
    0    0    0    0    0    0    0    4    4    4    4    8    8    8    8    8    4    4    4    4    4    4    4    4
    0    0    0    0    0    0    0    2    2    2    2    6    6    6    6    6    2    2    2    2    2    2    2    2
    0    0    0    0    0    0    0    0    0    0    0    0    0    0    0    0    0    0    0    0    0    0    0    0
FEC
    0    0    0    0    0    0   16   16    0    0    0    0    0    0    0    0    0    0    0    0    0    0    0    0
    0    0    0    0    0    0   16   16    0    0    0    0    0    0    0    0    0    0    0    0    0    0    0    0
    0    0    0    0    0    0   16   16    0    0    0    0    0    0    0    0    0    0    0    0    0    0    0    0
    0    0    0    0    0    0   16   16    0    0    0    0    0    0    0    0    0    0    0    0    0    0    0    0
    0    0    0    0    0    0   16   16    0    0    0    0    0    0    0    0    0    0    0    0    0    0    0    0
FH
    0    0    0    0    0    0    0    0    0    0    0    0    0    0    0    0    0    0    0    0    0    0    0    0
   93  106  106  106  106  106  106  106  106  106  119  119  119  119   70   70   13   13   13   13   13   13   13   13
    0    0    0    0    0    0    0    0    0    0    0    0    0    0    0    0    0    0    0    0    0    0    0    0
   93  106  106  106  106  106  106  106  106  106  119  119  119  119   70   70   13   13   13   13   13   13   13   13
    0    0    0    0    0    0    0    0    0    0    0    0    0    0    0    0    0    0    0    0    0    0    0    0
FSB
    0   20   20   20   20   32   32   32   32   32   32   32   32   32   32   32   32   12   12   12   12    0    0    0
    0   15   15   15   15   30   30   30   30   30   30   30   30   30   30   30   30   15   15   15   15    0    0    0
    0   20   20   20   20   32   32   32   32   32   32   32   32   32   32   32   32   12   12   12   12    0    0    0
    0   15   15   15   15   30   30   30   30   30   30   30   30   30   30   30   30   15   15   15   15    0    0    0
    0    0    0    0    0    0    0    0    0    0    0    0    0    0    0    0    0    0    0    0    0    0    0    0
GC
    0    0    0    0    0    0    0    0    0    0    0    0    0    0    0    0    0    0    0    0    0    0    0    0
    0    0    0    0    0    0    0    0    0    0    0    0    0    0    0    0    0    0    0    0    0    0    0    0
    0    0    0    0    0    0    0    0    0    0    0    0    0    0    0    0    0    0    0    0    0    0    0    0
    0    0    0    0    0    0    0    0    0    0    0    0    0    0    0    0    0    0    0    0    0    0    0    0
    0    0    0    0    0    0    0    0    0    0    0    0    0    0    0    0    0    0    0    0    0    0    0    0
HARR
    0    0    0    0    0    0    0    0    0    0    0    0    0    0    0    0    0    0    0    0    0    0    0    0
    0    0    0    0    0    0    0    0    0    0    0    0    0    0    0    0    0    0    0    0    0    0    0    0
    0    0    0    0    0    0    0    0    0    0    0    0    0    0    0    0    0    0    0    0    0    0    0    0
    0    0    0    0    0    0    0    0    0    0    0    0    0    0    0    0    0    0    0    0    0    0    0    0
    0    0    0    0    0    0    0    0    0    0    0    0    0    0    0    0    0    0    0    0    0    0    0    0
HC
    0   15   15   15   15   15   15   15   15   15   15   35   35   35   15   15   15    0    0    0    0    0    0    0
   14   40   40   40   40   40   40   69   83   54   80   66   66   66   52   52   26   26   26   26   26   26   26   26
    0   19   19   19   19   19   19   19   19   19   19   39   39   39   19   19   19    0    0    0    0    0    0    0
   14   40   40   40   40   40   40   69   83   54   80   66   66   66   52   52   26   26   26   26   26   26   26   26
    0    0    0    0    0    0    0    0    0    0    0    0    0    0    0    0    0    0    0    0    0    0    0    0
HMA
    0    0    0    0    0    0    0    0    0    0    0    0    0    0    0    0    0    0    0    0    0    0    0    0
    0    0    0    0    0    0    0    0    0    0    0    0    0    0    0    0    0    0    0    0    0    0    0    0
    0    0    0    0    0    0    0    0    0    0    0    0    0    0    0    0    0    0    0    0    0    0    0    0
    0    0    0    0    0    0    0    0    0    0    0    0    0    0    0    0    0    0    0    0    0    0    0    0
    0    0    0    0    0    0    0    0    0    0    0    0    0    0    0    0    0    0    0    0    0    0    0    0
HOB
    0    0    0    0    0    0    0    0    0    0    0    0    0    0    0    0    0    0    0    0    0    0    0    0
    0    0    0    0    0    0    0    0    0    0    0    0    0    0    0    0    0    0    0    0    0    0    0    0
    0    0    0    0    0    0    0    0    0    0    0    0    0    0    0    0    0    0    0    0    0    0    0    0
    0    0    0    0    0    0    0    0    0    0    0    0    0    0    0    0    0    0    0    0    0    0    0    0
    0    0    0    0    0    0    0    0    0    0    0    0    0    0    0    0    0    0    0    0    0    0    0    0
HONR
    0   17   62   62   82   82   82   82  142  166  106  148  148  148   82   20   20   20   20    0    0    0    0    0
   71  134  134  134  134  152  152  171  221  202  270  220  220  220  149  149   86   86   86   86   86   68   68   68
    0   17   17   17   17   17   17   17   77  101   41   83   83   83   17    0    0    0    0    0    0    0    0    0
   71  134  134  141  141  141  141  160  210  191  259  209  209  209  138  138   75   75   75   68   68   68   68   68
    0    0    0    0    0    0    0    0   60   84   24    0    0    0    0    0    0    0    0    0    0    0    0    0
HSC
    0    0    0    7    7    7    7    7    7   58   58   79   79   79   58   58   58   58   58   51   51   51   51   51
   31   59   59   59   59   59   59   85  118   92   92   65   65   65   34   34    6    6    6    6    6    6    6    6
    0    0    0    0    0    0    0    0    0    0    0   10   10   10    0    0    0    0    0    0    0    0    0    0
   31   46   46   46   46   46   46   72   72   46   46   46   46   46   15   15    0    0    0    0    0    0    0    0
    0    0    0    0    0    0    0    0    0    0    0    0    0    0    0    0    0    0    0    0    0    0    0    0
ING
    0    0    0    0    0    0    0    0    0    0    0    0    0    0    0    0    0    0    0    0    0    0    0    0
    0    0    0    0    0    0    0    0    0    0    0    0    0    0    0    0    0    0    0    0    0    0    0    0
    0    0    0    0    0    0    0    0    0    0    0    0    0    0    0    0    0    0    0    0    0    0    0    0
    0    0    0    0    0    0    0    0    0    0    0    0    0    0    0    0    0    0    0    0    0    0    0    0
    0    0    0    0    0    0    0    0    0    0    0    0    0    0    0    0    0    0    0    0    0    0    0    0
JCH
    0    0    0    0    0    0    0    0   11   11    0    0    0    0    0    0    0    0    0    0    0    0    0    0
    0    0    0    0    0    0    0    0    0    0   15   15   15   15   15   15   15   15   15   15   15   15   15   15
    0    0    0    0    0    0    0    0   11   11    0    0    0    0    0    0    0    0    0    0    0    0    0    0
    0    0    0    0    0    0    0    0    0    0   15   15   15   15   15   15   15   15   15   15   15   15   15   15
    0    0    0    0    0    0    0    0   11   11    0    0    0    0    0    0    0    0    0    0    0    0    0    0
JH
    0    7    7    7    7   15   15   15   15   15   15   24   24   24   15   15   15    8    8    8    8    0    0    0
    9   17   17   17   17   17   17   17   17   17   17   17   17   17    8    8    8    0    0    0    0    0    0    0
    0    0    0    0    0    0    0    0    0    0    0    9    9    9    0    0    0    0    0    0    0    0    0    0
    9    9    9    9    9    9    9    9    9    9   20   20   20   20   11   11   11   11   11   11   11   11   11   11
    0    0    0    0    0    0    0    0    0    0    0    0    0    0    0    0    0    0    0    0    0    0    0    0
JUB
    0   11   11   20   20   20   20   20   74   92   80  104  104   79   62   51   51   42   42   42   42   42   42   42
   49   86   86   86   86   86   86  115  174  145  176  117  117  117   68   68   31   31   31   31   31   31   31   31
    0   11   11   20   20   20   20   20   74   92   80  104  104   79   62   51   51   42   42   42   42   42   42   42
   49   86   86   86   86   86   86  115  174  145  176  117  117  117   68   68   31   31   31   31   31   31   31   31
    0    0    0    0    0    0    0    0   54   72   60   67   67   42   42   42   42   42   42   42   42   42   42   42
KOM
  259  405  413  904  904 1066 1066 1299 1460 1877 1826 1775 1775 1573 1158  952  952  479  479  306  306  299  299  299
  377  741  741 1040 1040 1254 1254 1550 1720 1593 1913 1650 1650 1603 1226 1188  862  576  576  349  349  349  349  349
  259  405  413  894  894 1049 1049 1282 1443 1858 1807 1783 1783 1565 1141  935  935  462  462  299  299  299  299  299
  377  741  741 1035 1035 1249 1249 1545 1698 1571 1920 1645 1645 1598 1221 1183  857  571  571  349  349  349  349  349
  234  234  234  234  234  234  234  366  507  925  995  708  708  533  365  365  299  299  299  299  299  299  299  299
KUC
    0    0    0    0    0    0    0    0    0    0    0    0    0    0    0    0    0    0    0    0    0    0    0    0
    0    0    0    0    0    0    0    0    0    0    0    0    0    0    0    0    0    0    0    0    0    0    0    0
    0    0    0    0    0    0    0    0    0    0    0    0    0    0    0    0    0    0    0    0    0    0    0    0
    0    0    0    0    0    0    0    0    0    0    0    0    0    0    0    0    0    0    0    0    0    0    0    0
    0    0    0    0    0    0    0    0    0    0    0    0    0    0    0    0    0    0    0    0    0    0    0    0
LIB
    0    0    0    0    0    0    0    0    0    0    0    0    0    0    0    0    0    0    0    0    0    0    0    0
    0    0    0    0    0    0    0    0    0    0    0    0    0    0    0    0    0    0    0    0    0    0    0    0
    0    0    0    0    0    0    0    0    0    0    0    0    0    0    0    0    0    0    0    0    0    0    0    0
    0    0    0    0    0    0    0    0    0    0    0    0    0    0    0    0    0    0    0    0    0    0    0    0
    0    0    0    0    0    0    0    0    0    0    0    0    0    0    0    0    0    0    0    0    0    0    0    0
LRC
    0   17   17   45   61   61   79  105  140 1379 1357  131  131  131   97   62   62   34   34   18   18   18   18   18
   76   83   83  104  104  104  122  158  227  227  762  711  711  685  621  609  609  602  602  581  581  581  581  581
    0   17   17   59   75   75   93  131  181 1420 1383  231  231  177  123   88   76   34   34   18   18   18   18   18
   76   83   83  104  104  104  122  177  246  246  781  730  730  704  640  628  609  602  602  581  581  581  581  581
    0    0    0    0    0    0    0   41  130  169  129   56   56   56   18   18   18   18   18   18   18   18   18   18
M02
    0    0    0    0    0    0    0    0    8    8    8    8    8    8    8    8    8    8    8    8    8    8    8    8
    0   10   10   10   10   10   10   10   10   19   19   19   19   10   10   10   10    0    0    0    0    0    0    0
    0    0    0    0    0    0    0    0    0    0    0    0    0    0    0    0    0    0    0    0    0    0    0    0
    0   10   10   10   10   10   10   10   10   19   19   19   19   10   10   10   10    0    0    0    0    0    0    0
    0    0    0    0    0    0    0    0    0    0    0    0    0    0    0    0    0    0    0    0    0    0    0    0
M1A
    0    0    0    0    0    0    0    0    0    0    0    0    0    0    0    0    0    0    0    0    0    0    0    0
    0    0    0    0    0    0    0    0    0    0    0    0    0    0    0    0    0    0    0    0    0    0    0    0
    0    0    0    0    0    0    0    0    0    0    0    0    0    0    0    0    0    0    0    0    0    0    0    0
    0    0    0    0    0    0    0    0    0    0    0    0    0    0    0    0    0    0    0    0    0    0    0    0
    0    0    0    0    0    0    0    0    0    0    0    0    0    0    0    0    0    0    0    0    0    0    0    0
M2A
    0    0    0    0    0    0    0    0    0    0    0    0    0    0    0    0    0    0    0    0    0    0    0    0
    0    0    0    0    0    0    0    0    0    0    0    0    0    0    0    0    0    0    0    0    0    0    0    0
    0    0    0    0    0    0    0    0    0    0    0    0    0    0    0    0    0    0    0    0    0    0    0    0
    0    0    0    0    0    0    0    0    0    0    0    0    0    0    0    0    0    0    0    0    0    0    0    0
    0    0    0    0    0    0    0    0    0    0    0    0    0    0    0    0    0    0    0    0    0    0    0    0
M2J
    0    0    0    0    0    0    0    0    0    0    0    0    0    0    0    0    0    0    0    0    0    0    0    0
    0    0    0    0    0    0    0    0    0    0    0    0    0    0    0    0    0    0    0    0    0    0    0    0
    0    0    0    0    0    0    0    0    0    0    0    0    0    0    0    0    0    0    0    0    0    0    0    0
    0    0    0    0    0    0    0    0    0    0    0    0    0    0    0    0    0    0    0    0    0    0    0    0
    0    0    0    0    0    0    0    0    0    0    0    0    0    0    0    0    0    0    0    0    0    0    0    0
M2Q
    0    0    0    0    0    0    0    0    0    0    0    0    0    0    0    0    0    0    0    0    0    0    0    0
    0    0    0    0    0    0    0    0    0    0    0    0    0    0    0    0    0    0    0    0    0    0    0    0
    0    0    0    0    0    0    0    0    0    0    0    0    0    0    0    0    0    0    0    0    0    0    0    0
    0    0    0    0    0    0    0    0    0    0    0    0    0    0    0    0    0    0    0    0    0    0    0    0
    0    0    0    0    0    0    0    0    0    0    0    0    0    0    0    0    0    0    0    0    0    0    0    0
M2U
    0    0    0    0    0    0    0    0    0    0    0    0    0    0    0    0    0    0    0    0    0    0    0    0
    0    0    0    0    0    0    0    0    0    0    0    0    0    0    0    0    0    0    0    0    0    0    0    0
    0    0    0    0    0    0    0    0    0    0    0    0    0    0    0    0    0    0    0    0    0    0    0    0
    0    0    0    0    0    0    0    0    0    0    0    0    0    0    0    0    0    0    0    0    0    0    0    0
    0    0    0    0    0    0    0    0    0    0    0    0    0    0    0    0    0    0    0    0    0    0    0    0
M2V
    0    0    0    0    0    0    0    0    0    0    0    0    0    0    0    0    0    0    0    0    0    0    0    0
    0    0    0    0    0    0    0    0    0    0    0    0    0    0    0    0    0    0    0    0    0    0    0    0
    0    0    0    0    0    0    0    0    0    0    0    0    0    0    0    0    0    0    0    0    0    0    0    0
    0    0    0    0    0    0    0    0    0    0    0    0    0    0    0    0    0    0    0    0    0    0    0    0
    0    0    0    0    0    0    0    0    0    0    0    0    0    0    0    0    0    0    0    0    0    0    0    0
M2W
    0    0    0    0    0    0    0    0    0    0    0    0    0    0    0    0    0    0    0    0    0    0    0    0
    0    0    0    0    0    0    0    0    0    0    0    0    0    0    0    0    0    0    0    0    0    0    0    0
    0    0    0    0    0    0    0    0    0    0    0    0    0    0    0    0    0    0    0    0    0    0    0    0
    0    0    0    0    0    0    0    0    0    0    0    0    0    0    0    0    0    0    0    0    0    0    0    0
    0    0    0    0    0    0    0    0    0    0    0    0    0    0    0    0    0    0    0    0    0    0    0    0
M3D
    0    0    0    0    0    0    0    0    0    0    0    0    0    0    0    0    0    0    0    0    0    0    0    0
    0    0    0    0    0    0    0    0    0    0    0    0    0    0    0    0    0    0    0    0    0    0    0    0
    0    0    0    0    0    0    0    0    0    0    0    0    0    0    0    0    0    0    0    0    0    0    0    0
    0    0    0    0    0    0    0    0    0    0    0    0    0    0    0    0    0    0    0    0    0    0    0    0
    0    0    0    0    0    0    0    0    0    0    0    0    0    0    0    0    0    0    0    0    0    0    0    0
M3F
    0    0    0    0    0    0    0    0    0    0    0    0    0    0    0    0    0    0    0    0    0    0    0    0
    0    0    0    0    0    0    0    0    0    0    0    0    0    0    0    0    0    0    0    0    0    0    0    0
    0    0    0    0    0    0    0    0    0    0    0    0    0    0    0    0    0    0    0    0    0    0    0    0
    0    0    0    0    0    0    0    0    0    0    0    0    0    0    0    0    0    0    0    0    0    0    0    0
    0    0    0    0    0    0    0    0    0    0    0    0    0    0    0    0    0    0    0    0    0    0    0    0
MA3
    0    0    0    0    0    0    0    0    0    0    0    0    0    0    0    0    0    0    0    0    0    0    0    0
    0    0    0    0    0    0    0    0    0    0    0    0    0    0    0    0    0    0    0    0    0    0    0    0
    0    0    0    0    0    0    0    0    0    0    0    0    0    0    0    0    0    0    0    0    0    0    0    0
    0    0    0    0    0    0    0    0    0    0    0    0    0    0    0    0    0    0    0    0    0    0    0    0
    0    0    0    0    0    0    0    0    0    0    0    0    0    0    0    0    0    0    0    0    0    0    0    0
MB
    0    0    0    0    0   17   17   17   30   30   32   50   50   50   32   32   32   32   32   32   32   15   15   15
   18   41   41   53   53   53   53   88  120   85  113   81   81   81   63   63   51   28   28   28   28   28   28   28
    0   36   36   36   36   54   54   54   67   67   69   87   87   87   69   69   69   33   33   33   33   15   15   15
   18   38   38   50   50   50   50   85  117   82  110   78   78   78   60   60   48   28   28   28   28   28   28   28
    0    0    0    0    0    0    0    0   13   13   15   45   45   45   45   15   15   15   15   15   15   15   15   15
MB3
    0    0    0    0    0    0    0    0    0    0    0    0    0    0    0    0    0    0    0    0    0    0    0    0
    0    0    0    0    0    0    0    0    0    0    0    0    0    0    0    0    0    0    0    0    0    0    0    0
    0    0    0    0    0    0    0    0    0    0    0    0    0    0    0    0    0    0    0    0    0    0    0    0
    0    0    0    0    0    0    0    0    0    0    0    0    0    0    0    0    0    0    0    0    0    0    0    0
    0    0    0    0    0    0    0    0    0    0    0    0    0    0    0    0    0    0    0    0    0    0    0    0
MBX
    0    0    0    0    0    0    0    0    0    0    0    0    0    0    0    0    0    0    0    0    0    0    0    0
    0    0    0    0    0    0    0    0    0    0    0    0    0    0    0    0    0    0    0    0    0    0    0    0
    0    0    0    0    0    0    0    0    0    0    0    0    0    0    0    0    0    0    0    0    0    0    0    0
    0    0    0    0    0    0    0    0    0    0    0    0    0    0    0    0    0    0    0    0    0    0    0    0
    0    0    0    0    0    0    0    0    0    0    0    0    0    0    0    0    0    0    0    0    0    0    0    0
MC
   29  273  389  521  537  553  553  569  645  804  963  960  960  908  768  535  513  384  384  260  260  244  244  244
  326  467  467  561  561  713  726 1000 1260 1019 1348 1113 1113 1016  787  740  688  552  552  522  496  387  387  387
   29  204  239  285  285  321  321  389  445  641  913  873  873  821  681  529  529  447  425  425  425  389  389  389
  286  350  350  453  453  459  459  733  993  752 1041  806  806  709  520  473  456  397  397  353  353  347  347  347
   30   50   50   50   50   50   50  147  174  370  424  281  281  221  191  171  171  171  171  171  171  171  171  171
MC4
    0    0    0    0    0    0    0    0    0    0    0    0    0    0    0    0    0    0    0    0    0    0    0    0
   16   29   29   29   29   29   29   29   29   29   29   29   29   29   13   13    0    0    0    0    0    0    0    0
    0    0    0    0    0    0    0    0    0    0    0    0    0    0    0    0    0    0    0    0    0    0    0    0
   16   29   29   29   29   29   29   29   29   29   29   29   29   29   13   13    0    0    0    0    0    0    0    0
    0    0    0    0    0    0    0    0    0    0    0    0    0    0    0    0    0    0    0    0    0    0    0    0
MC8
    0    0    0    0    0    0    0    0    0    0    0    0    0    0    0    0    0    0    0    0    0    0    0    0
    0    0    0    0    0    0    0    0    4    4    4    4    4    4    4    4    4    4    4    4    4    4    4    4
    0    0    0    0    0    0    0    0    0    0    0    0    0    0    0    0    0    0    0    0    0    0    0    0
    0    0    0    0    0    0    0    0    4    4    4    4    4    4    4    4    4    4    4    4    4    4    4    4
    0    0    0    0    0    0    0    0    0    0    0    0    0    0    0    0    0    0    0    0    0    0    0    0
MCJ
    0    0    0    0    0    0    0    0    0    0    0    0    0    0    0    0    0    0    0    0    0    0    0    0
    0    0    0    0    0    0    0    0    0    0    0    0    0    0    0    0    0    0    0    0    0    0    0    0
    0    0    0    0    0    0    0    0    0    0    0    0    0    0    0    0    0    0    0    0    0    0    0    0
    0    0    0    0    0    0    0    0    0    0    0    0    0    0    0    0    0    0    0    0    0    0    0    0
    0    0    0    0    0    0    0    0    0    0    0    0    0    0    0    0    0    0    0    0    0    0    0    0
MCK
    0    0    0   10   10   10   10   10   10   10   10   10   10   10   10   10   10   10   10    0    0    0    0    0
    0    0    0    0    0    0    0    0    0    0    0    0    0    0    0    0    0    0    0    0    0    0    0    0
    0    0    0    0    0    0    0    0    0    0    0    0    0    0    0    0    0    0    0    0    0    0    0    0
    0    0    0    0    0    0    0    0    0    0    0    0    0    0    0    0    0    0    0    0    0    0    0    0
    0    0    0    0    0    0    0    0    0    0    0    0    0    0    0    0    0    0    0    0    0    0    0    0
MEA
    0    0    0    7    7    7    7    7    7    7    7    7    7    7    7    7    7    7    7    0    0    0    0    0
    0    0    0    2    2    2    2    2    2    2    2    2    2    2    2    2    2    2    2    0    0    0    0    0
    0    0    0    5    5    5    5    5    5    5    5    5    5    5    5    5    5    5    5    0    0    0    0    0
    0    0    0    0    0    0    0    0    0    0    0    0    0    0    0    0    0    0    0    0    0    0    0    0
    0    0    0    0    0    0    0    0    0    0    0    0    0    0    0    0    0    0    0    0    0    0    0    0
MEC
    0    0    0   24   24   24   24   24   24   24   24   24   24   24   24   24   24   24   24    0    0    0    0    0
    0    0    0   11   11   11   11   11   11   11   11   11   11   11   11   11   11   11   11    0    0    0    0    0
    0    0    0    0    0    0    0    0    0    0    0    0    0    0    0    0    0    0    0    0    0    0    0    0
    0    0    0    0    0    0    0    0    0    0    0    0    0    0    0    0    0    0    0    0    0    0    0    0
    0    0    0    0    0    0    0    0    0    8    8    0    0    0    0    0    0    0    0    0    0    0    0    0
MGB
    0   38   38   38   38   76   76   76   90  239  225  254  254  218  198  179  159  150  150  150  121  112  112  112
   56  120  120  139  139  247  247  272  360  394  445  357  357  340  301  301  301  227  227  218  110  110  110  110
    0   29   29   50   50   88   88   88  102  251  237  278  278  230  210  191  171  171  171  150  121  112  112  112
   56  118  118  139  139  148  148  173  261  295  346  258  258  241  202  174  174  130  130  119  119  110  110  110
    0    0    0    0    0    0    0    0   14   51   37    0    0    0    0    0    0    0    0    0    0    0    0    0
PCS
    0    0    0    0    0    0    0    0    0    0    0    0    0    0    0    0    0    0    0    0    0    0    0    0
    0    0    0    0    0    0    0    0    0    0    0    0    0    0    0    0    0    0    0    0    0    0    0    0
    0    0    0    0    0    0    0    0    0    0    0    0    0    0    0    0    0    0    0    0    0    0    0    0
    0    0    0    0    0    0    0    0    0    0    0    0    0    0    0    0    0    0    0    0    0    0    0    0
    0    0    0    0    0    0    0    0    0    0    0    0    0    0    0    0    0    0    0    0    0    0    0    0
PH
   30  694  694 1169 1169 1455 1455 1801 2198 2965 2810 2758 2758 2629 2000 1456 1456  878  878  802  802  575  575  575
  847 1669 1669 2113 2122 2365 2377 3006 3815 3189 3976 3167 3167 3155 2308 2308 1648 1077 1077  941  929  787  787  787
   30  652  652 1134 1157 1611 1611 2083 2480 3247 3092 3040 3040 2911 2282 1738 1738 1212 1212 1096  970  575  575  575
  847 1630 1630 2113 2113 2363 2363 2980 3789 3175 3961 3152 3152 3140 2293 2293 1633 1054 1054  935  935  786  786  786
   30   42   42   42   42   42   42  388  785 1552 1397  746  746  617  587  575  575  575  575  575  575  575  575  575
SAG
   21  104  104  104  104  104  104  104  240  426  325  369  369  222  118   59   59   35   35   35   35   35   35   35
  222  342  342  387  387  416  416  416  555  555  699  560  560  560  338  338  227  189  189  173  173  144  144  144
   21   96   96   96   96   96   96   96  232  418  317  361  361  214  110   51   51   35   35   35   35   35   35   35
  222  333  333  362  362  373  373  373  512  512  656  517  517  517  295  295  184  155  155  155  155  144  144  144
   21   21   21   21   21   21   21   21  157  343  242  203  203   56   35   35   35   35   35   35   35   35   35   35
SCI
  400  556  944 1220 1220 1291 1291 1710 1856 2475 2680 2346 2346 2052 1509 1223 1109  656  576  567  512  505  505  505
  553 1208 1266 1428 1428 1574 1574 2166 2561 2375 2550 2023 2023 2010 1384 1281  760  365  365  299  219  219  219  219
  302  474  847 1079 1079 1187 1187 1713 1862 2476 2442 2216 2216 1973 1469 1218 1064  642  556  529  455  448  448  448
  493 1085 1098 1247 1247 1408 1408 2019 2398 2224 2408 1886 1886 1873 1324 1227  780  383  383  273  273  222  222  222
  230  254  427  427  427  427  427  784  824 1427 1347 1198 1198  998  599  426  413  389  389  389  389  389  389  389
SFA
   44   44  123  189  200  208  218  325  333  393  376  455  455  316  272  238  193  154  146  116  106   98   98   98
  236  387  387  450  450  463  478  555  643  568 1356 1276 1276 1223 1040 1036  889  832  828  826  824  798  798  798
   50   50  129  187  194  216  216  323  331  391  394  473  473  334  290  250  205  166  159  140  140  118  118  118
  236  385  385  447  447  460  466  543  631  556  780  700  700  647  464  460  315  258  253  253  247  234  234  234
   24   24   60   60   60   60   60  114  118  169  150  183  183   99   75   50   39   39   39   39   39   39   39   39
TBA
    0    0    0    0    0    0    0    0    0    0    0    0    0    0    0    0    0    0    0    0    0    0    0    0
    0    0    0    0    0    0    0    0    0    0    0    0    0    0    0    0    0    0    0    0    0    0    0    0
    0    0    0    0    0    0    0    0    0    0    0    0    0    0    0    0    0    0    0    0    0    0    0    0
    0    0    0    0    0    0    0    0    0    0    0    0    0    0    0    0    0    0    0    0    0    0    0    0
    0    0    0    0    0    0    0    0    0    0    0    0    0    0    0    0    0    0    0    0    0    0    0    0
TCM
    0    0    0    0    0    0    0    0    0    0    0    0    0    0    0    0    0    0    0    0    0    0    0    0
    0    0    0    0    0    0    0    0    0    0    0    0    0    0    0    0    0    0    0    0    0    0    0    0
    0    0    0    0    0    0    0    0    0    0    0    0    0    0    0    0    0    0    0    0    0    0    0    0
    0    0    0    0    0    0    0    0    0    0    0    0    0    0    0    0    0    0    0    0    0    0    0    0
    0    0    0    0    0    0    0    0    0    0    0    0    0    0    0    0    0    0    0    0    0    0    0    0
TLC
    0    0    0    0    0    0    0    0    0    0    0    0    0    0    0    0    0    0    0    0    0    0    0    0
    0    0    0    0    0    0    0    0    0    0    0    0    0    0    0    0    0    0    0    0    0    0    0    0
    0    0    0    0    0    0    0    0    0    0    0    0    0    0    0    0    0    0    0    0    0    0    0    0
    0    0    0    0    0    0    0    0    0    0    0    0    0    0    0    0    0    0    0    0    0    0    0    0
    0    0    0    0    0    0    0    0    0    0    0    0    0    0    0    0    0    0    0    0    0    0    0    0
TODD
    0  222  222  222  222  239  239  250  352  425  419  434  434  434  346  265  265  124  124  124  124  107  107  107
   51  298  298  298  298  369  369  582  715  697 1025  697  697  697  468  468  362  221  221  189  189  150  150  150
    0  222  222  222  222  237  237  392  494  567  666  537  537  537  344  263  263  122  122  122  122  107  107  107
   51  298  298  298  298  369  369  582  715  697 1025  697  697  697  468  468  362  221  221  189  189  150  150  150
    0    0    0    0    0    0    0  155  257  330  429  212  212  212  107  107  107  107  107  107  107  107  107  107
TUCKER
    0    5    5    5    5    5    5    5    5    5    5    5    5    5    5    5    5    0    0    0    0    0    0    0
    0    0    0    0    0    0    0    0  140  140  140    0    0    0    0    0    0    0    0    0    0    0    0    0
    0    0    0    0    0    0    0    0    0    0    0    0    0    0    0    0    0    0    0    0    0    0    0    0
    0    0    0    0    0    0    0    0    0    0    0    0    0    0    0    0    0    0    0    0    0    0    0    0
    0    0    0    0    0    0    0    0    0    0    0    0    0    0    0    0    0    0    0    0    0    0    0    0
UP
    0    0    0    0    0    0    0    0    0    0    0    0    0    0    0    0    0    0    0    0    0    0    0    0
    0    0    0    0    0    0    0    0    0    0    0    0    0    0    0    0    0    0    0    0    0    0    0    0
    0    0    0    0    0    0    0    0    0    0    0    0    0    0    0    0    0    0    0    0    0    0    0    0
    0    0    0    0    0    0    0    0    0    0    0    0    0    0    0    0    0    0    0    0    0    0    0    0
    0    0    0    0    0    0    0    0    0    0    0    0    0    0    0    0    0    0    0    0    0    0    0    0
VA
    0    0    0    0    0    0    0    0    0    0    0    0    0    0    0    0    0    0    0    0    0    0    0    0
    0    0    0    0    0    0    0    0    0    0    0    0    0    0    0    0    0    0    0    0    0    0    0    0
    0    0    0    0    0    0    0    0    0    0    0    0    0    0    0    0    0    0    0    0    0    0    0    0
    0    0    0    0    0    0    0    0    0    0    0    0    0    0    0    0    0    0    0    0    0    0    0    0
    0    0    0    0    0    0    0    0    0    0    0    0    0    0    0    0    0    0    0    0    0    0    0    0
VET
    0   16   16   28   28   28   28   61   66  101   63  115  115  115   99   63   47   47   47   35   35   35   35   35
    0   41   41   77   77  102  102  203  270  195  202  121  121  121  121  105   80   44   44   44   44   29   19   19
    0   16   16   16   16   16   16   21   42   77   51   67   67   67   51   51   35   35   35   35   35   35   35   35
    0   16   16   52   52   52   52  139  206  131  138   71   71   71   71   55   55   19   19   19   19   19   19   19
    0    0    0    0    0    0    0   21   26   43   17   17   17   17   17   17   17   17   17   17   17   17   17   17
WMB
    0    0  110  110  110  110  275  308  317  393  362  299  299  286  286  286  176  176  176  176  176   11   11   11
    3  403  403  403  595  595  595  595  729  729 1294 1178 1178 1175 1175 1175  775  775  583  583  583  583  583  583
    0    0  110  110  117  117  120  153  162  238  239  176  176  163  163  163   53   53   53   46   46   43   43   43
    3  403  403  403  403  403  403  403  537  537  792  676  676  673  673  673  273  273  273  273  273  273  273  273
    0    0    0    0    0    0    0   33    0   76   87   63   63   11   11   11   11   11   11   11   11   11   11   11
WPS
    0   10   35   35   35   35   35   61   94   97  129  170  170  170  129  119   94   94   94   94   94   94   94   94
    0  150  150  150  150  168  168  264  330  355  381  326  326  254  195  195  140   45   45   45   45   27   27   27
   18   28   52   52   52   52   52  175  208  207  286  279  279  279  127  117  117   93   93   93   93   93   93   93
    0  150  150  150  150  150  150  246  312  340  366  302  302  230  180  180  125   30   30   30   30   30   30   30
    8   27   51   51   51   51   51  145  157  157  272  226  226  211  108   89   89   65   65   65   65   65   65   65
