FEC
0
0
0
0
0
0
0
0
0
0
0
0
0
0
0
0
0
0
0
0
0
0
0
0
0
0
0
0
0
0
16
16
16
16
16
16
16
16
16
16
0
0
0
0
0
0
0
0
0
0
0
0
0
0
0
0
0
0
0
0
0
0
0
0
0
0
0
0
0
0
0
0
0
0
0
0
0
0
0
0
0
0
0
0
0
0
0
0
0
0
0
0
0
0
0
0
0
0
0
0
0
0
0
0
0
0
0
0
0
0
0
0
0
0
0
0
0
0
0
0
JCH
0
0
0
0
0
0
0
0
0
0
0
0
0
0
0
0
0
0
0
0
0
0
0
0
0
0
0
0
0
0
0
0
0
0
0
0
0
0
0
0
11
0
11
0
11
11
0
11
0
11
0
15
0
15
0
0
15
0
15
0
0
15
0
15
0
0
15
0
15
0
0
15
0
15
0
0
15
0
15
0
0
15
0
15
0
0
15
0
15
0
0
15
0
15
0
0
15
0
15
0
0
15
0
15
0
0
15
0
15
0
0
15
0
15
0
0
15
0
15
0
M3F
0
0
0
0
0
0
0
0
0
0
0
0
0
0
0
0
0
0
0
0
0
0
0
0
0
0
0
0
0
0
0
0
0
0
0
0
0
0
0
0
0
0
0
0
0
0
0
0
0
0
0
0
0
0
0
0
0
0
0
0
0
0
0
0
0
0
0
0
0
0
0
0
0
0
0
0
0
0
0
0
0
0
0
0
0
0
0
0
0
0
0
0
0
0
0
0
0
0
0
0
0
0
0
0
0
0
0
0
0
0
0
0
0
0
0
0
0
0
0
0
MA3
0
0
0
0
0
0
0
0
0
0
0
0
0
0
0
0
0
0
0
0
0
0
0
0
0
0
0
0
0
0
0
0
0
0
0
0
0
0
0
0
0
0
0
0
0
0
0
0
0
0
0
0
0
0
0
0
0
0
0
0
0
0
0
0
0
0
0
0
0
0
0
0
0
0
0
0
0
0
0
0
0
0
0
0
0
0
0
0
0
0
0
0
0
0
0
0
0
0
0
0
0
0
0
0
0
0
0
0
0
0
0
0
0
0
0
0
0
0
0
0
KOM
259
377
259
377
234
405
741
405
741
234
413
741
413
741
234
904
1040
894
1035
234
904
1040
894
1035
234
1066
1254
1049
1249
234
1066
1254
1049
1249
234
1299
1550
1282
1545
366
1460
1720
1443
1698
507
1877
1593
1858
1571
925
1826
1913
1807
1920
995
1775
1650
1783
1645
708
1775
1650
1783
1645
708
1573
1603
1565
1598
533
1158
1226
1141
1221
365
952
1188
935
1183
365
952
862
935
857
299
479
576
462
571
299
479
576
462
571
299
306
349
299
349
299
306
349
299
349
299
299
349
299
349
299
299
349
299
349
299
299
349
299
349
299
AIR
0
0
0
0
0
0
0
0
0
0
0
0
0
0
0
0
0
0
0
0
0
0
0
0
0
0
0
0
0
0
0
0
0
0
0
0
0
0
0
0
0
0
0
0
0
18
0
18
0
18
18
0
18
0
18
18
0
18
0
18
18
0
18
0
18
18
0
18
0
18
18
0
18
0
18
18
0
18
0
18
18
0
18
0
18
18
0
18
0
18
18
0
18
0
18
18
0
18
0
18
18
0
18
0
18
18
0
18
0
18
18
0
18
0
18
18
0
18
0
18
ING
0
0
0
0
0
0
0
0
0
0
0
0
0
0
0
0
0
0
0
0
0
0
0
0
0
0
0
0
0
0
0
0
0
0
0
0
0
0
0
0
0
0
0
0
0
0
0
0
0
0
0
0
0
0
0
0
0
0
0
0
0
0
0
0
0
0
0
0
0
0
0
0
0
0
0
0
0
0
0
0
0
0
0
0
0
0
0
0
0
0
0
0
0
0
0
0
0
0
0
0
0
0
0
0
0
0
0
0
0
0
0
0
0
0
0
0
0
0
0
0
BH
0
0
0
0
0
0
0
0
0
0
0
0
0
0
0
0
0
0
0
0
0
0
0
0
0
0
0
0
0
0
0
0
0
0
0
0
0
0
0
0
0
0
0
0
0
0
0
0
0
0
0
0
0
0
0
0
0
0
0
0
0
0
0
0
0
0
0
0
0
0
0
0
0
0
0
0
0
0
0
0
0
0
0
0
0
0
0
0
0
0
0
0
0
0
0
0
0
0
0
0
0
0
0
0
0
0
0
0
0
0
0
0
0
0
0
0
0
0
0
0
KUC
0
0
0
0
0
0
0
0
0
0
0
0
0
0
0
0
0
0
0
0
0
0
0
0
0
0
0
0
0
0
0
0
0
0
0
0
0
0
0
0
0
0
0
0
0
0
0
0
0
0
0
0
0
0
0
0
0
0
0
0
0
0
0
0
0
0
0
0
0
0
0
0
0
0
0
0
0
0
0
0
0
0
0
0
0
0
0
0
0
0
0
0
0
0
0
0
0
0
0
0
0
0
0
0
0
0
0
0
0
0
0
0
0
0
0
0
0
0
0
0
DSB
24
165
17
152
0
79
506
72
414
0
89
523
82
431
10
131
523
124
431
10
131
523
124
431
10
201
557
193
474
10
201
557
193
474
10
266
579
257
474
39
397
795
387
670
138
567
809
556
679
274
552
1006
534
869
262
580
823
542
705
144
580
823
542
705
144
526
782
516
693
144
369
630
359
542
144
280
596
277
521
134
280
279
277
259
134
238
238
235
242
134
238
238
235
242
134
202
208
199
212
134
168
208
167
212
134
168
204
167
199
134
168
204
167
199
134
168
204
167
199
134
HARR
0
0
0
0
0
0
0
0
0
0
0
0
0
0
0
0
0
0
0
0
0
0
0
0
0
0
0
0
0
0
0
0
0
0
0
0
0
0
0
0
0
0
0
0
0
0
0
0
0
0
0
0
0
0
0
0
0
0
0
0
0
0
0
0
0
0
0
0
0
0
0
0
0
0
0
0
0
0
0
0
0
0
0
0
0
0
0
0
0
0
0
0
0
0
0
0
0
0
0
0
0
0
0
0
0
0
0
0
0
0
0
0
0
0
0
0
0
0
0
0
SAG
21
222
21
222
21
104
342
96
333
21
104
342
96
333
21
104
387
96
362
21
104
387
96
362
21
104
416
96
373
21
104
416
96
373
21
104
416
96
373
21
240
555
232
512
157
426
555
418
512
343
325
699
317
656
242
369
560
361
517
203
369
560
361
517
203
222
560
214
517
56
118
338
110
295
35
59
338
51
295
35
59
227
51
184
35
35
189
35
155
35
35
189
35
155
35
35
173
35
155
35
35
173
35
155
35
35
144
35
144
35
35
144
35
144
35
35
144
35
144
35
M2V
0
0
0
0
0
0
0
0
0
0
0
0
0
0
0
0
0
0
0
0
0
0
0
0
0
0
0
0
0
0
0
0
0
0
0
0
0
0
0
0
0
0
0
0
0
0
0
0
0
0
0
0
0
0
0
0
0
0
0
0
0
0
0
0
0
0
0
0
0
0
0
0
0
0
0
0
0
0
0
0
0
0
0
0
0
0
0
0
0
0
0
0
0
0
0
0
0
0
0
0
0
0
0
0
0
0
0
0
0
0
0
0
0
0
0
0
0
0
0
0
SFA
44
236
50
236
24
44
387
50
385
24
123
387
129
385
60
189
450
187
447
60
200
450
194
447
60
208
463
216
460
60
218
478
216
466
60
325
555
323
543
114
333
643
331
631
118
393
568
391
556
169
376
1356
394
780
150
455
1276
473
700
183
455
1276
473
700
183
316
1223
334
647
99
272
1040
290
464
75
238
1036
250
460
50
193
889
205
315
39
154
832
166
258
39
146
828
159
253
39
116
826
140
253
39
106
824
140
247
39
98
798
118
234
39
98
798
118
234
39
98
798
118
234
39
EZEL
0
19
0
19
0
32
40
21
40
0
32
40
21
40
0
32
40
21
40
0
32
40
21
40
0
32
50
21
52
0
32
50
21
52
0
32
50
21
52
0
32
50
21
52
0
32
50
21
52
0
32
60
21
62
0
54
60
43
62
9
54
60
43
62
9
54
60
43
62
9
32
41
21
43
9
11
41
0
43
0
11
32
0
34
0
0
20
0
22
0
0
20
0
22
0
0
20
0
22
0
0
20
0
22
0
0
10
0
10
0
0
10
0
10
0
0
10
0
10
0
COE
8
950
8
932
38
683
1559
709
1504
38
683
1559
709
1504
38
935
1889
888
1732
38
960
1906
888
1751
38
1029
2104
951
1943
38
1029
2104
951
1943
38
1303
2535
1231
2388
324
1562
3303
1490
3156
583
2129
2903
2051
2742
1150
2301
3878
2224
3708
1308
2476
3079
2399
2909
802
2476
3079
2399
2909
802
2415
3037
2338
2885
741
1726
2141
1649
1989
733
1051
2112
974
1960
703
1051
1555
974
1412
703
981
1472
878
1374
703
981
1472
878
1374
703
799
1173
769
1177
703
774
1156
769
1158
703
705
975
706
966
703
705
975
706
966
703
705
975
706
966
703
MC
29
326
29
286
30
273
467
204
350
50
389
467
239
350
50
521
561
285
453
50
537
561
285
453
50
553
713
321
459
50
553
726
321
459
50
569
1000
389
733
147
645
1260
445
993
174
804
1019
641
752
370
963
1348
913
1041
424
960
1113
873
806
281
960
1113
873
806
281
908
1016
821
709
221
768
787
681
520
191
535
740
529
473
171
513
688
529
456
171
384
552
447
397
171
384
552
425
397
171
260
522
425
353
171
260
496
425
353
171
244
387
389
347
171
244
387
389
347
171
244
387
389
347
171
MB3
0
0
0
0
0
0
0
0
0
0
0
0
0
0
0
0
0
0
0
0
0
0
0
0
0
0
0
0
0
0
0
0
0
0
0
0
0
0
0
0
0
0
0
0
0
0
0
0
0
0
0
0
0
0
0
0
0
0
0
0
0
0
0
0
0
0
0
0
0
0
0
0
0
0
0
0
0
0
0
0
0
0
0
0
0
0
0
0
0
0
0
0
0
0
0
0
0
0
0
0
0
0
0
0
0
0
0
0
0
0
0
0
0
0
0
0
0
0
0
0
BDA
52
239
52
242
52
224
428
228
441
52
224
428
228
441
52
359
577
389
553
52
359
577
389
553
52
359
626
389
577
52
359
626
389
577
52
489
789
519
741
182
587
1021
617
1007
280
854
858
884
843
547
802
1078
832
1063
495
780
846
816
797
265
780
846
816
797
265
743
846
771
797
228
483
617
513
567
176
311
617
343
567
176
311
437
343
385
176
176
304
205
244
176
176
304
205
244
176
176
245
176
220
176
176
245
176
220
176
176
220
176
220
176
176
220
176
220
176
176
220
176
220
176
M2U
0
0
0
0
0
0
0
0
0
0
0
0
0
0
0
0
0
0
0
0
0
0
0
0
0
0
0
0
0
0
0
0
0
0
0
0
0
0
0
0
0
0
0
0
0
0
0
0
0
0
0
0
0
0
0
0
0
0
0
0
0
0
0
0
0
0
0
0
0
0
0
0
0
0
0
0
0
0
0
0
0
0
0
0
0
0
0
0
0
0
0
0
0
0
0
0
0
0
0
0
0
0
0
0
0
0
0
0
0
0
0
0
0
0
0
0
0
0
0
0
AMG
0
250
15
250
0
60
402
64
401
0
60
402
81
401
0
96
622
126
563
0
96
631
126
563
0
242
642
126
563
0
242
642
144
563
0
352
819
259
740
106
449
1046
374
967
249
579
886
499
807
367
476
1085
388
990
256
525
899
435
804
142
525
899
435
804
142
483
899
393
804
126
358
649
255
554
126
309
606
206
511
126
298
498
189
403
126
282
342
162
248
126
268
331
162
248
126
262
257
144
241
126
262
257
144
241
126
116
257
126
241
126
116
257
126
241
126
116
257
126
241
126
BAS
65
1505
65
1504
67
1116
3000
1215
2985
67
1116
3000
1215
2996
67
1813
3446
1967
3377
67
1813
3446
1979
3377
67
2675
4192
2721
4062
67
2703
4192
2721
4062
67
3007
5269
2923
5139
269
3496
6998
3454
6864
800
4522
5921
4480
5787
1826
4639
7501
4568
7367
1901
5055
5795
4986
5710
955
5055
5795
4986
5710
955
4784
5795
4715
5661
880
3548
4290
3477
4157
810
2537
4290
2389
4157
808
2537
2822
2389
2689
808
1836
2442
1579
2310
808
1836
2442
1579
2310
808
1800
2343
1501
2278
808
1800
2343
1489
2276
808
910
1603
821
1599
808
910
1603
821
1599
808
910
1603
821
1599
808
TCM
0
0
0
0
0
0
0
0
0
0
0
0
0
0
0
0
0
0
0
0
0
0
0
0
0
0
0
0
0
0
0
0
0
0
0
0
0
0
0
0
0
0
0
0
0
0
0
0
0
0
0
0
0
0
0
0
0
0
0
0
0
0
0
0
0
0
0
0
0
0
0
0
0
0
0
0
0
0
0
0
0
0
0
0
0
0
0
0
0
0
0
0
0
0
0
0
0
0
0
0
0
0
0
0
0
0
0
0
0
0
0
0
0
0
0
0
0
0
0
0
M2J
0
0
0
0
0
0
0
0
0
0
0
0
0
0
0
0
0
0
0
0
0
0
0
0
0
0
0
0
0
0
0
0
0
0
0
0
0
0
0
0
0
0
0
0
0
0
0
0
0
0
0
0
0
0
0
0
0
0
0
0
0
0
0
0
0
0
0
0
0
0
0
0
0
0
0
0
0
0
0
0
0
0
0
0
0
0
0
0
0
0
0
0
0
0
0
0
0
0
0
0
0
0
0
0
0
0
0
0
0
0
0
0
0
0
0
0
0
0
0
0
CKNB
0
119
62
31
0
66
163
161
43
0
66
163
161
43
0
66
163
161
43
0
66
163
161
43
0
66
163
161
43
0
66
163
161
43
0
242
289
289
55
138
280
389
327
117
176
344
377
391
105
240
341
433
388
165
237
165
326
376
103
69
165
326
376
103
69
131
326
342
103
35
101
295
250
72
35
35
255
184
72
35
35
123
151
60
35
35
123
151
60
35
35
123
151
60
35
35
123
151
60
35
35
123
151
60
35
35
123
151
60
35
35
123
151
60
35
35
123
151
60
35
WMB
0
3
0
3
0
0
403
0
403
0
110
403
110
403
0
110
403
110
403
0
110
595
117
403
0
110
595
117
403
0
275
595
120
403
0
308
595
153
403
33
317
729
162
537
0
393
729
238
537
76
362
1294
239
792
87
299
1178
176
676
63
299
1178
176
676
63
286
1175
163
673
11
286
1175
163
673
11
286
1175
163
673
11
176
775
53
273
11
176
775
53
273
11
176
583
53
273
11
176
583
46
273
11
176
583
46
273
11
11
583
43
273
11
11
583
43
273
11
11
583
43
273
11
LIB
0
0
0
0
0
0
0
0
0
0
0
0
0
0
0
0
0
0
0
0
0
0
0
0
0
0
0
0
0
0
0
0
0
0
0
0
0
0
0
0
0
0
0
0
0
0
0
0
0
0
0
0
0
0
0
0
0
0
0
0
0
0
0
0
0
0
0
0
0
0
0
0
0
0
0
0
0
0
0
0
0
0
0
0
0
0
0
0
0
0
0
0
0
0
0
0
0
0
0
0
0
0
0
0
0
0
0
0
0
0
0
0
0
0
0
0
0
0
0
0
M2A
0
0
0
0
0
0
0
0
0
0
0
0
0
0
0
0
0
0
0
0
0
0
0
0
0
0
0
0
0
0
0
0
0
0
0
0
0
0
0
0
0
0
0
0
0
0
0
0
0
0
0
0
0
0
0
0
0
0
0
0
0
0
0
0
0
0
0
0
0
0
0
0
0
0
0
0
0
0
0
0
0
0
0
0
0
0
0
0
0
0
0
0
0
0
0
0
0
0
0
0
0
0
0
0
0
0
0
0
0
0
0
0
0
0
0
0
0
0
0
0
M2Q
0
0
0
0
0
0
0
0
0
0
0
0
0
0
0
0
0
0
0
0
0
0
0
0
0
0
0
0
0
0
0
0
0
0
0
0
0
0
0
0
0
0
0
0
0
0
0
0
0
0
0
0
0
0
0
0
0
0
0
0
0
0
0
0
0
0
0
0
0
0
0
0
0
0
0
0
0
0
0
0
0
0
0
0
0
0
0
0
0
0
0
0
0
0
0
0
0
0
0
0
0
0
0
0
0
0
0
0
0
0
0
0
0
0
0
0
0
0
0
0
SCI
400
553
302
493
230
556
1208
474
1085
254
944
1266
847
1098
427
1220
1428
1079
1247
427
1220
1428
1079
1247
427
1291
1574
1187
1408
427
1291
1574
1187
1408
427
1710
2166
1713
2019
784
1856
2561
1862
2398
824
2475
2375
2476
2224
1427
2680
2550
2442
2408
1347
2346
2023
2216
1886
1198
2346
2023
2216
1886
1198
2052
2010
1973
1873
998
1509
1384
1469
1324
599
1223
1281
1218
1227
426
1109
760
1064
780
413
656
365
642
383
389
576
365
556
383
389
567
299
529
273
389
512
219
455
273
389
505
219
448
222
389
505
219
448
222
389
505
219
448
222
389
TLC
0
0
0
0
0
0
0
0
0
0
0
0
0
0
0
0
0
0
0
0
0
0
0
0
0
0
0
0
0
0
0
0
0
0
0
0
0
0
0
0
0
0
0
0
0
0
0
0
0
0
0
0
0
0
0
0
0
0
0
0
0
0
0
0
0
0
0
0
0
0
0
0
0
0
0
0
0
0
0
0
0
0
0
0
0
0
0
0
0
0
0
0
0
0
0
0
0
0
0
0
0
0
0
0
0
0
0
0
0
0
0
0
0
0
0
0
0
0
0
0
FSB
0
0
0
0
0
20
15
20
15
0
20
15
20
15
0
20
15
20
15
0
20
15
20
15
0
32
30
32
30
0
32
30
32
30
0
32
30
32
30
0
32
30
32
30
0
32
30
32
30
0
32
30
32
30
0
32
30
32
30
0
32
30
32
30
0
32
30
32
30
0
32
30
32
30
0
32
30
32
30
0
32
30
32
30
0
12
15
12
15
0
12
15
12
15
0
12
15
12
15
0
12
15
12
15
0
0
0
0
0
0
0
0
0
0
0
0
0
0
0
0
EHS
0
226
0
226
0
76
350
47
339
0
76
350
47
339
0
95
426
81
376
0
95
426
81
376
0
95
426
81
462
0
95
426
81
462
0
95
484
81
520
0
117
680
103
654
22
117
622
103
596
22
117
793
103
702
22
286
597
241
568
30
286
597
241
568
30
162
501
148
472
30
95
394
81
365
30
48
371
34
342
30
48
258
34
229
0
19
225
34
229
0
19
225
34
229
0
0
171
0
192
0
0
171
0
192
0
0
171
0
106
0
0
171
0
106
0
0
171
0
106
0
HONR
0
71
0
71
0
17
134
17
134
0
62
134
17
134
0
62
134
17
141
0
82
134
17
141
0
82
152
17
141
0
82
152
17
141
0
82
171
17
160
0
142
221
77
210
60
166
202
101
191
84
106
270
41
259
24
148
220
83
209
0
148
220
83
209
0
148
220
83
209
0
82
149
17
138
0
20
149
0
138
0
20
86
0
75
0
20
86
0
75
0
20
86
0
75
0
0
86
0
68
0
0
86
0
68
0
0
68
0
68
0
0
68
0
68
0
0
68
0
68
0
MC4
0
16
0
16
0
0
29
0
29
0
0
29
0
29
0
0
29
0
29
0
0
29
0
29
0
0
29
0
29
0
0
29
0
29
0
0
29
0
29
0
0
29
0
29
0
0
29
0
29
0
0
29
0
29
0
0
29
0
29
0
0
29
0
29
0
0
29
0
29
0
0
13
0
13
0
0
13
0
13
0
0
0
0
0
0
0
0
0
0
0
0
0
0
0
0
0
0
0
0
0
0
0
0
0
0
0
0
0
0
0
0
0
0
0
0
0
0
0
0
0
ALUM
0
0
0
0
0
0
0
0
0
0
0
0
0
0
0
0
0
0
0
0
0
0
0
0
0
0
0
0
0
0
0
0
0
0
0
0
0
0
0
0
0
0
0
0
0
0
0
0
0
0
0
0
0
0
0
0
0
0
0
0
0
0
0
0
0
0
0
0
0
0
0
0
0
0
0
0
0
0
0
0
0
0
0
0
0
0
0
0
0
0
0
0
0
0
0
0
0
0
0
0
0
0
0
0
0
0
0
0
0
0
0
0
0
0
0
0
0
0
0
0
GC
0
0
0
0
0
0
0
0
0
0
0
0
0
0
0
0
0
0
0
0
0
0
0
0
0
0
0
0
0
0
0
0
0
0
0
0
0
0
0
0
0
0
0
0
0
0
0
0
0
0
0
0
0
0
0
0
0
0
0
0
0
0
0
0
0
0
0
0
0
0
0
0
0
0
0
0
0
0
0
0
0
0
0
0
0
0
0
0
0
0
0
0
0
0
0
0
0
0
0
0
0
0
0
0
0
0
0
0
0
0
0
0
0
0
0
0
0
0
0
0
JH
0
9
0
9
0
7
17
0
9
0
7
17
0
9
0
7
17
0
9
0
7
17
0
9
0
15
17
0
9
0
15
17
0
9
0
15
17
0
9
0
15
17
0
9
0
15
17
0
9
0
15
17
0
20
0
24
17
9
20
0
24
17
9
20
0
24
17
9
20
0
15
8
0
11
0
15
8
0
11
0
15
8
0
11
0
8
0
0
11
0
8
0
0
11
0
8
0
0
11
0
8
0
0
11
0
0
0
0
11
0
0
0
0
11
0
0
0
0
11
0
MB
0
18
0
18
0
0
41
36
38
0
0
41
36
38
0
0
53
36
50
0
0
53
36
50
0
17
53
54
50
0
17
53
54
50
0
17
88
54
85
0
30
120
67
117
13
30
85
67
82
13
32
113
69
110
15
50
81
87
78
45
50
81
87
78
45
50
81
87
78
45
32
63
69
60
45
32
63
69
60
15
32
51
69
48
15
32
28
33
28
15
32
28
33
28
15
32
28
33
28
15
32
28
33
28
15
15
28
15
28
15
15
28
15
28
15
15
28
15
28
15
ALOF
0
0
0
0
0
0
0
0
0
0
0
0
0
0
0
0
0
0
0
0
0
0
0
0
0
0
0
0
0
0
0
0
0
0
0
0
0
0
0
0
0
0
0
0
0
0
0
0
0
0
0
0
0
0
0
0
0
0
0
0
0
0
0
0
0
0
0
0
0
0
0
0
0
0
0
0
0
0
0
0
0
0
0
0
0
0
0
0
0
0
0
0
0
0
0
0
0
0
0
0
0
0
0
0
0
0
0
0
0
0
0
0
0
0
0
0
0
0
0
0
M1A
0
0
0
0
0
0
0
0
0
0
0
0
0
0
0
0
0
0
0
0
0
0
0
0
0
0
0
0
0
0
0
0
0
0
0
0
0
0
0
0
0
0
0
0
0
0
0
0
0
0
0
0
0
0
0
0
0
0
0
0
0
0
0
0
0
0
0
0
0
0
0
0
0
0
0
0
0
0
0
0
0
0
0
0
0
0
0
0
0
0
0
0
0
0
0
0
0
0
0
0
0
0
0
0
0
0
0
0
0
0
0
0
0
0
0
0
0
0
0
0
HSC
0
31
0
31
0
0
59
0
46
0
0
59
0
46
0
7
59
0
46
0
7
59
0
46
0
7
59
0
46
0
7
59
0
46
0
7
85
0
72
0
7
118
0
72
0
58
92
0
46
0
58
92
0
46
0
79
65
10
46
0
79
65
10
46
0
79
65
10
46
0
58
34
0
15
0
58
34
0
15
0
58
6
0
0
0
58
6
0
0
0
58
6
0
0
0
51
6
0
0
0
51
6
0
0
0
51
6
0
0
0
51
6
0
0
0
51
6
0
0
0
MCK
0
0
0
0
0
0
0
0
0
0
0
0
0
0
0
10
0
0
0
0
10
0
0
0
0
10
0
0
0
0
10
0
0
0
0
10
0
0
0
0
10
0
0
0
0
10
0
0
0
0
10
0
0
0
0
10
0
0
0
0
10
0
0
0
0
10
0
0
0
0
10
0
0
0
0
10
0
0
0
0
10
0
0
0
0
10
0
0
0
0
10
0
0
0
0
0
0
0
0
0
0
0
0
0
0
0
0
0
0
0
0
0
0
0
0
0
0
0
0
0
FH
0
93
0
93
0
0
106
0
106
0
0
106
0
106
0
0
106
0
106
0
0
106
0
106
0
0
106
0
106
0
0
106
0
106
0
0
106
0
106
0
0
106
0
106
0
0
106
0
106
0
0
119
0
119
0
0
119
0
119
0
0
119
0
119
0
0
119
0
119
0
0
70
0
70
0
0
70
0
70
0
0
13
0
13
0
0
13
0
13
0
0
13
0
13
0
0
13
0
13
0
0
13
0
13
0
0
13
0
13
0
0
13
0
13
0
0
13
0
13
0
MEA
0
0
0
0
0
0
0
0
0
0
0
0
0
0
0
7
2
5
0
0
7
2
5
0
0
7
2
5
0
0
7
2
5
0
0
7
2
5
0
0
7
2
5
0
0
7
2
5
0
0
7
2
5
0
0
7
2
5
0
0
7
2
5
0
0
7
2
5
0
0
7
2
5
0
0
7
2
5
0
0
7
2
5
0
0
7
2
5
0
0
7
2
5
0
0
0
0
0
0
0
0
0
0
0
0
0
0
0
0
0
0
0
0
0
0
0
0
0
0
0
MBX
0
0
0
0
0
0
0
0
0
0
0
0
0
0
0
0
0
0
0
0
0
0
0
0
0
0
0
0
0
0
0
0
0
0
0
0
0
0
0
0
0
0
0
0
0
0
0
0
0
0
0
0
0
0
0
0
0
0
0
0
0
0
0
0
0
0
0
0
0
0
0
0
0
0
0
0
0
0
0
0
0
0
0
0
0
0
0
0
0
0
0
0
0
0
0
0
0
0
0
0
0
0
0
0
0
0
0
0
0
0
0
0
0
0
0
0
0
0
0
0
MEC
0
0
0
0
0
0
0
0
0
0
0
0
0
0
0
24
11
0
0
0
24
11
0
0
0
24
11
0
0
0
24
11
0
0
0
24
11
0
0
0
24
11
0
0
0
24
11
0
0
8
24
11
0
0
8
24
11
0
0
0
24
11
0
0
0
24
11
0
0
0
24
11
0
0
0
24
11
0
0
0
24
11
0
0
0
24
11
0
0
0
24
11
0
0
0
0
0
0
0
0
0
0
0
0
0
0
0
0
0
0
0
0
0
0
0
0
0
0
0
0
HC
0
14
0
14
0
15
40
19
40
0
15
40
19
40
0
15
40
19
40
0
15
40
19
40
0
15
40
19
40
0
15
40
19
40
0
15
69
19
69
0
15
83
19
83
0
15
54
19
54
0
15
80
19
80
0
35
66
39
66
0
35
66
39
66
0
35
66
39
66
0
15
52
19
52
0
15
52
19
52
0
15
26
19
26
0
0
26
0
26
0
0
26
0
26
0
0
26
0
26
0
0
26
0
26
0
0
26
0
26
0
0
26
0
26
0
0
26
0
26
0
M3D
0
0
0
0
0
0
0
0
0
0
0
0
0
0
0
0
0
0
0
0
0
0
0
0
0
0
0
0
0
0
0
0
0
0
0
0
0
0
0
0
0
0
0
0
0
0
0
0
0
0
0
0
0
0
0
0
0
0
0
0
0
0
0
0
0
0
0
0
0
0
0
0
0
0
0
0
0
0
0
0
0
0
0
0
0
0
0
0
0
0
0
0
0
0
0
0
0
0
0
0
0
0
0
0
0
0
0
0
0
0
0
0
0
0
0
0
0
0
0
0
WPS
0
0
18
0
8
10
150
28
150
27
35
150
52
150
51
35
150
52
150
51
35
150
52
150
51
35
168
52
150
51
35
168
52
150
51
61
264
175
246
145
94
330
208
312
157
97
355
207
340
157
129
381
286
366
272
170
326
279
302
226
170
326
279
302
226
170
254
279
230
211
129
195
127
180
108
119
195
117
180
89
94
140
117
125
89
94
45
93
30
65
94
45
93
30
65
94
45
93
30
65
94
45
93
30
65
94
27
93
30
65
94
27
93
30
65
94
27
93
30
65
PCS
0
0
0
0
0
0
0
0
0
0
0
0
0
0
0
0
0
0
0
0
0
0
0
0
0
0
0
0
0
0
0
0
0
0
0
0
0
0
0
0
0
0
0
0
0
0
0
0
0
0
0
0
0
0
0
0
0
0
0
0
0
0
0
0
0
0
0
0
0
0
0
0
0
0
0
0
0
0
0
0
0
0
0
0
0
0
0
0
0
0
0
0
0
0
0
0
0
0
0
0
0
0
0
0
0
0
0
0
0
0
0
0
0
0
0
0
0
0
0
0
JUB
0
49
0
49
0
11
86
11
86
0
11
86
11
86
0
20
86
20
86
0
20
86
20
86
0
20
86
20
86
0
20
86
20
86
0
20
115
20
115
0
74
174
74
174
54
92
145
92
145
72
80
176
80
176
60
104
117
104
117
67
104
117
104
117
67
79
117
79
117
42
62
68
62
68
42
51
68
51
68
42
51
31
51
31
42
42
31
42
31
42
42
31
42
31
42
42
31
42
31
42
42
31
42
31
42
42
31
42
31
42
42
31
42
31
42
42
31
42
31
42
M02
0
0
0
0
0
0
10
0
10
0
0
10
0
10
0
0
10
0
10
0
0
10
0
10
0
0
10
0
10
0
0
10
0
10
0
0
10
0
10
0
8
10
0
10
0
8
19
0
19
0
8
19
0
19
0
8
19
0
19
0
8
19
0
19
0
8
10
0
10
0
8
10
0
10
0
8
10
0
10
0
8
10
0
10
0
8
0
0
0
0
8
0
0
0
0
8
0
0
0
0
8
0
0
0
0
8
0
0
0
0
8
0
0
0
0
8
0
0
0
0
PH
30
847
30
847
30
694
1669
652
1630
42
694
1669
652
1630
42
1169
2113
1134
2113
42
1169
2122
1157
2113
42
1455
2365
1611
2363
42
1455
2377
1611
2363
42
1801
3006
2083
2980
388
2198
3815
2480
3789
785
2965
3189
3247
3175
1552
2810
3976
3092
3961
1397
2758
3167
3040
3152
746
2758
3167
3040
3152
746
2629
3155
2911
3140
617
2000
2308
2282
2293
587
1456
2308
1738
2293
575
1456
1648
1738
1633
575
878
1077
1212
1054
575
878
1077
1212
1054
575
802
941
1096
935
575
802
929
970
935
575
575
787
575
786
575
575
787
575
786
575
575
787
575
786
575
VA
0
0
0
0
0
0
0
0
0
0
0
0
0
0
0
0
0
0
0
0
0
0
0
0
0
0
0
0
0
0
0
0
0
0
0
0
0
0
0
0
0
0
0
0
0
0
0
0
0
0
0
0
0
0
0
0
0
0
0
0
0
0
0
0
0
0
0
0
0
0
0
0
0
0
0
0
0
0
0
0
0
0
0
0
0
0
0
0
0
0
0
0
0
0
0
0
0
0
0
0
0
0
0
0
0
0
0
0
0
0
0
0
0
0
0
0
0
0
0
0
TODD
0
51
0
51
0
222
298
222
298
0
222
298
222
298
0
222
298
222
298
0
222
298
222
298
0
239
369
237
369
0
239
369
237
369
0
250
582
392
582
155
352
715
494
715
257
425
697
567
697
330
419
1025
666
1025
429
434
697
537
697
212
434
697
537
697
212
434
697
537
697
212
346
468
344
468
107
265
468
263
468
107
265
362
263
362
107
124
221
122
221
107
124
221
122
221
107
124
189
122
189
107
124
189
122
189
107
107
150
107
150
107
107
150
107
150
107
107
150
107
150
107
TUCKER
0
0
0
0
0
5
0
0
0
0
5
0
0
0
0
5
0
0
0
0
5
0
0
0
0
5
0
0
0
0
5
0
0
0
0
5
0
0
0
0
5
140
0
0
0
5
140
0
0
0
5
140
0
0
0
5
0
0
0
0
5
0
0
0
0
5
0
0
0
0
5
0
0
0
0
5
0
0
0
0
5
0
0
0
0
0
0
0
0
0
0
0
0
0
0
0
0
0
0
0
0
0
0
0
0
0
0
0
0
0
0
0
0
0
0
0
0
0
0
0
UP
0
0
0
0
0
0
0
0
0
0
0
0
0
0
0
0
0
0
0
0
0
0
0
0
0
0
0
0
0
0
0
0
0
0
0
0
0
0
0
0
0
0
0
0
0
0
0
0
0
0
0
0
0
0
0
0
0
0
0
0
0
0
0
0
0
0
0
0
0
0
0
0
0
0
0
0
0
0
0
0
0
0
0
0
0
0
0
0
0
0
0
0
0
0
0
0
0
0
0
0
0
0
0
0
0
0
0
0
0
0
0
0
0
0
0
0
0
0
0
0
M2W
0
0
0
0
0
0
0
0
0
0
0
0
0
0
0
0
0
0
0
0
0
0
0
0
0
0
0
0
0
0
0
0
0
0
0
0
0
0
0
0
0
0
0
0
0
0
0
0
0
0
0
0
0
0
0
0
0
0
0
0
0
0
0
0
0
0
0
0
0
0
0
0
0
0
0
0
0
0
0
0
0
0
0
0
0
0
0
0
0
0
0
0
0
0
0
0
0
0
0
0
0
0
0
0
0
0
0
0
0
0
0
0
0
0
0
0
0
0
0
0
VET
0
0
0
0
0
16
41
16
16
0
16
41
16
16
0
28
77
16
52
0
28
77
16
52
0
28
102
16
52
0
28
102
16
52
0
61
203
21
139
21
66
270
42
206
26
101
195
77
131
43
63
202
51
138
17
115
121
67
71
17
115
121
67
71
17
115
121
67
71
17
99
121
51
71
17
63
105
51
55
17
47
80
35
55
17
47
44
35
19
17
47
44
35
19
17
35
44
35
19
17
35
44
35
19
17
35
29
35
19
17
35
19
35
19
17
35
19
35
19
17
AWS
0
18
0
18
0
0
36
0
36
0
15
36
15
36
0
15
51
15
51
0
15
51
15
51
0
15
51
15
51
0
15
51
15
51
0
51
51
51
51
36
51
69
51
69
36
51
69
51
69
36
15
69
15
69
0
47
69
47
69
32
47
69
47
69
32
47
69
47
69
32
15
69
15
69
0
15
69
15
69
0
15
51
15
51
0
15
33
15
33
0
0
33
0
33
0
0
18
0
18
0
0
18
0
18
0
0
18
0
18
0
0
18
0
18
0
0
18
0
18
0
MCJ
0
0
0
0
0
0
0
0
0
0
0
0
0
0
0
0
0
0
0
0
0
0
0
0
0
0
0
0
0
0
0
0
0
0
0
0
0
0
0
0
0
0
0
0
0
0
0
0
0
0
0
0
0
0
0
0
0
0
0
0
0
0
0
0
0
0
0
0
0
0
0
0
0
0
0
0
0
0
0
0
0
0
0
0
0
0
0
0
0
0
0
0
0
0
0
0
0
0
0
0
0
0
0
0
0
0
0
0
0
0
0
0
0
0
0
0
0
0
0
0
HOB
0
0
0
0
0
0
0
0
0
0
0
0
0
0
0
0
0
0
0
0
0
0
0
0
0
0
0
0
0
0
0
0
0
0
0
0
0
0
0
0
0
0
0
0
0
0
0
0
0
0
0
0
0
0
0
0
0
0
0
0
0
0
0
0
0
0
0
0
0
0
0
0
0
0
0
0
0
0
0
0
0
0
0
0
0
0
0
0
0
0
0
0
0
0
0
0
0
0
0
0
0
0
0
0
0
0
0
0
0
0
0
0
0
0
0
0
0
0
0
0
MGB
0
56
0
56
0
38
120
29
118
0
38
120
29
118
0
38
139
50
139
0
38
139
50
139
0
76
247
88
148
0
76
247
88
148
0
76
272
88
173
0
90
360
102
261
14
239
394
251
295
51
225
445
237
346
37
254
357
278
258
0
254
357
278
258
0
218
340
230
241
0
198
301
210
202
0
179
301
191
174
0
159
301
171
174
0
150
227
171
130
0
150
227
171
130
0
150
218
150
119
0
121
110
121
119
0
112
110
112
110
0
112
110
112
110
0
112
110
112
110
0
BRAGG
0
524
0
524
0
410
919
400
896
0
426
919
416
896
16
803
1090
815
1050
16
803
1090
815
1050
16
915
1168
912
1078
16
915
1168
912
1078
16
961
1477
958
1387
62
1327
2212
1360
2111
464
1744
1903
1777
1802
881
1883
2332
1916
2242
985
1882
1608
1915
1518
612
1882
1608
1915
1518
612
1858
1608
1891
1518
588
1466
1084
1499
994
588
1050
1084
1083
994
552
1050
689
1083
629
552
678
535
721
468
552
678
535
721
468
552
607
503
628
453
552
607
503
628
453
552
551
440
587
440
552
551
440
587
440
552
551
440
587
440
552
MC8
0
0
0
0
0
0
0
0
0
0
0
0
0
0
0
0
0
0
0
0
0
0
0
0
0
0
0
0
0
0
0
0
0
0
0
0
0
0
0
0
0
4
0
4
0
0
4
0
4
0
0
4
0
4
0
0
4
0
4
0
0
4
0
4
0
0
4
0
4
0
0
4
0
4
0
0
4
0
4
0
0
4
0
4
0
0
4
0
4
0
0
4
0
4
0
0
4
0
4
0
0
4
0
4
0
0
4
0
4
0
0
4
0
4
0
0
4
0
4
0
TBA
0
0
0
0
0
0
0
0
0
0
0
0
0
0
0
0
0
0
0
0
0
0
0
0
0
0
0
0
0
0
0
0
0
0
0
0
0
0
0
0
0
0
0
0
0
0
0
0
0
0
0
0
0
0
0
0
0
0
0
0
0
0
0
0
0
0
0
0
0
0
0
0
0
0
0
0
0
0
0
0
0
0
0
0
0
0
0
0
0
0
0
0
0
0
0
0
0
0
0
0
0
0
0
0
0
0
0
0
0
0
0
0
0
0
0
0
0
0
0
0
HMA
0
0
0
0
0
0
0
0
0
0
0
0
0
0
0
0
0
0
0
0
0
0
0
0
0
0
0
0
0
0
0
0
0
0
0
0
0
0
0
0
0
0
0
0
0
0
0
0
0
0
0
0
0
0
0
0
0
0
0
0
0
0
0
0
0
0
0
0
0
0
0
0
0
0
0
0
0
0
0
0
0
0
0
0
0
0
0
0
0
0
0
0
0
0
0
0
0
0
0
0
0
0
0
0
0
0
0
0
0
0
0
0
0
0
0
0
0
0
0
0
LRC
0
76
0
76
0
17
83
17
83
0
17
83
17
83
0
45
104
59
104
0
61
104
75
104
0
61
104
75
104
0
79
122
93
122
0
105
158
131
177
41
140
227
181
246
130
1379
227
1420
246
169
1357
762
1383
781
129
131
711
231
730
56
131
711
231
730
56
131
685
177
704
56
97
621
123
640
18
62
609
88
628
18
62
609
76
609
18
34
602
34
602
18
34
602
34
602
18
18
581
18
581
18
18
581
18
581
18
18
581
18
581
18
18
581
18
581
18
18
581
18
581
18
FAIR
0
0
0
0
0
0
0
0
0
0
0
0
0
0
0
0
0
0
0
0
0
0
0
0
0
0
0
0
0
0
0
0
0
0
0
5
5
4
2
0
5
5
4
2
0
5
5
4
2
0
5
5
4
2
0
7
9
8
6
0
7
9
8
6
0
7
9
8
6
0
7
9
8
6
0
7
9
8
6
0
5
5
4
2
0
5
5
4
2
0
5
5
4
2
0
5
5
4
2
0
5
5
4
2
0
5
5
4
2
0
5
5
4
2
0
5
5
4
2
0
