Rose
0.0365
0.0728
0.0365
0.0692
0.0399
0.0303
0.1456
0.0333
0.1420
0.0390
0.0478
0.1461
0.0496
0.1423
0.0346
0.1014
0.1605
0.1024
0.1559
0.0346
0.1024
0.1616
0.1032
0.1560
0.0346
0.1232
0.1704
0.1230
0.1651
0.0346
0.1253
0.1706
0.1233
0.1652
0.0346
0.1444
0.2360
0.1450
0.2199
0.0000
0.1604
0.2921
0.1616
0.2821
0.0544
0.2297
0.2667
0.2325
0.2536
0.1262
0.2298
0.3163
0.2317
0.3042
0.1261
0.2199
0.2741
0.2232
0.2550
0.0752
0.2199
0.2741
0.2232
0.2550
0.0752
0.1968
0.2708
0.2012
0.2510
0.0515
0.1542
0.1959
0.1541
0.1685
0.0253
0.1246
0.1903
0.1248
0.1673
0.0159
0.1214
0.1465
0.1210
0.1333
0.0126
0.0806
0.1259
0.0781
0.1080
0.0112
0.0789
0.1239
0.0765
0.1080
0.0112
0.0654
0.1119
0.0611
0.0970
0.0112
0.0625
0.1106
0.0553
0.0966
0.0112
0.0212
0.0932
0.0231
0.0768
0.0112
0.0212
0.0931
0.0231
0.0768
0.0112
0.0212
0.0931
0.0231
0.0768
0.0112
FairView
0.0365
0.0728
0.0365
0.0692
0.0399
0.0303
0.1456
0.0333
0.1420
0.0390
0.0478
0.1461
0.0496
0.1423
0.0346
0.1014
0.1605
0.1024
0.1559
0.0346
0.1024
0.1616
0.1032
0.1560
0.0346
0.1232
0.1704
0.1230
0.1651
0.0346
0.1253
0.1706
0.1233
0.1652
0.0346
0.1444
0.2360
0.1450
0.2199
0.0000
0.1604
0.2921
0.1616
0.2821
0.0544
0.2297
0.2667
0.2325
0.2536
0.1262
0.2298
0.3163
0.2317
0.3042
0.1261
0.2199
0.2741
0.2232
0.2550
0.0752
0.2199
0.2741
0.2232
0.2550
0.0752
0.1968
0.2708
0.2012
0.2510
0.0515
0.1542
0.1959
0.1541
0.1685
0.0253
0.1246
0.1903
0.1248
0.1673
0.0159
0.1214
0.1465
0.1210
0.1333
0.0126
0.0806
0.1259
0.0781
0.1080
0.0112
0.0789
0.1239
0.0765
0.1080
0.0112
0.0654
0.1119
0.0611
0.0970
0.0112
0.0625
0.1106
0.0553
0.0966
0.0112
0.0212
0.0932
0.0231
0.0768
0.0112
0.0212
0.0931
0.0231
0.0768
0.0112
0.0212
0.0931
0.0231
0.0768
0.0112
Bell
0.0365
0.0728
0.0365
0.0692
0.0399
0.0303
0.1456
0.0333
0.1420
0.0390
0.0478
0.1461
0.0496
0.1423
0.0346
0.1014
0.1605
0.1024
0.1559
0.0346
0.1024
0.1616
0.1032
0.1560
0.0346
0.1232
0.1704
0.1230
0.1651
0.0346
0.1253
0.1706
0.1233
0.1652
0.0346
0.1444
0.2360
0.1450
0.2199
0.0000
0.1604
0.2921
0.1616
0.2821
0.0544
0.2297
0.2667
0.2325
0.2536
0.1262
0.2298
0.3163
0.2317
0.3042
0.1261
0.2199
0.2741
0.2232
0.2550
0.0752
0.2199
0.2741
0.2232
0.2550
0.0752
0.1968
0.2708
0.2012
0.2510
0.0515
0.1542
0.1959
0.1541
0.1685
0.0253
0.1246
0.1903
0.1248
0.1673
0.0159
0.1214
0.1465
0.1210
0.1333
0.0126
0.0806
0.1259
0.0781
0.1080
0.0112
0.0789
0.1239
0.0765
0.1080
0.0112
0.0654
0.1119
0.0611
0.0970
0.0112
0.0625
0.1106
0.0553
0.0966
0.0112
0.0212
0.0932
0.0231
0.0768
0.0112
0.0212
0.0931
0.0231
0.0768
0.0112
0.0212
0.0931
0.0231
0.0768
0.0112
IngramN
0.0365
0.0728
0.0365
0.0692
0.0399
0.0303
0.1456
0.0333
0.1420
0.0390
0.0478
0.1461
0.0496
0.1423
0.0346
0.1014
0.1605
0.1024
0.1559
0.0346
0.1024
0.1616
0.1032
0.1560
0.0346
0.1232
0.1704
0.1230
0.1651
0.0346
0.1253
0.1706
0.1233
0.1652
0.0346
0.1444
0.2360
0.1450
0.2199
0.0000
0.1604
0.2921
0.1616
0.2821
0.0544
0.2297
0.2667
0.2325
0.2536
0.1262
0.2298
0.3163
0.2317
0.3042
0.1261
0.2199
0.2741
0.2232
0.2550
0.0752
0.2199
0.2741
0.2232
0.2550
0.0752
0.1968
0.2708
0.2012
0.2510
0.0515
0.1542
0.1959
0.1541
0.1685
0.0253
0.1246
0.1903
0.1248
0.1673
0.0159
0.1214
0.1465
0.1210
0.1333
0.0126
0.0806
0.1259
0.0781
0.1080
0.0112
0.0789
0.1239
0.0765
0.1080
0.0112
0.0654
0.1119
0.0611
0.0970
0.0112
0.0625
0.1106
0.0553
0.0966
0.0112
0.0212
0.0932
0.0231
0.0768
0.0112
0.0212
0.0931
0.0231
0.0768
0.0112
0.0212
0.0931
0.0231
0.0768
0.0112
IngramS
0.0365
0.0728
0.0365
0.0692
0.0399
0.0303
0.1456
0.0333
0.1420
0.0390
0.0478
0.1461
0.0496
0.1423
0.0346
0.1014
0.1605
0.1024
0.1559
0.0346
0.1024
0.1616
0.1032
0.1560
0.0346
0.1232
0.1704
0.1230
0.1651
0.0346
0.1253
0.1706
0.1233
0.1652
0.0346
0.1444
0.2360
0.1450
0.2199
0.0000
0.1604
0.2921
0.1616
0.2821
0.0544
0.2297
0.2667
0.2325
0.2536
0.1262
0.2298
0.3163
0.2317
0.3042
0.1261
0.2199
0.2741
0.2232
0.2550
0.0752
0.2199
0.2741
0.2232
0.2550
0.0752
0.1968
0.2708
0.2012
0.2510
0.0515
0.1542
0.1959
0.1541
0.1685
0.0253
0.1246
0.1903
0.1248
0.1673
0.0159
0.1214
0.1465
0.1210
0.1333
0.0126
0.0806
0.1259
0.0781
0.1080
0.0112
0.0789
0.1239
0.0765
0.1080
0.0112
0.0654
0.1119
0.0611
0.0970
0.0112
0.0625
0.1106
0.0553
0.0966
0.0112
0.0212
0.0932
0.0231
0.0768
0.0112
0.0212
0.0931
0.0231
0.0768
0.0112
0.0212
0.0931
0.0231
0.0768
0.0112
ParkingServ
0.0365
0.0728
0.0365
0.0692
0.0399
0.0303
0.1456
0.0333
0.1420
0.0390
0.0478
0.1461
0.0496
0.1423
0.0346
0.1014
0.1605
0.1024
0.1559
0.0346
0.1024
0.1616
0.1032
0.1560
0.0346
0.1232
0.1704
0.1230
0.1651
0.0346
0.1253
0.1706
0.1233
0.1652
0.0346
0.1444
0.2360
0.1450
0.2199
0.0000
0.1604
0.2921
0.1616
0.2821
0.0544
0.2297
0.2667
0.2325
0.2536
0.1262
0.2298
0.3163
0.2317
0.3042
0.1261
0.2199
0.2741
0.2232
0.2550
0.0752
0.2199
0.2741
0.2232
0.2550
0.0752
0.1968
0.2708
0.2012
0.2510
0.0515
0.1542
0.1959
0.1541
0.1685
0.0253
0.1246
0.1903
0.1248
0.1673
0.0159
0.1214
0.1465
0.1210
0.1333
0.0126
0.0806
0.1259
0.0781
0.1080
0.0112
0.0789
0.1239
0.0765
0.1080
0.0112
0.0654
0.1119
0.0611
0.0970
0.0112
0.0625
0.1106
0.0553
0.0966
0.0112
0.0212
0.0932
0.0231
0.0768
0.0112
0.0212
0.0931
0.0231
0.0768
0.0112
0.0212
0.0931
0.0231
0.0768
0.0112
MainSt
0.0365
0.0728
0.0365
0.0692
0.0399
0.0303
0.1456
0.0333
0.1420
0.0390
0.0478
0.1461
0.0496
0.1423
0.0346
0.1014
0.1605
0.1024
0.1559
0.0346
0.1024
0.1616
0.1032
0.1560
0.0346
0.1232
0.1704
0.1230
0.1651
0.0346
0.1253
0.1706
0.1233
0.1652
0.0346
0.1444
0.2360
0.1450
0.2199
0.0000
0.1604
0.2921
0.1616
0.2821
0.0544
0.2297
0.2667
0.2325
0.2536
0.1262
0.2298
0.3163
0.2317
0.3042
0.1261
0.2199
0.2741
0.2232
0.2550
0.0752
0.2199
0.2741
0.2232
0.2550
0.0752
0.1968
0.2708
0.2012
0.2510
0.0515
0.1542
0.1959
0.1541
0.1685
0.0253
0.1246
0.1903
0.1248
0.1673
0.0159
0.1214
0.1465
0.1210
0.1333
0.0126
0.0806
0.1259
0.0781
0.1080
0.0112
0.0789
0.1239
0.0765
0.1080
0.0112
0.0654
0.1119
0.0611
0.0970
0.0112
0.0625
0.1106
0.0553
0.0966
0.0112
0.0212
0.0932
0.0231
0.0768
0.0112
0.0212
0.0931
0.0231
0.0768
0.0112
0.0212
0.0931
0.0231
0.0768
0.0112
PublicSafety
0.0365
0.0728
0.0365
0.0692
0.0399
0.0303
0.1456
0.0333
0.1420
0.0390
0.0478
0.1461
0.0496
0.1423
0.0346
0.1014
0.1605
0.1024
0.1559
0.0346
0.1024
0.1616
0.1032
0.1560
0.0346
0.1232
0.1704
0.1230
0.1651
0.0346
0.1253
0.1706
0.1233
0.1652
0.0346
0.1444
0.2360
0.1450
0.2199
0.0000
0.1604
0.2921
0.1616
0.2821
0.0544
0.2297
0.2667
0.2325
0.2536
0.1262
0.2298
0.3163
0.2317
0.3042
0.1261
0.2199
0.2741
0.2232
0.2550
0.0752
0.2199
0.2741
0.2232
0.2550
0.0752
0.1968
0.2708
0.2012
0.2510
0.0515
0.1542
0.1959
0.1541
0.1685
0.0253
0.1246
0.1903
0.1248
0.1673
0.0159
0.1214
0.1465
0.1210
0.1333
0.0126
0.0806
0.1259
0.0781
0.1080
0.0112
0.0789
0.1239
0.0765
0.1080
0.0112
0.0654
0.1119
0.0611
0.0970
0.0112
0.0625
0.1106
0.0553
0.0966
0.0112
0.0212
0.0932
0.0231
0.0768
0.0112
0.0212
0.0931
0.0231
0.0768
0.0112
0.0212
0.0931
0.0231
0.0768
0.0112
CollegeHeights
0.0365
0.0728
0.0365
0.0692
0.0399
0.0303
0.1456
0.0333
0.1420
0.0390
0.0478
0.1461
0.0496
0.1423
0.0346
0.1014
0.1605
0.1024
0.1559
0.0346
0.1024
0.1616
0.1032
0.1560
0.0346
0.1232
0.1704
0.1230
0.1651
0.0346
0.1253
0.1706
0.1233
0.1652
0.0346
0.1444
0.2360
0.1450
0.2199
0.0000
0.1604
0.2921
0.1616
0.2821
0.0544
0.2297
0.2667
0.2325
0.2536
0.1262
0.2298
0.3163
0.2317
0.3042
0.1261
0.2199
0.2741
0.2232
0.2550
0.0752
0.2199
0.2741
0.2232
0.2550
0.0752
0.1968
0.2708
0.2012
0.2510
0.0515
0.1542
0.1959
0.1541
0.1685
0.0253
0.1246
0.1903
0.1248
0.1673
0.0159
0.1214
0.1465
0.1210
0.1333
0.0126
0.0806
0.1259
0.0781
0.1080
0.0112
0.0789
0.1239
0.0765
0.1080
0.0112
0.0654
0.1119
0.0611
0.0970
0.0112
0.0625
0.1106
0.0553
0.0966
0.0112
0.0212
0.0932
0.0231
0.0768
0.0112
0.0212
0.0931
0.0231
0.0768
0.0112
0.0212
0.0931
0.0231
0.0768
0.0112
SportsPlex
0.0365
0.0728
0.0365
0.0692
0.0399
0.0303
0.1456
0.0333
0.1420
0.0390
0.0478
0.1461
0.0496
0.1423
0.0346
0.1014
0.1605
0.1024
0.1559
0.0346
0.1024
0.1616
0.1032
0.1560
0.0346
0.1232
0.1704
0.1230
0.1651
0.0346
0.1253
0.1706
0.1233
0.1652
0.0346
0.1444
0.2360
0.1450
0.2199
0.0000
0.1604
0.2921
0.1616
0.2821
0.0544
0.2297
0.2667
0.2325
0.2536
0.1262
0.2298
0.3163
0.2317
0.3042
0.1261
0.2199
0.2741
0.2232
0.2550
0.0752
0.2199
0.2741
0.2232
0.2550
0.0752
0.1968
0.2708
0.2012
0.2510
0.0515
0.1542
0.1959
0.1541
0.1685
0.0253
0.1246
0.1903
0.1248
0.1673
0.0159
0.1214
0.1465
0.1210
0.1333
0.0126
0.0806
0.1259
0.0781
0.1080
0.0112
0.0789
0.1239
0.0765
0.1080
0.0112
0.0654
0.1119
0.0611
0.0970
0.0112
0.0625
0.1106
0.0553
0.0966
0.0112
0.0212
0.0932
0.0231
0.0768
0.0112
0.0212
0.0931
0.0231
0.0768
0.0112
0.0212
0.0931
0.0231
0.0768
0.0112
CityView
0.0365
0.0728
0.0365
0.0692
0.0399
0.0303
0.1456
0.0333
0.1420
0.0390
0.0478
0.1461
0.0496
0.1423
0.0346
0.1014
0.1605
0.1024
0.1559
0.0346
0.1024
0.1616
0.1032
0.1560
0.0346
0.1232
0.1704
0.1230
0.1651
0.0346
0.1253
0.1706
0.1233
0.1652
0.0346
0.1444
0.2360
0.1450
0.2199
0.0000
0.1604
0.2921
0.1616
0.2821
0.0544
0.2297
0.2667
0.2325
0.2536
0.1262
0.2298
0.3163
0.2317
0.3042
0.1261
0.2199
0.2741
0.2232
0.2550
0.0752
0.2199
0.2741
0.2232
0.2550
0.0752
0.1968
0.2708
0.2012
0.2510
0.0515
0.1542
0.1959
0.1541
0.1685
0.0253
0.1246
0.1903
0.1248
0.1673
0.0159
0.1214
0.1465
0.1210
0.1333
0.0126
0.0806
0.1259
0.0781
0.1080
0.0112
0.0789
0.1239
0.0765
0.1080
0.0112
0.0654
0.1119
0.0611
0.0970
0.0112
0.0625
0.1106
0.0553
0.0966
0.0112
0.0212
0.0932
0.0231
0.0768
0.0112
0.0212
0.0931
0.0231
0.0768
0.0112
0.0212
0.0931
0.0231
0.0768
0.0112
GreekRow
0.0365
0.0728
0.0365
0.0692
0.0399
0.0303
0.1456
0.0333
0.1420
0.0390
0.0478
0.1461
0.0496
0.1423
0.0346
0.1014
0.1605
0.1024
0.1559
0.0346
0.1024
0.1616
0.1032
0.1560
0.0346
0.1232
0.1704
0.1230
0.1651
0.0346
0.1253
0.1706
0.1233
0.1652
0.0346
0.1444
0.2360
0.1450
0.2199
0.0000
0.1604
0.2921
0.1616
0.2821
0.0544
0.2297
0.2667
0.2325
0.2536
0.1262
0.2298
0.3163
0.2317
0.3042
0.1261
0.2199
0.2741
0.2232
0.2550
0.0752
0.2199
0.2741
0.2232
0.2550
0.0752
0.1968
0.2708
0.2012
0.2510
0.0515
0.1542
0.1959
0.1541
0.1685
0.0253
0.1246
0.1903
0.1248
0.1673
0.0159
0.1214
0.1465
0.1210
0.1333
0.0126
0.0806
0.1259
0.0781
0.1080
0.0112
0.0789
0.1239
0.0765
0.1080
0.0112
0.0654
0.1119
0.0611
0.0970
0.0112
0.0625
0.1106
0.0553
0.0966
0.0112
0.0212
0.0932
0.0231
0.0768
0.0112
0.0212
0.0931
0.0231
0.0768
0.0112
0.0212
0.0931
0.0231
0.0768
0.0112
Rutherford
0.0365
0.0728
0.0365
0.0692
0.0399
0.0303
0.1456
0.0333
0.1420
0.0390
0.0478
0.1461
0.0496
0.1423
0.0346
0.1014
0.1605
0.1024
0.1559
0.0346
0.1024
0.1616
0.1032
0.1560
0.0346
0.1232
0.1704
0.1230
0.1651
0.0346
0.1253
0.1706
0.1233
0.1652
0.0346
0.1444
0.2360
0.1450
0.2199
0.0000
0.1604
0.2921
0.1616
0.2821
0.0544
0.2297
0.2667
0.2325
0.2536
0.1262
0.2298
0.3163
0.2317
0.3042
0.1261
0.2199
0.2741
0.2232
0.2550
0.0752
0.2199
0.2741
0.2232
0.2550
0.0752
0.1968
0.2708
0.2012
0.2510
0.0515
0.1542
0.1959
0.1541
0.1685
0.0253
0.1246
0.1903
0.1248
0.1673
0.0159
0.1214
0.1465
0.1210
0.1333
0.0126
0.0806
0.1259
0.0781
0.1080
0.0112
0.0789
0.1239
0.0765
0.1080
0.0112
0.0654
0.1119
0.0611
0.0970
0.0112
0.0625
0.1106
0.0553
0.0966
0.0112
0.0212
0.0932
0.0231
0.0768
0.0112
0.0212
0.0931
0.0231
0.0768
0.0112
0.0212
0.0931
0.0231
0.0768
0.0112
Softball
0.0365
0.0728
0.0365
0.0692
0.0399
0.0303
0.1456
0.0333
0.1420
0.0390
0.0478
0.1461
0.0496
0.1423
0.0346
0.1014
0.1605
0.1024
0.1559
0.0346
0.1024
0.1616
0.1032
0.1560
0.0346
0.1232
0.1704
0.1230
0.1651
0.0346
0.1253
0.1706
0.1233
0.1652
0.0346
0.1444
0.2360
0.1450
0.2199
0.0000
0.1604
0.2921
0.1616
0.2821
0.0544
0.2297
0.2667
0.2325
0.2536
0.1262
0.2298
0.3163
0.2317
0.3042
0.1261
0.2199
0.2741
0.2232
0.2550
0.0752
0.2199
0.2741
0.2232
0.2550
0.0752
0.1968
0.2708
0.2012
0.2510
0.0515
0.1542
0.1959
0.1541
0.1685
0.0253
0.1246
0.1903
0.1248
0.1673
0.0159
0.1214
0.1465
0.1210
0.1333
0.0126
0.0806
0.1259
0.0781
0.1080
0.0112
0.0789
0.1239
0.0765
0.1080
0.0112
0.0654
0.1119
0.0611
0.0970
0.0112
0.0625
0.1106
0.0553
0.0966
0.0112
0.0212
0.0932
0.0231
0.0768
0.0112
0.0212
0.0931
0.0231
0.0768
0.0112
0.0212
0.0931
0.0231
0.0768
0.0112
Ezell
0.0365
0.0728
0.0365
0.0692
0.0399
0.0303
0.1456
0.0333
0.1420
0.0390
0.0478
0.1461
0.0496
0.1423
0.0346
0.1014
0.1605
0.1024
0.1559
0.0346
0.1024
0.1616
0.1032
0.1560
0.0346
0.1232
0.1704
0.1230
0.1651
0.0346
0.1253
0.1706
0.1233
0.1652
0.0346
0.1444
0.2360
0.1450
0.2199
0.0000
0.1604
0.2921
0.1616
0.2821
0.0544
0.2297
0.2667
0.2325
0.2536
0.1262
0.2298
0.3163
0.2317
0.3042
0.1261
0.2199
0.2741
0.2232
0.2550
0.0752
0.2199
0.2741
0.2232
0.2550
0.0752
0.1968
0.2708
0.2012
0.2510
0.0515
0.1542
0.1959
0.1541
0.1685
0.0253
0.1246
0.1903
0.1248
0.1673
0.0159
0.1214
0.1465
0.1210
0.1333
0.0126
0.0806
0.1259
0.0781
0.1080
0.0112
0.0789
0.1239
0.0765
0.1080
0.0112
0.0654
0.1119
0.0611
0.0970
0.0112
0.0625
0.1106
0.0553
0.0966
0.0112
0.0212
0.0932
0.0231
0.0768
0.0112
0.0212
0.0931
0.0231
0.0768
0.0112
0.0212
0.0931
0.0231
0.0768
0.0112
MtsuBlvdG
0.0365
0.0728
0.0365
0.0692
0.0399
0.0303
0.1456
0.0333
0.1420
0.0390
0.0478
0.1461
0.0496
0.1423
0.0346
0.1014
0.1605
0.1024
0.1559
0.0346
0.1024
0.1616
0.1032
0.1560
0.0346
0.1232
0.1704
0.1230
0.1651
0.0346
0.1253
0.1706
0.1233
0.1652
0.0346
0.1444
0.2360
0.1450
0.2199
0.0000
0.1604
0.2921
0.1616
0.2821
0.0544
0.2297
0.2667
0.2325
0.2536
0.1262
0.2298
0.3163
0.2317
0.3042
0.1261
0.2199
0.2741
0.2232
0.2550
0.0752
0.2199
0.2741
0.2232
0.2550
0.0752
0.1968
0.2708
0.2012
0.2510
0.0515
0.1542
0.1959
0.1541
0.1685
0.0253
0.1246
0.1903
0.1248
0.1673
0.0159
0.1214
0.1465
0.1210
0.1333
0.0126
0.0806
0.1259
0.0781
0.1080
0.0112
0.0789
0.1239
0.0765
0.1080
0.0112
0.0654
0.1119
0.0611
0.0970
0.0112
0.0625
0.1106
0.0553
0.0966
0.0112
0.0212
0.0932
0.0231
0.0768
0.0112
0.0212
0.0931
0.0231
0.0768
0.0112
0.0212
0.0931
0.0231
0.0768
0.0112
Rec
0.0365
0.0728
0.0365
0.0692
0.0399
0.0303
0.1456
0.0333
0.1420
0.0390
0.0478
0.1461
0.0496
0.1423
0.0346
0.1014
0.1605
0.1024
0.1559
0.0346
0.1024
0.1616
0.1032
0.1560
0.0346
0.1232
0.1704
0.1230
0.1651
0.0346
0.1253
0.1706
0.1233
0.1652
0.0346
0.1444
0.2360
0.1450
0.2199
0.0000
0.1604
0.2921
0.1616
0.2821
0.0544
0.2297
0.2667
0.2325
0.2536
0.1262
0.2298
0.3163
0.2317
0.3042
0.1261
0.2199
0.2741
0.2232
0.2550
0.0752
0.2199
0.2741
0.2232
0.2550
0.0752
0.1968
0.2708
0.2012
0.2510
0.0515
0.1542
0.1959
0.1541
0.1685
0.0253
0.1246
0.1903
0.1248
0.1673
0.0159
0.1214
0.1465
0.1210
0.1333
0.0126
0.0806
0.1259
0.0781
0.1080
0.0112
0.0789
0.1239
0.0765
0.1080
0.0112
0.0654
0.1119
0.0611
0.0970
0.0112
0.0625
0.1106
0.0553
0.0966
0.0112
0.0212
0.0932
0.0231
0.0768
0.0112
0.0212
0.0931
0.0231
0.0768
0.0112
0.0212
0.0931
0.0231
0.0768
0.0112
Abernathy
0.0365
0.0728
0.0365
0.0692
0.0399
0.0303
0.1456
0.0333
0.1420
0.0390
0.0478
0.1461
0.0496
0.1423
0.0346
0.1014
0.1605
0.1024
0.1559
0.0346
0.1024
0.1616
0.1032
0.1560
0.0346
0.1232
0.1704
0.1230
0.1651
0.0346
0.1253
0.1706
0.1233
0.1652
0.0346
0.1444
0.2360
0.1450
0.2199
0.0000
0.1604
0.2921
0.1616
0.2821
0.0544
0.2297
0.2667
0.2325
0.2536
0.1262
0.2298
0.3163
0.2317
0.3042
0.1261
0.2199
0.2741
0.2232
0.2550
0.0752
0.2199
0.2741
0.2232
0.2550
0.0752
0.1968
0.2708
0.2012
0.2510
0.0515
0.1542
0.1959
0.1541
0.1685
0.0253
0.1246
0.1903
0.1248
0.1673
0.0159
0.1214
0.1465
0.1210
0.1333
0.0126
0.0806
0.1259
0.0781
0.1080
0.0112
0.0789
0.1239
0.0765
0.1080
0.0112
0.0654
0.1119
0.0611
0.0970
0.0112
0.0625
0.1106
0.0553
0.0966
0.0112
0.0212
0.0932
0.0231
0.0768
0.0112
0.0212
0.0931
0.0231
0.0768
0.0112
0.0212
0.0931
0.0231
0.0768
0.0112
MTSU
0.0365
0.0728
0.0365
0.0692
0.0399
0.0303
0.1456
0.0333
0.1420
0.0390
0.0478
0.1461
0.0496
0.1423
0.0346
0.1014
0.1605
0.1024
0.1559
0.0346
0.1024
0.1616
0.1032
0.1560
0.0346
0.1232
0.1704
0.1230
0.1651
0.0346
0.1253
0.1706
0.1233
0.1652
0.0346
0.1444
0.2360
0.1450
0.2199
0.0000
0.1604
0.2921
0.1616
0.2821
0.0544
0.2297
0.2667
0.2325
0.2536
0.1262
0.2298
0.3163
0.2317
0.3042
0.1261
0.2199
0.2741
0.2232
0.2550
0.0752
0.2199
0.2741
0.2232
0.2550
0.0752
0.1968
0.2708
0.2012
0.2510
0.0515
0.1542
0.1959
0.1541
0.1685
0.0253
0.1246
0.1903
0.1248
0.1673
0.0159
0.1214
0.1465
0.1210
0.1333
0.0126
0.0806
0.1259
0.0781
0.1080
0.0112
0.0789
0.1239
0.0765
0.1080
0.0112
0.0654
0.1119
0.0611
0.0970
0.0112
0.0625
0.1106
0.0553
0.0966
0.0112
0.0212
0.0932
0.0231
0.0768
0.0112
0.0212
0.0931
0.0231
0.0768
0.0112
0.0212
0.0931
0.0231
0.0768
0.0112
Highland
0.0365
0.0728
0.0365
0.0692
0.0399
0.0303
0.1456
0.0333
0.1420
0.0390
0.0478
0.1461
0.0496
0.1423
0.0346
0.1014
0.1605
0.1024
0.1559
0.0346
0.1024
0.1616
0.1032
0.1560
0.0346
0.1232
0.1704
0.1230
0.1651
0.0346
0.1253
0.1706
0.1233
0.1652
0.0346
0.1444
0.2360
0.1450
0.2199
0.0000
0.1604
0.2921
0.1616
0.2821
0.0544
0.2297
0.2667
0.2325
0.2536
0.1262
0.2298
0.3163
0.2317
0.3042
0.1261
0.2199
0.2741
0.2232
0.2550
0.0752
0.2199
0.2741
0.2232
0.2550
0.0752
0.1968
0.2708
0.2012
0.2510
0.0515
0.1542
0.1959
0.1541
0.1685
0.0253
0.1246
0.1903
0.1248
0.1673
0.0159
0.1214
0.1465
0.1210
0.1333
0.0126
0.0806
0.1259
0.0781
0.1080
0.0112
0.0789
0.1239
0.0765
0.1080
0.0112
0.0654
0.1119
0.0611
0.0970
0.0112
0.0625
0.1106
0.0553
0.0966
0.0112
0.0212
0.0932
0.0231
0.0768
0.0112
0.0212
0.0931
0.0231
0.0768
0.0112
0.0212
0.0931
0.0231
0.0768
0.0112
MEC
0.0365
0.0728
0.0365
0.0692
0.0399
0.0303
0.1456
0.0333
0.1420
0.0390
0.0478
0.1461
0.0496
0.1423
0.0346
0.1014
0.1605
0.1024
0.1559
0.0346
0.1024
0.1616
0.1032
0.1560
0.0346
0.1232
0.1704
0.1230
0.1651
0.0346
0.1253
0.1706
0.1233
0.1652
0.0346
0.1444
0.2360
0.1450
0.2199
0.0000
0.1604
0.2921
0.1616
0.2821
0.0544
0.2297
0.2667
0.2325
0.2536
0.1262
0.2298
0.3163
0.2317
0.3042
0.1261
0.2199
0.2741
0.2232
0.2550
0.0752
0.2199
0.2741
0.2232
0.2550
0.0752
0.1968
0.2708
0.2012
0.2510
0.0515
0.1542
0.1959
0.1541
0.1685
0.0253
0.1246
0.1903
0.1248
0.1673
0.0159
0.1214
0.1465
0.1210
0.1333
0.0126
0.0806
0.1259
0.0781
0.1080
0.0112
0.0789
0.1239
0.0765
0.1080
0.0112
0.0654
0.1119
0.0611
0.0970
0.0112
0.0625
0.1106
0.0553
0.0966
0.0112
0.0212
0.0932
0.0231
0.0768
0.0112
0.0212
0.0931
0.0231
0.0768
0.0112
0.0212
0.0931
0.0231
0.0768
0.0112
Jackson
0.0365
0.0728
0.0365
0.0692
0.0399
0.0303
0.1456
0.0333
0.1420
0.0390
0.0478
0.1461
0.0496
0.1423
0.0346
0.1014
0.1605
0.1024
0.1559
0.0346
0.1024
0.1616
0.1032
0.1560
0.0346
0.1232
0.1704
0.1230
0.1651
0.0346
0.1253
0.1706
0.1233
0.1652
0.0346
0.1444
0.2360
0.1450
0.2199
0.0000
0.1604
0.2921
0.1616
0.2821
0.0544
0.2297
0.2667
0.2325
0.2536
0.1262
0.2298
0.3163
0.2317
0.3042
0.1261
0.2199
0.2741
0.2232
0.2550
0.0752
0.2199
0.2741
0.2232
0.2550
0.0752
0.1968
0.2708
0.2012
0.2510
0.0515
0.1542
0.1959
0.1541
0.1685
0.0253
0.1246
0.1903
0.1248
0.1673
0.0159
0.1214
0.1465
0.1210
0.1333
0.0126
0.0806
0.1259
0.0781
0.1080
0.0112
0.0789
0.1239
0.0765
0.1080
0.0112
0.0654
0.1119
0.0611
0.0970
0.0112
0.0625
0.1106
0.0553
0.0966
0.0112
0.0212
0.0932
0.0231
0.0768
0.0112
0.0212
0.0931
0.0231
0.0768
0.0112
0.0212
0.0931
0.0231
0.0768
0.0112
Livestock
0.0365
0.0728
0.0365
0.0692
0.0399
0.0303
0.1456
0.0333
0.1420
0.0390
0.0478
0.1461
0.0496
0.1423
0.0346
0.1014
0.1605
0.1024
0.1559
0.0346
0.1024
0.1616
0.1032
0.1560
0.0346
0.1232
0.1704
0.1230
0.1651
0.0346
0.1253
0.1706
0.1233
0.1652
0.0346
0.1444
0.2360
0.1450
0.2199
0.0000
0.1604
0.2921
0.1616
0.2821
0.0544
0.2297
0.2667
0.2325
0.2536
0.1262
0.2298
0.3163
0.2317
0.3042
0.1261
0.2199
0.2741
0.2232
0.2550
0.0752
0.2199
0.2741
0.2232
0.2550
0.0752
0.1968
0.2708
0.2012
0.2510
0.0515
0.1542
0.1959
0.1541
0.1685
0.0253
0.1246
0.1903
0.1248
0.1673
0.0159
0.1214
0.1465
0.1210
0.1333
0.0126
0.0806
0.1259
0.0781
0.1080
0.0112
0.0789
0.1239
0.0765
0.1080
0.0112
0.0654
0.1119
0.0611
0.0970
0.0112
0.0625
0.1106
0.0553
0.0966
0.0112
0.0212
0.0932
0.0231
0.0768
0.0112
0.0212
0.0931
0.0231
0.0768
0.0112
0.0212
0.0931
0.0231
0.0768
0.0112
Greenhouse
0.0365
0.0728
0.0365
0.0692
0.0399
0.0303
0.1456
0.0333
0.1420
0.0390
0.0478
0.1461
0.0496
0.1423
0.0346
0.1014
0.1605
0.1024
0.1559
0.0346
0.1024
0.1616
0.1032
0.1560
0.0346
0.1232
0.1704
0.1230
0.1651
0.0346
0.1253
0.1706
0.1233
0.1652
0.0346
0.1444
0.2360
0.1450
0.2199
0.0000
0.1604
0.2921
0.1616
0.2821
0.0544
0.2297
0.2667
0.2325
0.2536
0.1262
0.2298
0.3163
0.2317
0.3042
0.1261
0.2199
0.2741
0.2232
0.2550
0.0752
0.2199
0.2741
0.2232
0.2550
0.0752
0.1968
0.2708
0.2012
0.2510
0.0515
0.1542
0.1959
0.1541
0.1685
0.0253
0.1246
0.1903
0.1248
0.1673
0.0159
0.1214
0.1465
0.1210
0.1333
0.0126
0.0806
0.1259
0.0781
0.1080
0.0112
0.0789
0.1239
0.0765
0.1080
0.0112
0.0654
0.1119
0.0611
0.0970
0.0112
0.0625
0.1106
0.0553
0.0966
0.0112
0.0212
0.0932
0.0231
0.0768
0.0112
0.0212
0.0931
0.0231
0.0768
0.0112
0.0212
0.0931
0.0231
0.0768
0.0112
ChampionWayG
0.0365
0.0728
0.0365
0.0692
0.0399
0.0303
0.1456
0.0333
0.1420
0.0390
0.0478
0.1461
0.0496
0.1423
0.0346
0.1014
0.1605
0.1024
0.1559
0.0346
0.1024
0.1616
0.1032
0.1560
0.0346
0.1232
0.1704
0.1230
0.1651
0.0346
0.1253
0.1706
0.1233
0.1652
0.0346
0.1444
0.2360
0.1450
0.2199
0.0000
0.1604
0.2921
0.1616
0.2821
0.0544
0.2297
0.2667
0.2325
0.2536
0.1262
0.2298
0.3163
0.2317
0.3042
0.1261
0.2199
0.2741
0.2232
0.2550
0.0752
0.2199
0.2741
0.2232
0.2550
0.0752
0.1968
0.2708
0.2012
0.2510
0.0515
0.1542
0.1959
0.1541
0.1685
0.0253
0.1246
0.1903
0.1248
0.1673
0.0159
0.1214
0.1465
0.1210
0.1333
0.0126
0.0806
0.1259
0.0781
0.1080
0.0112
0.0789
0.1239
0.0765
0.1080
0.0112
0.0654
0.1119
0.0611
0.0970
0.0112
0.0625
0.1106
0.0553
0.0966
0.0112
0.0212
0.0932
0.0231
0.0768
0.0112
0.0212
0.0931
0.0231
0.0768
0.0112
0.0212
0.0931
0.0231
0.0768
0.0112
Greenland
0.0365
0.0728
0.0365
0.0692
0.0399
0.0303
0.1456
0.0333
0.1420
0.0390
0.0478
0.1461
0.0496
0.1423
0.0346
0.1014
0.1605
0.1024
0.1559
0.0346
0.1024
0.1616
0.1032
0.1560
0.0346
0.1232
0.1704
0.1230
0.1651
0.0346
0.1253
0.1706
0.1233
0.1652
0.0346
0.1444
0.2360
0.1450
0.2199
0.0000
0.1604
0.2921
0.1616
0.2821
0.0544
0.2297
0.2667
0.2325
0.2536
0.1262
0.2298
0.3163
0.2317
0.3042
0.1261
0.2199
0.2741
0.2232
0.2550
0.0752
0.2199
0.2741
0.2232
0.2550
0.0752
0.1968
0.2708
0.2012
0.2510
0.0515
0.1542
0.1959
0.1541
0.1685
0.0253
0.1246
0.1903
0.1248
0.1673
0.0159
0.1214
0.1465
0.1210
0.1333
0.0126
0.0806
0.1259
0.0781
0.1080
0.0112
0.0789
0.1239
0.0765
0.1080
0.0112
0.0654
0.1119
0.0611
0.0970
0.0112
0.0625
0.1106
0.0553
0.0966
0.0112
0.0212
0.0932
0.0231
0.0768
0.0112
0.0212
0.0931
0.0231
0.0768
0.0112
0.0212
0.0931
0.0231
0.0768
0.0112
MiddleTN
0.0365
0.0728
0.0365
0.0692
0.0399
0.0303
0.1456
0.0333
0.1420
0.0390
0.0478
0.1461
0.0496
0.1423
0.0346
0.1014
0.1605
0.1024
0.1559
0.0346
0.1024
0.1616
0.1032
0.1560
0.0346
0.1232
0.1704
0.1230
0.1651
0.0346
0.1253
0.1706
0.1233
0.1652
0.0346
0.1444
0.2360
0.1450
0.2199
0.0000
0.1604
0.2921
0.1616
0.2821
0.0544
0.2297
0.2667
0.2325
0.2536
0.1262
0.2298
0.3163
0.2317
0.3042
0.1261
0.2199
0.2741
0.2232
0.2550
0.0752
0.2199
0.2741
0.2232
0.2550
0.0752
0.1968
0.2708
0.2012
0.2510
0.0515
0.1542
0.1959
0.1541
0.1685
0.0253
0.1246
0.1903
0.1248
0.1673
0.0159
0.1214
0.1465
0.1210
0.1333
0.0126
0.0806
0.1259
0.0781
0.1080
0.0112
0.0789
0.1239
0.0765
0.1080
0.0112
0.0654
0.1119
0.0611
0.0970
0.0112
0.0625
0.1106
0.0553
0.0966
0.0112
0.0212
0.0932
0.0231
0.0768
0.0112
0.0212
0.0931
0.0231
0.0768
0.0112
0.0212
0.0931
0.0231
0.0768
0.0112
